6 1 48 4
500 200
500 200
500 200
500 200
  1   -29.730    64.136  3.145 -12 1 4 1 2 4 8 100.285 104.093
  2   -30.664     5.463  3.002   8 1 4 1 2 4 8 112.018 115.574
  3    51.642     5.469  3.079 -16 1 4 1 2 4 8 726.058 729.503
  4   -13.171    69.336  3.117   5 1 4 1 2 4 8 488.209 491.824
  5   -67.413    68.323  2.913  12 1 4 1 2 4 8 418.183 421.745
  6    48.907     6.274  3.287   5 1 4 1 2 4 8 503.909 507.499
  7     5.243    22.260  3.428  13 1 4 1 2 4 8 636.741 640.251
  8   -65.002    77.234  3.423 -20 1 4 1 2 4 8 513.184 516.958
  9    -4.175    -1.569  2.871  13 1 4 1 2 4 8 343.752 347.394
 10    23.029    11.639  3.157  18 1 4 1 2 4 8 665.460 669.274
 11    25.482     6.287  3.278  -7 1 4 1 2 4 8 509.605 513.169
 12   -42.615   -26.392  3.341   6 1 4 1 2 4 8 659.336 663.022
 13   -76.672    99.341  3.404   9 1 4 1 2 4 8 357.206 360.870
 14   -20.673    57.892  3.090   9 1 4 1 2 4 8 802.359 806.165
 15   -52.039     6.567  3.209   4 1 4 1 2 4 8 331.471 334.976
 16   -41.376    50.824  2.975  25 1 4 1 2 4 8 232.957 236.696
 17   -91.943    27.588  3.376   5 1 4 1 2 4 8 765.791 769.311
 18   -65.118    30.212  3.065  17 1 4 1 2 4 8 519.911 523.396
 19    18.597    96.716  3.393   3 1 4 1 2 4 8 792.287 795.865
 20   -40.942    83.209  3.041  16 1 4 1 2 4 8 837.606 841.074
 21   -37.756   -33.325  3.358  25 1 4 1 2 4 8 195.474 199.132
 22    23.767    29.083  3.023  21 1 4 1 2 4 8 279.395 282.950
 23   -43.030    20.453  3.376  14 1 4 1 2 4 8 626.113 629.702
 24   -35.297   -24.896  2.954  19 1 4 1 2 4 8 354.643 358.457
 25   -54.755    14.368  3.159  14 1 4 1 2 4 8 440.826 444.520
 26   -49.329    33.374  3.258   6 1 4 1 2 4 8 231.635 235.399
 27    57.404    23.822  3.112  16 1 4 1 2 4 8 410.477 414.093
 28   -22.754    55.408  3.424   9 1 4 1 2 4 8 216.095 219.622
 29   -56.622    73.340  3.049 -20 1 4 1 2 4 8 602.477 606.278
 30   -38.562    -3.705  3.166  13 1 4 1 2 4 8 108.259 111.820
 31   -16.779    19.537  2.881 -10 1 4 1 2 4 8 44.055 47.502
 32   -11.560    11.615  2.892  16 1 4 1 2 4 8 653.753 657.379
 33   -46.545    97.974  2.921  19 1 4 1 2 4 8 635.200 638.713
 34    16.229     9.320  2.898  22 1 4 1 2 4 8 626.156 629.765
 35     1.294     7.349  2.979 -14 1 4 1 2 4 8 299.473 302.921
 36   -26.404    29.529  3.441  10 1 4 1 2 4 8 508.750 512.540
 37     4.352    14.685  3.391  11 1 4 1 2 4 8 774.917 778.438
 38   -50.665   -23.126  3.039  15 1 4 1 2 4 8 425.028 428.489
 39   -22.833    -9.814  3.039  13 1 4 1 2 4 8 68.553 72.025
 40   -71.100   -18.616  2.981  15 1 4 1 2 4 8 697.413 701.139
 41    -7.849    32.074  2.889   8 1 4 1 2 4 8 229.143 232.747
 42    11.877   -24.933  3.112  22 1 4 1 2 4 8 612.856 616.618
 43   -18.927   -23.730  3.310  24 1 4 1 2 4 8 689.960 693.610
 44   -11.920    11.755  2.905  -3 1 4 1 2 4 8 516.196 519.701
 45    29.840    11.633  3.314 -25 1 4 1 2 4 8 127.866 131.690
 46    12.268   -55.811  3.429  19 1 4 1 2 4 8 269.031 272.717
 47   -37.933   -21.613  3.386  21 1 4 1 2 4 8 725.252 728.900
 48    42.883    -2.966  3.347  10 1 4 1 2 4 8 768.714 772.362
 49     4.163    13.559 0.000   0 0 0 0.000 956.420
 50    21.387    17.105 0.000   0 0 0 0.000 956.420
 51   -36.118    49.097 0.000   0 0 0 0.000 956.420
 52   -31.201     0.235 0.000   0 0 0 0.000 956.420
