6 2 96 4
480 195
480 195
480 195
480 195
  1    33.588    30.750  2.929   4 1 4 1 2 4 8 100.967 104.391
  2    48.828    65.314  2.687  12 1 4 1 2 4 8 95.381 98.690
  3    86.176    59.344  2.909  -3 1 4 1 2 4 8 698.100 701.370
  4    39.270   -33.057  2.720  15 1 4 1 2 4 8 154.621 157.944
  5   -23.370    86.853  2.657  13 1 4 1 2 4 8 390.069 393.258
  6    48.132    95.593  3.133 -20 1 4 1 2 4 8 249.870 253.130
  7   -16.357    93.311  2.913  21 1 4 1 2 4 8 420.518 423.993
  8   -57.703   -65.601  2.707   4 1 4 1 2 4 8 256.235 259.419
  9     7.147    32.684  2.818  25 1 4 1 2 4 8 372.112 375.274
 10    42.950    68.701  3.053  21 1 4 1 2 4 8 614.848 618.116
 11    37.085    -2.112  2.808   7 1 4 1 2 4 8 644.453 647.813
 12    77.759    55.817  2.673   3 1 4 1 2 4 8 507.954 511.296
 13   -17.462   -56.567  2.870   9 1 4 1 2 4 8 236.446 239.752
 14    58.575    59.888  2.989  -5 1 4 1 2 4 8 118.338 121.690
 15    57.776    15.344  3.090  20 1 4 1 2 4 8 717.374 720.657
 16   -22.327    36.072  3.019  21 1 4 1 2 4 8 186.535 189.843
 17    -7.080    30.493  2.970  19 1 4 1 2 4 8 783.983 787.382
 18    55.658    60.425  2.813   2 1 4 1 2 4 8 372.888 376.334
 19   -14.307    11.456  2.898  16 1 4 1 2 4 8 471.201 474.637
 20   -29.724    24.268  2.793 -18 1 4 1 2 4 8 479.891 483.377
 21    43.219     0.739  3.071  24 1 4 1 2 4 8 538.922 542.326
 22    45.184    35.474  3.095  24 1 4 1 2 4 8 479.660 483.131
 23    64.484     2.240  3.028   8 1 4 1 2 4 8 407.968 411.152
 24    55.078    72.241  2.966  16 1 4 1 2 4 8 458.837 462.275
 25    16.925    15.741  2.834  19 1 4 1 2 4 8 701.203 704.540
 26    45.038    -3.723  2.849  12 1 4 1 2 4 8 207.470 210.706
 27   -76.782     5.939  2.808   9 1 4 1 2 4 8 243.827 247.275
 28    36.169     0.256  2.759   3 1 4 1 2 4 8 118.381 121.876
 29    29.218     8.936  2.866  15 1 4 1 2 4 8 358.328 361.529
 30    65.057     5.225  2.838  -4 1 4 1 2 4 8 237.818 241.087
 31    42.175   -22.284  2.830  24 1 4 1 2 4 8 616.149 619.480
 32    25.574    31.726  2.958  22 1 4 1 2 4 8 263.215 266.583
 33    31.561    37.262  2.941  14 1 4 1 2 4 8 736.186 739.443
 34    66.498   -54.169  2.944 -11 1 4 1 2 4 8 755.610 758.939
 35    46.576   -17.938  2.965  20 1 4 1 2 4 8 319.947 323.292
 36    65.063    40.875  3.098   5 1 4 1 2 4 8 587.369 590.825
 37    -2.716    24.768  2.775  11 1 4 1 2 4 8 488.335 491.812
 38   -40.002     3.870  2.832  12 1 4 1 2 4 8 585.473 588.771
 39   -73.505    57.043  2.692  -7 1 4 1 2 4 8 463.736 467.234
 40    81.146   -25.714  3.161   1 1 4 1 2 4 8 382.936 386.211
 41    12.006    -7.965  2.644  23 1 4 1 2 4 8 502.911 506.077
 42    42.761    38.092  2.897  13 1 4 1 2 4 8 241.909 245.161
 43     3.857   -23.181  2.831  -4 1 4 1 2 4 8 589.828 593.313
 44    -7.367    24.390  2.867  23 1 4 1 2 4 8 549.263 552.563
 45    35.944   -11.835  2.849 -17 1 4 1 2 4 8 401.619 405.019
 46    52.075     9.692  2.882  13 1 4 1 2 4 8 760.560 764.015
 47    30.725    30.701  3.022   9 1 4 1 2 4 8 154.901 158.282
 48    41.223    77.924  2.840  10 1 4 1 2 4 8 89.548 92.901
 49    68.884   -40.546  2.956  22 1 4 1 2 4 8 273.592 276.937
 50    76.312    86.670  2.692  21 1 4 1 2 4 8 523.180 526.642
 51    63.934    78.540  2.901  13 1 4 1 2 4 8 363.733 366.915
 52    29.150    -9.961  2.937  25 1 4 1 2 4 8 800.899 804.118
 53    85.522    39.954  2.720  -8 1 4 1 2 4 8 557.597 560.994
 54    31.775     3.870  2.935 -20 1 4 1 2 4 8 595.401 598.765
 55   -20.544    19.086  2.733   3 1 4 1 2 4 8 765.445 768.941
 56    55.353    43.817  2.951   4 1 4 1 2 4 8 105.066 108.295
 57    35.406    10.278  3.148  13 1 4 1 2 4 8 700.726 703.919
 58    25.464    -0.287  3.106  18 1 4 1 2 4 8 679.893 683.194
 59    12.396     0.244  3.012   1 1 4 1 2 4 8 256.020 259.464
 60    18.359    20.917  2.707  10 1 4 1 2 4 8 153.715 156.994
 61    27.960   -15.039  2.877  16 1 4 1 2 4 8 659.325 662.544
 62    -3.192    19.879  3.075   9 1 4 1 2 4 8 84.855 88.169
 63     9.332   -41.351  3.009  13 1 4 1 2 4 8 281.659 284.943
 64   -20.581    38.177  3.064  23 1 4 1 2 4 8 725.663 728.915
 65    27.820    28.729  2.952  14 1 4 1 2 4 8 36.635 39.948
 66    59.027    42.310  2.794   5 1 4 1 2 4 8 540.559 543.790
 67    56.311    58.734  3.055   1 1 4 1 2 4 8 438.325 441.557
 68   -51.654    -0.342  2.701   6 1 4 1 2 4 8 317.136 320.441
 69     2.576    32.721  2.837  20 1 4 1 2 4 8 128.034 131.359
 70    15.131    -3.046  3.103  10 1 4 1 2 4 8 369.175 372.537
 71    66.595    34.937  3.086  19 1 4 1 2 4 8 583.542 586.715
 72    19.476    20.142  2.854  24 1 4 1 2 4 8 670.072 673.376
 73    -1.172    20.648  3.151  -3 1 4 1 2 4 8 651.927 655.406
 74   -21.204    13.660  2.640   5 1 4 1 2 4 8 491.938 495.398
 75    98.846     1.257  2.838 -13 1 4 1 2 4 8 498.805 502.246
 76    82.593    72.003  3.060  -5 1 4 1 2 4 8 185.764 189.236
 77    30.017   -30.896  2.827  -4 1 4 1 2 4 8 410.392 413.601
 78    33.228    41.663  2.685 -12 1 4 1 2 4 8 802.633 805.797
 79    39.490    -8.539  2.896  11 1 4 1 2 4 8 810.828 814.021
 80    54.498    70.813  3.072  20 1 4 1 2 4 8 243.041 246.541
 81     3.058    10.248  2.675  13 1 4 1 2 4 8 811.477 814.908
 82    51.831   -16.870  2.844   1 1 4 1 2 4 8 212.355 215.763
 83    76.416    11.346  3.030   3 1 4 1 2 4 8 116.797 120.229
 84     5.243     0.238  2.869   2 1 4 1 2 4 8 544.597 547.828
 85    50.592    34.247  2.780 -23 1 4 1 2 4 8 197.374 200.829
 86    -5.231    -2.081  2.809   8 1 4 1 2 4 8 600.815 604.307
 87    24.194    25.836  2.717  25 1 4 1 2 4 8 151.094 154.484
 88    33.630    37.585  2.682  18 1 4 1 2 4 8 249.186 252.689
 89    31.445    -7.001  2.830   4 1 4 1 2 4 8 75.776 79.078
 90    30.707   -28.168  2.774  -5 1 4 1 2 4 8 666.665 670.056
 91    49.860     1.038  3.150  21 1 4 1 2 4 8 178.896 182.171
 92   -35.767    14.142  2.655 -23 1 4 1 2 4 8 712.220 715.592
 93   -29.309     4.889  3.161  19 1 4 1 2 4 8 711.060 714.280
 94    19.049    41.974  2.713   2 1 4 1 2 4 8 576.411 579.604
 95    27.600    13.934  2.786  21 1 4 1 2 4 8 361.133 364.393
 96    52.832    50.684  2.789  10 1 4 1 2 4 8 623.731 627.129
 97     6.229    10.590 0.000   0 0 0 0.000 878.140
 98    32.663    44.730 0.000   0 0 0 0.000 878.140
 99    48.807    48.792 0.000   0 0 0 0.000 878.140
100    33.179    -4.968 0.000   0 0 0 0.000 878.140
