6 3 144 4
460 190
460 190
460 190
460 190
  1   -55.280   -24.371  3.151   9 1 4 1 2 4 8 574.741 578.428
  2   -48.297    53.314  3.082  22 1 4 1 2 4 8 367.857 371.544
  3   -49.072   -38.489  3.242  10 1 4 1 2 4 8 474.129 477.543
  4    25.311   -18.561  3.024  24 1 4 1 2 4 8 821.148 824.762
  5   -24.469    -3.815  3.068  25 1 4 1 2 4 8 688.796 692.423
  6    24.591   -17.896  2.859   6 1 4 1 2 4 8 96.766 100.370
  7   -10.419    60.364  3.221 -22 1 4 1 2 4 8 120.644 124.072
  8    38.177   -35.175  3.083   1 1 4 1 2 4 8 170.575 174.170
  9   -68.280    93.073  3.262 -19 1 4 1 2 4 8 543.470 547.053
 10   -30.792   -57.336  2.907  19 1 4 1 2 4 8 748.502 752.213
 11   -37.061   -12.122  3.356  -5 1 4 1 2 4 8 131.278 134.809
 12   -15.741   -47.638  3.285   9 1 4 1 2 4 8 833.121 836.761
 13   -63.379   -22.919  3.299  -8 1 4 1 2 4 8 506.045 509.728
 14   -43.109   -43.439  2.927  14 1 4 1 2 4 8 795.160 798.886
 15   -25.623    13.599  3.212   4 1 4 1 2 4 8 195.518 199.172
 16    -2.625    16.632  3.338   7 1 4 1 2 4 8 801.386 804.967
 17   -41.577   -28.497  3.160 -10 1 4 1 2 4 8 335.159 338.760
 18     2.081    12.885  2.866  22 1 4 1 2 4 8 724.488 728.017
 19     3.925   -47.845  3.015 -17 1 4 1 2 4 8 333.884 337.340
 20   -83.295    26.324  2.900  10 1 4 1 2 4 8 231.304 234.817
 21    -6.458    26.355  3.010   8 1 4 1 2 4 8 581.026 584.707
 22     3.290     6.732  3.156  14 1 4 1 2 4 8 466.588 470.337
 23   -34.869    30.426  2.864 -12 1 4 1 2 4 8 621.154 624.589
 24    15.546   -36.273  3.108  17 1 4 1 2 4 8 733.504 736.961
 25    12.842     5.127  3.087  19 1 4 1 2 4 8 349.055 352.645
 26   -48.450   -24.426  3.241  25 1 4 1 2 4 8 615.492 618.965
 27   -88.538   -10.461  2.845  25 1 4 1 2 4 8 517.830 521.528
 28   -29.773     0.995  3.055   6 1 4 1 2 4 8 577.194 580.938
 29     9.827    38.416  2.876  21 1 4 1 2 4 8 657.427 660.981
 30     1.410    92.938  3.104   3 1 4 1 2 4 8 479.667 483.159
 31   -79.303    15.381  2.838  19 1 4 1 2 4 8 764.547 768.030
 32   -30.652    40.063  3.348 -16 1 4 1 2 4 8 176.395 180.080
 33    18.927    21.637  3.222  21 1 4 1 2 4 8 273.367 276.848
 34    45.087   -59.906  2.886  17 1 4 1 2 4 8 363.461 367.183
 35   -34.949    -3.815  3.034  19 1 4 1 2 4 8 280.074 283.584
 36    81.201   -74.744  3.044   6 1 4 1 2 4 8 507.298 510.865
 37    15.594   -28.455  2.868 -10 1 4 1 2 4 8 643.492 647.136
 38   -72.192    29.547  3.182  22 1 4 1 2 4 8 573.634 577.072
 39   -42.914   -22.675  3.055  17 1 4 1 2 4 8 71.143 74.892
 40   -76.392   -57.489  3.327  16 1 4 1 2 4 8 685.325 688.853
 41   -28.540    12.073  3.187  -5 1 4 1 2 4 8 766.252 769.857
 42   -61.389    26.526  2.981   1 1 4 1 2 4 8 548.334 552.029
 43    -8.472    12.616  2.858  21 1 4 1 2 4 8 316.860 320.235
 44   -61.475    33.392  2.985  20 1 4 1 2 4 8 275.463 279.103
 45   -34.674   -27.588  2.868   6 1 4 1 2 4 8 654.991 658.648
 46    10.315   -12.518  2.829   1 1 4 1 2 4 8 410.349 413.868
 47   -83.014    77.002  3.267  11 1 4 1 2 4 8 675.197 678.946
 48   -40.417    49.988  3.132  22 1 4 1 2 4 8 820.830 824.234
 49    83.832    33.905  3.233  25 1 4 1 2 4 8 549.997 553.710
 50   -20.563   -75.830  3.260 -18 1 4 1 2 4 8 366.228 369.651
 51    15.442   -18.719  3.259   9 1 4 1 2 4 8 217.063 220.811
 52   -59.937   -65.802  2.928 -23 1 4 1 2 4 8 751.231 754.920
 53     5.151    47.815  2.824  17 1 4 1 2 4 8 390.469 394.005
 54    46.008    14.990  3.103  -4 1 4 1 2 4 8 463.953 467.520
 55    82.977    -1.660  3.015   1 1 4 1 2 4 8 348.734 352.303
 56    39.893   -38.916  2.917 -14 1 4 1 2 4 8 738.019 741.496
 57    90.839   -83.539  3.211  11 1 4 1 2 4 8 526.561 530.127
 58     7.068     0.067  3.012   7 1 4 1 2 4 8 446.142 449.788
 59    18.958    40.088  2.890  21 1 4 1 2 4 8 682.588 686.062
 60   -80.487    58.209  2.919   3 1 4 1 2 4 8 301.176 304.743
 61    64.459   -62.946  3.052  18 1 4 1 2 4 8 486.103 489.731
 62   -43.616   -26.117  3.201   5 1 4 1 2 4 8 717.086 720.671
 63   -18.408    10.303  3.288   6 1 4 1 2 4 8 852.995 856.541
 64   -43.921    63.251  3.170  22 1 4 1 2 4 8 422.050 425.735
 65    11.353    26.221  3.244  13 1 4 1 2 4 8 621.434 625.184
 66    -6.995    38.239  2.885  17 1 4 1 2 4 8 748.103 751.727
 67    74.084   -34.216  3.076  -5 1 4 1 2 4 8 163.652 167.288
 68    14.301    -0.800  3.249  -7 1 4 1 2 4 8 595.745 599.438
 69   -94.141   -48.779  3.295   1 1 4 1 2 4 8 630.531 634.098
 70    15.332   -42.169  2.926   3 1 4 1 2 4 8 235.218 238.660
 71   -46.637   -16.461  3.057  10 1 4 1 2 4 8 600.858 604.325
 72    -0.958   -81.000  2.987   5 1 4 1 2 4 8 200.310 203.999
 73   -37.445   -42.505  3.362   1 1 4 1 2 4 8 161.542 164.976
 74    -3.680   -69.073  2.859  17 1 4 1 2 4 8 615.385 618.860
 75    34.894   -20.898  3.077  14 1 4 1 2 4 8 687.402 690.779
 76    45.544    51.410  2.860   4 1 4 1 2 4 8 506.210 509.645
 77   -31.927    88.239  3.226  10 1 4 1 2 4 8 150.770 154.186
 78   -13.580   -26.959  3.044 -25 1 4 1 2 4 8 690.547 693.996
 79    12.653   -48.340  2.908  11 1 4 1 2 4 8 396.579 400.047
 80   -46.179   -38.269  3.317  16 1 4 1 2 4 8 627.729 631.325
 81   -29.620    35.083  3.347 -25 1 4 1 2 4 8 812.250 815.900
 82    13.696    43.988  3.186  20 1 4 1 2 4 8 650.206 653.618
 83    38.342   -46.338  3.105   3 1 4 1 2 4 8 366.959 370.497
 84   -26.227    24.506  2.831  -7 1 4 1 2 4 8 456.146 459.568
 85    90.009   -43.640  3.342   2 1 4 1 2 4 8 680.236 683.771
 86    -6.995    22.522  3.322   6 1 4 1 2 4 8 650.425 654.144
 87   -29.993   -28.851  3.104  14 1 4 1 2 4 8 208.203 211.853
 88   -56.268   -64.740  3.057  14 1 4 1 2 4 8 139.491 143.185
 89   -87.415    90.796  2.955   2 1 4 1 2 4 8 411.820 415.301
 90    -5.762    54.034  3.090 -15 1 4 1 2 4 8 590.663 594.119
 91   -34.845   -27.185  3.337  22 1 4 1 2 4 8 809.417 813.028
 92   -16.479    16.180  3.189   4 1 4 1 2 4 8 265.072 268.770
 93    23.712    29.492  3.005  22 1 4 1 2 4 8 421.324 424.837
 94   -40.991    46.594  2.966 -19 1 4 1 2 4 8 790.010 793.475
 95   -53.516   -21.619  3.175   5 1 4 1 2 4 8 298.660 302.051
 96   -17.560    37.494  3.145  10 1 4 1 2 4 8 852.323 856.007
 97   -37.311    56.836  3.111  -4 1 4 1 2 4 8 340.880 344.404
 98    71.515    22.510  3.298   7 1 4 1 2 4 8 586.653 590.337
 99   -41.864    27.710  3.337  11 1 4 1 2 4 8 745.694 749.198
100    14.819   -82.117  3.208  14 1 4 1 2 4 8 399.781 403.231
101    30.316   -55.322  3.180   2 1 4 1 2 4 8 804.644 808.079
102   -39.172    47.998  3.250  12 1 4 1 2 4 8 455.011 458.743
103   -94.415    15.192  3.232  12 1 4 1 2 4 8 447.520 451.170
104    -7.806    11.273  3.099  24 1 4 1 2 4 8 591.301 595.003
105    28.571   -49.908  3.149   8 1 4 1 2 4 8 339.652 343.237
106   -20.654    24.554  2.815   4 1 4 1 2 4 8 248.415 252.007
107   -30.963   -18.903  2.853  25 1 4 1 2 4 8 299.286 302.905
108     1.721   -20.447  3.181   6 1 4 1 2 4 8 137.242 140.904
109   -31.012   -21.106  3.078  -9 1 4 1 2 4 8 504.753 508.259
110   -85.718   -28.015  3.147  23 1 4 1 2 4 8 281.757 285.280
111    58.826   -63.043  3.206 -15 1 4 1 2 4 8 200.296 203.774
112   -15.753   -52.686  3.136   7 1 4 1 2 4 8 574.542 577.985
113   -71.661    51.184  3.238   6 1 4 1 2 4 8 778.548 782.267
114   -92.633    -6.598  3.022  -5 1 4 1 2 4 8 543.399 546.985
115    33.508   -49.255  3.293  12 1 4 1 2 4 8 405.229 408.855
116    59.314    54.095  3.208   3 1 4 1 2 4 8 712.277 715.948
117    30.737   -28.436  2.925  22 1 4 1 2 4 8 196.256 199.702
118   -55.896    18.457  2.870  18 1 4 1 2 4 8 535.647 539.045
119   -89.960   -39.532  3.072  16 1 4 1 2 4 8 502.642 506.106
120    36.438    20.819  3.074   5 1 4 1 2 4 8 785.778 789.204
121   -53.674   -56.427  3.057  -1 1 4 1 2 4 8 480.977 484.658
122   -31.866    32.538  3.307   8 1 4 1 2 4 8 683.421 686.884
123     5.658    12.756  3.191  20 1 4 1 2 4 8 767.238 770.874
124   -52.905    42.804  3.153 -17 1 4 1 2 4 8 287.372 290.924
125    47.131   -45.465  3.122  11 1 4 1 2 4 8 132.244 135.813
126    30.792     9.869  3.160   8 1 4 1 2 4 8 802.629 806.351
127   -45.209   -56.293  2.928  15 1 4 1 2 4 8 318.691 322.216
128    10.919    13.306  2.980  16 1 4 1 2 4 8 669.249 672.991
129   -32.990   -34.003  3.165   6 1 4 1 2 4 8 377.356 380.832
130   -40.869    30.579  3.256  24 1 4 1 2 4 8 783.033 786.574
131   -69.348    80.408  2.923  10 1 4 1 2 4 8 264.866 268.558
132   -58.966   -29.541  3.273   4 1 4 1 2 4 8 825.961 829.349
133   -36.847   -33.710  3.051  10 1 4 1 2 4 8 338.681 342.176
134   -21.820    65.369  2.891  17 1 4 1 2 4 8 601.554 605.004
135    22.980   -41.010  2.828   5 1 4 1 2 4 8 735.523 739.233
136   -77.557    59.814  2.844  14 1 4 1 2 4 8 768.198 771.764
137   -47.205    67.725  3.007  16 1 4 1 2 4 8 466.254 469.721
138   -21.606    35.168  3.373  11 1 4 1 2 4 8 664.255 667.884
139   -55.676   -31.384  3.270  25 1 4 1 2 4 8 291.473 295.204
140   -85.229    88.788  2.880   4 1 4 1 2 4 8 763.902 767.640
141    -3.918   -63.525  3.116  12 1 4 1 2 4 8 269.413 272.847
142   -58.557    59.375  3.152 -19 1 4 1 2 4 8 747.196 750.769
143   -24.542    14.935  2.923   6 1 4 1 2 4 8 203.176 206.700
144   -48.779    16.968  3.290  23 1 4 1 2 4 8 552.343 555.988
145   -40.082   -24.780 0.000   0 0 0 0.000 937.440
146    24.292   -27.704 0.000   0 0 0 0.000 937.440
147   -45.877    41.092 0.000   0 0 0 0.000 937.440
148   -11.896    15.875 0.000   0 0 0 0.000 937.440
