6 4 192 4
440 185
440 185
440 185
440 185
  1   -44.629   -55.640  3.282  11 1 4 1 2 4 8 555.420 559.059
  2    36.096    64.935  3.146  11 1 4 1 2 4 8 477.454 481.278
  3   -25.470    44.580  3.171  23 1 4 1 2 4 8 105.504 109.316
  4   -33.954   -73.059  3.117  16 1 4 1 2 4 8 250.246 253.739
  5    45.654    35.730  3.314 -16 1 4 1 2 4 8 624.921 628.754
  6    14.954   -36.719  3.425   2 1 4 1 2 4 8 430.469 434.034
  7    -1.477    47.205  3.362   1 1 4 1 2 4 8 621.385 624.984
  8     2.155   -40.912  2.919  25 1 4 1 2 4 8 245.065 248.904
  9    22.992     1.398  2.972 -24 1 4 1 2 4 8 67.953 71.530
 10   -28.857     5.957  2.898  14 1 4 1 2 4 8 74.159 77.955
 11   -48.120    94.116  2.962   6 1 4 1 2 4 8 642.373 645.895
 12     7.239    17.322  2.957  20 1 4 1 2 4 8 725.957 729.466
 13     4.614    27.051  3.339  10 1 4 1 2 4 8 239.421 242.983
 14   -13.971    28.198  2.982  11 1 4 1 2 4 8 225.644 229.345
 15    12.946   -11.688  3.334   2 1 4 1 2 4 8 90.897 94.697
 16   -36.670    23.102  3.221 -22 1 4 1 2 4 8 616.989 620.589
 17    -4.224   -49.310  3.132  -2 1 4 1 2 4 8 789.826 793.645
 18     1.093    -7.135  3.450  12 1 4 1 2 4 8 103.525 107.319
 19   -56.958    27.905  2.963  -9 1 4 1 2 4 8 711.688 715.367
 20   -80.994   -77.686  3.108  21 1 4 1 2 4 8 712.359 715.959
 21    72.260    59.027  3.062  10 1 4 1 2 4 8 392.439 395.983
 22   -21.655     1.636  3.460  13 1 4 1 2 4 8 639.464 643.244
 23   -20.154   -62.415  3.313  25 1 4 1 2 4 8 331.799 335.459
 24   -48.157     6.287  3.100  -9 1 4 1 2 4 8 698.209 701.812
 25    -5.078    61.597  3.321  19 1 4 1 2 4 8 660.812 664.336
 26    17.145   -47.046  3.418  22 1 4 1 2 4 8 535.180 538.811
 27   -16.064     8.557  3.146   4 1 4 1 2 4 8 755.402 758.981
 28     6.683   -27.069  3.033   4 1 4 1 2 4 8 95.311 99.105
 29    15.027   -34.979  3.356   7 1 4 1 2 4 8 327.869 331.572
 30    37.946    73.914  2.976  20 1 4 1 2 4 8 759.586 763.091
 31   -41.199   -43.018  3.073  17 1 4 1 2 4 8 813.521 817.031
 32    32.538    11.786  3.311 -19 1 4 1 2 4 8 564.985 568.727
 33   -20.306   -20.239  3.099  12 1 4 1 2 4 8 752.090 755.932
 34   -35.480    19.135  3.334  -2 1 4 1 2 4 8 744.547 748.321
 35    58.038    56.659  3.242  13 1 4 1 2 4 8 832.606 836.416
 36   -36.694    -6.256  3.275  24 1 4 1 2 4 8 593.168 596.718
 37     0.446   -46.735  3.079  22 1 4 1 2 4 8 222.845 226.423
 38   -19.690    38.977  3.304  17 1 4 1 2 4 8 273.732 277.420
 39   -47.339    20.911  2.940 -19 1 4 1 2 4 8 510.060 513.900
 40   -79.236   -57.678  2.988   4 1 4 1 2 4 8 439.916 443.523
 41     5.597   -34.076  2.992  12 1 4 1 2 4 8 535.130 538.731
 42    34.454    -8.289  3.459  22 1 4 1 2 4 8 482.069 485.705
 43    18.500   -51.154  3.375   2 1 4 1 2 4 8 251.462 254.969
 44    -4.346   -44.525  3.447  19 1 4 1 2 4 8 281.689 285.544
 45   -14.148   -74.164  3.096   3 1 4 1 2 4 8 594.788 598.423
 46    19.867    77.515  3.330   5 1 4 1 2 4 8 433.247 436.760
 47   -50.079    17.871  3.164  22 1 4 1 2 4 8 124.085 127.574
 48    42.786   -79.883  2.959   6 1 4 1 2 4 8 387.048 390.804
 49     1.520   -29.034  3.207   9 1 4 1 2 4 8 219.288 222.877
 50    14.728    -3.436  3.400   8 1 4 1 2 4 8 872.139 875.900
 51   -26.166   -48.999  2.999  24 1 4 1 2 4 8 458.313 461.952
 52   -63.873    -5.273  3.195  15 1 4 1 2 4 8 599.740 603.469
 53   -54.138     7.086  2.984  16 1 4 1 2 4 8 221.784 225.505
 54    17.932   -34.094  3.209   9 1 4 1 2 4 8 210.041 213.628
 55   -98.706    34.552  2.907   1 1 4 1 2 4 8 551.908 555.680
 56    28.802    -8.582  3.339  18 1 4 1 2 4 8 721.703 725.542
 57     2.716    90.594  3.243  17 1 4 1 2 4 8 303.193 306.884
 58   -31.024    48.938  2.913 -18 1 4 1 2 4 8 686.622 690.403
 59   -46.545    42.316  3.364   2 1 4 1 2 4 8 747.180 750.709
 60    27.289    58.179  3.428  25 1 4 1 2 4 8 513.013 516.830
 61    28.815   -28.027  2.987  21 1 4 1 2 4 8 260.587 264.160
 62   -26.099    11.328  3.344 -19 1 4 1 2 4 8 141.904 145.758
 63     0.537   -26.221  3.315  10 1 4 1 2 4 8 862.252 865.954
 64   -50.458     7.812  3.130   2 1 4 1 2 4 8 838.243 841.897
 65    30.005    19.092  3.096 -21 1 4 1 2 4 8 592.395 596.037
 66   -12.604    22.058  3.391  20 1 4 1 2 4 8 492.747 496.487
 67    22.009    -8.636  2.965  21 1 4 1 2 4 8 799.676 803.412
 68     8.942     2.875  3.357   2 1 4 1 2 4 8 571.502 575.074
 69   -19.812     0.922  3.328  -6 1 4 1 2 4 8 462.816 466.337
 70    -4.230    31.250  3.338   2 1 4 1 2 4 8 482.296 486.015
 71    17.975    -0.409  3.298  12 1 4 1 2 4 8 535.559 539.364
 72    -2.350    42.938  3.069  12 1 4 1 2 4 8 681.024 684.519
 73   -16.516    68.085  3.407  -5 1 4 1 2 4 8 743.508 746.995
 74    -1.190    42.023  2.995   5 1 4 1 2 4 8 663.098 666.647
 75    56.635   -44.019  3.134   8 1 4 1 2 4 8 325.080 328.866
 76    57.483    35.504  3.194  15 1 4 1 2 4 8 624.163 627.905
 77   -26.099     7.477  3.107  -8 1 4 1 2 4 8 811.601 815.403
 78     7.489   -57.239  3.025   7 1 4 1 2 4 8 443.522 447.005
 79   -22.095    55.780  3.251  14 1 4 1 2 4 8 782.373 786.192
 80    19.867    38.824  2.930  18 1 4 1 2 4 8 130.353 133.919
 81     5.310    49.219  3.033 -17 1 4 1 2 4 8 818.437 821.930
 82    15.155     6.299  3.130   5 1 4 1 2 4 8 618.070 621.624
 83     5.481   -31.500  2.932   6 1 4 1 2 4 8 243.668 247.384
 84     7.959   -28.662  3.435   9 1 4 1 2 4 8 114.557 118.322
 85   -75.812     4.010  3.393 -24 1 4 1 2 4 8 788.842 792.645
 86   -43.671   -61.646  3.243  13 1 4 1 2 4 8 728.007 731.857
 87    -2.576   -62.140  2.965   5 1 4 1 2 4 8 708.769 712.306
 88   -18.842   -36.884  3.017   4 1 4 1 2 4 8 869.811 873.652
 89    20.844    21.167  2.955  22 1 4 1 2 4 8 197.472 200.954
 90     3.137   -19.220  3.420  24 1 4 1 2 4 8 525.152 528.836
 91   -20.361    18.878  3.108  25 1 4 1 2 4 8 506.357 509.960
 92    -0.897   -54.938  3.345   9 1 4 1 2 4 8 707.290 711.118
 93   -29.553     9.277  2.942  -8 1 4 1 2 4 8 641.949 645.762
 94     5.048   -35.046  3.080  -8 1 4 1 2 4 8 351.245 354.762
 95    27.759    48.712  2.945  25 1 4 1 2 4 8 452.634 456.166
 96    12.079   -42.346  2.967  -7 1 4 1 2 4 8 783.759 787.471
 97   -51.270    41.144  3.017  24 1 4 1 2 4 8 485.458 489.037
 98   -29.077     4.291  3.420  16 1 4 1 2 4 8 824.114 827.616
 99   -18.555   -14.819  3.290  15 1 4 1 2 4 8 81.307 84.920
100     7.855   -49.451  3.121   7 1 4 1 2 4 8 736.754 740.234
101   -19.116   -32.086  3.317  17 1 4 1 2 4 8 839.997 843.613
102    17.651   -52.271  2.934   9 1 4 1 2 4 8 204.308 207.869
103    16.907   -62.964  2.905  14 1 4 1 2 4 8 729.726 733.543
104    18.988     6.219  3.278  20 1 4 1 2 4 8 788.051 791.890
105   -68.878   -64.539  3.156   6 1 4 1 2 4 8 414.997 418.745
106   -13.361    20.264  3.166  17 1 4 1 2 4 8 270.784 274.521
107   -44.440    63.721  3.467  23 1 4 1 2 4 8 399.160 402.925
108    -6.500    71.436  3.162  14 1 4 1 2 4 8 410.801 414.502
109   -51.978    25.409  2.949  19 1 4 1 2 4 8 530.350 534.150
110    -0.739    59.491  3.322  21 1 4 1 2 4 8 660.572 664.047
111   -64.679    83.038  3.455   6 1 4 1 2 4 8 761.007 764.577
112   -11.273   -35.944  3.080   1 1 4 1 2 4 8 228.638 232.293
113   -16.864     7.776  3.417  22 1 4 1 2 4 8 286.859 290.582
114    19.843   -49.805  3.334   7 1 4 1 2 4 8 213.454 216.961
115   -16.284    -2.936  3.400  14 1 4 1 2 4 8 765.244 768.777
116     8.356    67.041  3.299   7 1 4 1 2 4 8 231.473 235.254
117    30.878    24.316  2.938  25 1 4 1 2 4 8 481.122 484.936
118    93.524   -20.233  3.215 -17 1 4 1 2 4 8 224.981 228.816
119    -9.332   -56.177  3.201  10 1 4 1 2 4 8 746.210 749.683
120   -34.442   -63.312  3.193  23 1 4 1 2 4 8 194.125 197.607
121    20.941    -5.646  2.994  22 1 4 1 2 4 8 352.359 356.007
122    -3.418    89.594  3.144   3 1 4 1 2 4 8 392.685 396.176
123   -18.738    45.227  3.403  14 1 4 1 2 4 8 417.163 420.912
124     2.435   -30.524  3.156  14 1 4 1 2 4 8 275.964 279.468
125   -28.864    56.616  3.351   2 1 4 1 2 4 8 658.568 662.112
126    76.880   -29.901  2.936  -2 1 4 1 2 4 8 284.824 288.346
127   -90.466    10.278  2.943  21 1 4 1 2 4 8 206.797 210.562
128   -35.101    46.545  3.429  10 1 4 1 2 4 8 758.252 761.760
129   -48.395    43.854  3.423 -10 1 4 1 2 4 8 835.630 839.147
130   -40.997    26.703  3.034   5 1 4 1 2 4 8 485.556 489.041
131    13.696    34.607  3.322  -9 1 4 1 2 4 8 378.714 382.327
132   -71.472    11.450  3.025  15 1 4 1 2 4 8 738.914 742.558
133   -36.230    51.904  3.198  19 1 4 1 2 4 8 819.121 822.940
134   -39.465     4.907  3.073   7 1 4 1 2 4 8 440.584 444.329
135   -16.565    23.773  3.379  11 1 4 1 2 4 8 135.172 139.005
136    10.754   -28.552  3.226  -2 1 4 1 2 4 8 327.293 330.981
137   -23.029    47.015  3.428  25 1 4 1 2 4 8 252.189 255.678
138    -8.807    21.216  3.128  14 1 4 1 2 4 8 738.311 742.018
139   -40.039    27.435  3.165  15 1 4 1 2 4 8 325.332 329.173
140   -37.445   -41.040  3.321  12 1 4 1 2 4 8 849.005 852.753
141    48.224     0.085  2.989 -11 1 4 1 2 4 8 213.489 217.228
142    -0.323    68.237  3.281 -17 1 4 1 2 4 8 277.295 280.883
143   -14.294   -33.423  3.193   4 1 4 1 2 4 8 754.135 757.887
144    -1.440   -34.814  2.941  24 1 4 1 2 4 8 178.630 182.221
145   -34.454    42.346  3.417   8 1 4 1 2 4 8 861.287 864.853
146     8.679   -66.180  3.206  20 1 4 1 2 4 8 536.454 539.980
147   -61.249   -51.367  3.361  12 1 4 1 2 4 8 676.018 679.522
148    -1.093     9.912  2.918  10 1 4 1 2 4 8 240.606 244.351
149   -16.565    66.547  3.258 -12 1 4 1 2 4 8 792.190 795.938
150     8.435    52.838  3.193   9 1 4 1 2 4 8 131.788 135.500
151   -22.034   -36.896  2.922  16 1 4 1 2 4 8 643.978 647.666
152    15.765    17.322  3.468 -23 1 4 1 2 4 8 425.551 429.042
153     9.003   -18.695  3.305  15 1 4 1 2 4 8 698.435 702.269
154    -4.584     3.491  3.467 -10 1 4 1 2 4 8 389.103 392.873
155     8.875    40.662  3.290  21 1 4 1 2 4 8 792.889 796.693
156    26.093   -33.966  2.959   2 1 4 1 2 4 8 134.733 138.505
157   -32.501    39.526  3.203 -16 1 4 1 2 4 8 483.467 487.305
158   -32.629   -82.581  3.427  15 1 4 1 2 4 8 641.652 645.315
159   -98.486    22.021  3.033  11 1 4 1 2 4 8 569.746 573.293
160   -59.052     4.163  2.926  11 1 4 1 2 4 8 343.490 347.139
161     7.428    -2.570  3.058  17 1 4 1 2 4 8 512.972 516.717
162   -59.601    12.469  3.463  -3 1 4 1 2 4 8 875.509 878.988
163   -11.224   -31.830  3.300   9 1 4 1 2 4 8 591.502 594.993
164   -16.809   -35.040  2.902   1 1 4 1 2 4 8 514.432 517.931
165    21.863    18.140  3.276 -13 1 4 1 2 4 8 482.835 486.605
166    45.038   -61.316  3.117   1 1 4 1 2 4 8 307.659 311.382
167   -48.816    25.568  3.307   2 1 4 1 2 4 8 461.938 465.621
168   -32.184   -16.736  3.122  22 1 4 1 2 4 8 883.602 887.237
169    12.439   -41.492  3.287  10 1 4 1 2 4 8 776.631 780.313
170   -21.082   -77.075  3.228   4 1 4 1 2 4 8 529.238 533.006
171   -17.822   -18.518  3.256   9 1 4 1 2 4 8 682.724 686.336
172    48.334    93.518  3.464  11 1 4 1 2 4 8 446.671 450.472
173   -18.677    49.005  3.352   3 1 4 1 2 4 8 777.982 781.542
174    12.140    30.042  2.946  19 1 4 1 2 4 8 129.596 133.241
175     3.113   -40.302  2.988  19 1 4 1 2 4 8 441.786 445.268
176    17.133    37.079  2.923  -4 1 4 1 2 4 8 394.506 398.040
177    22.577     0.836  2.930  19 1 4 1 2 4 8 882.393 886.198
178   -30.426    52.942  3.156  15 1 4 1 2 4 8 718.282 721.834
179    33.765   -67.108  3.333  21 1 4 1 2 4 8 172.569 176.060
180     5.414     1.532  3.101  25 1 4 1 2 4 8 898.932 902.735
181    72.156    30.103  3.466   4 1 4 1 2 4 8 430.079 433.745
182   -24.109   -34.625  3.047   3 1 4 1 2 4 8 129.393 133.116
183    17.413    75.146  3.088   6 1 4 1 2 4 8 736.042 739.810
184    10.638   -60.052  2.915  -6 1 4 1 2 4 8 799.198 802.852
185    -5.176   -48.999  3.118  21 1 4 1 2 4 8 757.223 760.720
186   -19.342    21.118  3.309  25 1 4 1 2 4 8 359.146 362.755
187   -46.802   -14.661  2.933 -10 1 4 1 2 4 8 84.082 87.667
188   -16.779    43.439  3.197 -25 1 4 1 2 4 8 115.159 118.740
189    14.093   -13.605  3.288  19 1 4 1 2 4 8 481.681 485.408
190   -21.063    26.019  3.165 -19 1 4 1 2 4 8 649.127 652.880
191    39.813   -40.668  2.987  22 1 4 1 2 4 8 459.491 463.171
192    52.057    30.334  2.946   5 1 4 1 2 4 8 309.520 313.147
193    -0.140     7.266 0.000   0 0 0 0.000 964.110
194   -23.138    48.450 0.000   0 0 0 0.000 964.110
195   -26.102    16.809 0.000   0 0 0 0.000 964.110
196     0.244   -35.892 0.000   0 0 0 0.000 964.110
