6 5 240 4
420 180
420 180
420 180
420 180
  1    65.991   -49.829  3.064  10 1 4 1 2 4 8 450.590 454.284
  2   -36.938   -36.743  2.874  25 1 4 1 2 4 8 254.352 257.965
  3    -2.734    18.774  3.337  18 1 4 1 2 4 8 849.766 853.261
  4    31.116   -35.907  2.894  16 1 4 1 2 4 8 882.892 886.655
  5     2.789     8.008  3.372  14 1 4 1 2 4 8 507.856 511.537
  6    31.152    43.665  2.982   7 1 4 1 2 4 8 437.813 441.473
  7   -36.304   -21.307  3.312   9 1 4 1 2 4 8 626.448 629.961
  8    52.814    35.046  3.123  16 1 4 1 2 4 8 363.378 366.827
  9    11.267    20.660  3.373  24 1 4 1 2 4 8 691.255 694.933
 10    -0.623    23.114  3.358   6 1 4 1 2 4 8 462.385 466.090
 11    43.091   -12.360  3.071  22 1 4 1 2 4 8 758.720 762.352
 12     6.854    19.073  3.049  11 1 4 1 2 4 8 512.900 516.352
 13    -6.848    25.317  3.237  19 1 4 1 2 4 8 423.577 427.006
 14   -27.930   -23.712  3.193  20 1 4 1 2 4 8 94.524 97.983
 15    33.240   -30.487  3.073  20 1 4 1 2 4 8 590.281 593.885
 16    63.885   -52.881  3.382  16 1 4 1 2 4 8 221.304 225.109
 17   -13.672   -43.945  3.038   5 1 4 1 2 4 8 857.640 861.091
 18    -0.647   -27.502  2.954  21 1 4 1 2 4 8 74.254 77.919
 19    59.406   -49.261  3.139  19 1 4 1 2 4 8 804.109 807.804
 20    27.167    -5.713  3.034  18 1 4 1 2 4 8 212.704 216.483
 21    70.001   -20.844  3.235  22 1 4 1 2 4 8 807.750 811.193
 22    35.327   -65.167  3.402 -19 1 4 1 2 4 8 603.058 606.494
 23   -14.386   -42.236  2.888  15 1 4 1 2 4 8 191.864 195.352
 24    19.366    30.273  2.968  24 1 4 1 2 4 8 799.775 803.372
 25   -39.789    10.101  3.246  20 1 4 1 2 4 8 208.625 212.110
 26   -15.753   -40.204  3.412  17 1 4 1 2 4 8 886.362 889.900
 27   -28.418   -40.503  3.377  20 1 4 1 2 4 8 233.553 237.208
 28    27.081     9.735  3.180  12 1 4 1 2 4 8 105.998 109.727
 29    22.205    -9.216  3.355  23 1 4 1 2 4 8 210.843 214.349
 30    -0.830    -6.525  3.181 -15 1 4 1 2 4 8 557.642 561.196
 31    10.217    75.531  3.405  19 1 4 1 2 4 8 527.987 531.528
 32     7.446    18.500  3.317  23 1 4 1 2 4 8 267.741 271.505
 33    48.914   -20.294  2.980   9 1 4 1 2 4 8 404.074 407.702
 34   -18.958   -29.675  3.337  21 1 4 1 2 4 8 607.509 611.189
 35    16.815    -6.659  3.200  17 1 4 1 2 4 8 533.241 536.993
 36     2.509   -30.420  3.167   6 1 4 1 2 4 8 190.275 193.714
 37    15.424     4.913  3.368  10 1 4 1 2 4 8 200.006 203.610
 38    60.315    89.801  2.911   9 1 4 1 2 4 8 215.164 218.734
 39    40.405   -45.367  3.209  19 1 4 1 2 4 8 669.787 673.366
 40   -26.837   -54.272  3.160  17 1 4 1 2 4 8 150.163 153.708
 41    69.171    72.577  3.283 -22 1 4 1 2 4 8 817.627 821.334
 42   -22.815    46.173  2.990  -8 1 4 1 2 4 8 663.200 666.791
 43   -14.258   -30.249  3.115  25 1 4 1 2 4 8 324.417 328.194
 44    76.050    12.073  3.174 -13 1 4 1 2 4 8 145.508 149.257
 45    63.043    60.022  2.963   1 1 4 1 2 4 8 499.037 502.766
 46   -20.239   -81.970  3.347  15 1 4 1 2 4 8 728.987 732.714
 47   -41.168   -42.023  3.094  16 1 4 1 2 4 8 279.875 283.481
 48    79.199   -29.016  3.281 -20 1 4 1 2 4 8 179.206 182.913
 49   -20.728    -7.068  2.875  14 1 4 1 2 4 8 128.762 132.275
 50    -4.163   -53.497  3.164   2 1 4 1 2 4 8 574.985 578.712
 51    39.594   -40.460  3.143   5 1 4 1 2 4 8 282.244 285.946
 52   -47.125   -77.850  3.095  16 1 4 1 2 4 8 135.862 139.379
 53    -1.233    49.182  3.411 -12 1 4 1 2 4 8 715.100 718.906
 54    -0.372   -27.264  3.380   1 1 4 1 2 4 8 743.846 747.564
 55    31.537    -8.722  3.095 -15 1 4 1 2 4 8 219.433 222.885
 56    -0.134   -20.264  3.161  -5 1 4 1 2 4 8 358.043 361.658
 57    66.394   -26.691  3.204   9 1 4 1 2 4 8 256.530 260.187
 58     6.104   -64.093  2.947   8 1 4 1 2 4 8 735.442 738.893
 59    13.544   -20.874  3.095   2 1 4 1 2 4 8 312.623 316.084
 60    54.211    -6.537  2.908  10 1 4 1 2 4 8 637.091 640.815
 61    22.046   -34.137  3.415  25 1 4 1 2 4 8 386.494 390.040
 62    -9.723     4.706  3.219  24 1 4 1 2 4 8 672.695 676.226
 63   -11.584   -46.857  2.977   7 1 4 1 2 4 8 418.366 421.994
 64    -2.905    -0.305  2.903  14 1 4 1 2 4 8 776.491 779.961
 65    13.837   -44.452  3.238   3 1 4 1 2 4 8 518.365 521.808
 66    17.480    27.747  3.116  23 1 4 1 2 4 8 734.232 737.760
 67     2.972   -43.689  3.287  21 1 4 1 2 4 8 735.499 739.145
 68   -44.354   -38.202  3.404  13 1 4 1 2 4 8 734.456 738.078
 69   -59.399     1.514  3.244  15 1 4 1 2 4 8 461.147 464.842
 70   -13.452   -75.531  3.366  14 1 4 1 2 4 8 423.481 426.969
 71    -5.518   -51.947  3.055   7 1 4 1 2 4 8 525.104 528.576
 72    -9.589   -26.880  3.153  20 1 4 1 2 4 8 110.702 114.159
 73    19.318    29.498  3.321   6 1 4 1 2 4 8 543.028 546.467
 74    26.245    36.743  3.327  24 1 4 1 2 4 8 405.887 409.527
 75    43.707   -28.033  2.993  17 1 4 1 2 4 8 348.512 351.954
 76   -52.026   -35.339  3.386   3 1 4 1 2 4 8 139.337 142.901
 77    -8.435    -0.116  3.157  15 1 4 1 2 4 8 683.971 687.546
 78    89.111    62.122  3.069  -6 1 4 1 2 4 8 582.851 586.521
 79     6.067   -16.132  3.259  21 1 4 1 2 4 8 239.146 242.877
 80    27.094    -5.103  3.376  25 1 4 1 2 4 8 688.023 691.661
 81    27.527   -15.344  3.184  18 1 4 1 2 4 8 148.780 152.328
 82    42.511    32.056  3.332   1 1 4 1 2 4 8 677.122 680.761
 83    25.311    12.689  3.049 -19 1 4 1 2 4 8 377.718 381.209
 84    47.778   -12.769  2.892 -17 1 4 1 2 4 8 818.522 822.050
 85    -3.143   -13.837  3.323  20 1 4 1 2 4 8 349.339 352.850
 86    12.482   -78.101  3.392   1 1 4 1 2 4 8 543.859 547.313
 87   -21.039    -3.430  3.233  13 1 4 1 2 4 8 671.882 675.589
 88    -3.149   -55.432  3.153  25 1 4 1 2 4 8 489.580 493.173
 89    53.009    84.900  3.190  16 1 4 1 2 4 8 741.371 745.098
 90    35.638   -47.552  3.278   5 1 4 1 2 4 8 76.572 80.323
 91    43.427   -18.439  3.400  18 1 4 1 2 4 8 720.911 724.559
 92     6.598   -54.578  3.144 -17 1 4 1 2 4 8 481.925 485.634
 93    87.952    94.012  3.393 -15 1 4 1 2 4 8 584.112 587.722
 94    39.105   -48.743  3.358  13 1 4 1 2 4 8 827.541 831.230
 95   -48.340   -26.477  3.090 -15 1 4 1 2 4 8 507.356 510.918
 96    72.003    -9.253  3.293   2 1 4 1 2 4 8 667.912 671.643
 97   -37.732     3.351  3.263   1 1 4 1 2 4 8 100.688 104.213
 98   -65.967   -36.749  2.858   9 1 4 1 2 4 8 727.365 731.166
 99   -16.669   -35.284  3.142 -16 1 4 1 2 4 8 872.721 876.205
100    10.742    -4.669  3.079   6 1 4 1 2 4 8 693.465 696.932
101    15.594    -5.817  2.900  18 1 4 1 2 4 8 313.401 316.853
102    21.606   -18.109  2.863  24 1 4 1 2 4 8 723.889 727.347
103     9.784    49.280  3.342 -24 1 4 1 2 4 8 628.838 632.277
104    94.147    -4.492  3.216   9 1 4 1 2 4 8 818.369 822.125
105    10.382   -16.302  3.390  19 1 4 1 2 4 8 170.174 173.781
106    -1.453    -0.861  2.961  12 1 4 1 2 4 8 648.065 651.543
107    -6.219    25.305  2.879 -22 1 4 1 2 4 8 748.007 751.685
108    -6.250    10.217  3.063  13 1 4 1 2 4 8 268.126 271.703
109   -17.444   -70.795  3.153  20 1 4 1 2 4 8 548.153 551.748
110   -55.090   -43.854  3.179  25 1 4 1 2 4 8 754.353 758.065
111    -9.442    23.724  3.274   1 1 4 1 2 4 8 804.797 808.560
112     8.978    35.406  3.287 -24 1 4 1 2 4 8 289.629 293.166
113   -16.754    -0.812  3.425  10 1 4 1 2 4 8 437.230 440.833
114    66.852   -37.842  3.255 -22 1 4 1 2 4 8 626.666 630.142
115    14.716   -23.724  3.136 -14 1 4 1 2 4 8 155.910 159.378
116    33.472    20.026  3.171 -12 1 4 1 2 4 8 799.252 802.742
117    66.394   -70.111  3.177  23 1 4 1 2 4 8 791.649 795.354
118    -5.664     8.881  3.395  14 1 4 1 2 4 8 181.063 184.600
119    -5.103   -46.729  3.337  23 1 4 1 2 4 8 548.951 552.505
120    -8.826    55.743  3.338 -25 1 4 1 2 4 8 820.432 824.220
121     5.847    -3.186  3.415   5 1 4 1 2 4 8 286.255 289.941
122   -25.726   -37.695  3.043   7 1 4 1 2 4 8 174.130 177.586
123   -15.363   -24.548  3.161  25 1 4 1 2 4 8 306.708 310.181
124    43.793   -11.102  3.114  11 1 4 1 2 4 8 662.880 666.321
125    17.664   -25.604  3.274  18 1 4 1 2 4 8 761.243 764.790
126   -39.624    54.883  3.202  18 1 4 1 2 4 8 674.918 678.398
127   -24.554   -43.225  3.300  -1 1 4 1 2 4 8 270.401 274.027
128   -26.892   -12.738  2.954   7 1 4 1 2 4 8 69.281 72.978
129    34.155   -38.458  3.371  22 1 4 1 2 4 8 288.452 292.240
130   -47.314   -29.468  3.401   7 1 4 1 2 4 8 763.420 766.930
131    49.365   -25.592  2.947  -3 1 4 1 2 4 8 288.010 291.666
132     3.705   -16.449  3.173 -18 1 4 1 2 4 8 177.722 181.241
133    22.430   -23.273  2.971   8 1 4 1 2 4 8 295.927 299.442
134   -37.549   -29.608  3.212   6 1 4 1 2 4 8 777.347 781.075
135    25.549     3.674  3.315  -7 1 4 1 2 4 8 896.474 899.997
136   -15.216     3.284  3.199  20 1 4 1 2 4 8 650.050 653.639
137   -12.939    -7.495  3.143  10 1 4 1 2 4 8 517.440 521.088
138   -22.107    26.434  2.924   2 1 4 1 2 4 8 592.674 596.448
139   -17.944     7.733  2.925   3 1 4 1 2 4 8 499.205 502.744
140   -21.234    14.490  2.982  10 1 4 1 2 4 8 629.779 633.324
141     3.503   -19.708  3.382  -5 1 4 1 2 4 8 186.838 190.577
142    32.599   -14.935  2.951  25 1 4 1 2 4 8 108.525 111.969
143    -5.737   -28.296  2.924  23 1 4 1 2 4 8 860.137 863.697
144    -6.128   -39.624  3.086 -21 1 4 1 2 4 8 131.571 135.288
145    -2.460    12.817  3.260  13 1 4 1 2 4 8 728.257 731.718
146    -6.470     8.466  2.875   1 1 4 1 2 4 8 347.202 350.797
147   -37.891   -36.115  3.320  11 1 4 1 2 4 8 821.841 825.598
148    10.852   -18.750  3.148  -6 1 4 1 2 4 8 655.660 659.428
149    50.104     8.636  3.120  -9 1 4 1 2 4 8 689.873 693.550
150    46.844     4.712  2.888  17 1 4 1 2 4 8 104.946 108.525
151    19.598   -10.406  3.355  13 1 4 1 2 4 8 879.389 883.152
152   -38.947    52.942  3.291  23 1 4 1 2 4 8 228.678 232.312
153    -0.641   -21.289  3.182  19 1 4 1 2 4 8 66.721 70.257
154    40.906   -33.765  3.159  11 1 4 1 2 4 8 880.646 884.085
155    -0.574   -62.299  3.417  12 1 4 1 2 4 8 843.156 846.782
156    -9.778    26.794  3.191  18 1 4 1 2 4 8 862.832 866.452
157    34.265   -23.895  3.078  25 1 4 1 2 4 8 704.481 707.951
158    29.572   -24.561  3.320  13 1 4 1 2 4 8 187.548 191.190
159    16.376   -58.887  3.120  24 1 4 1 2 4 8 259.144 262.883
160    61.877   -15.167  2.905   5 1 4 1 2 4 8 367.938 371.670
161    40.088    -9.625  2.857  14 1 4 1 2 4 8 674.350 678.121
162     0.122    -4.645  3.097  18 1 4 1 2 4 8 679.312 683.010
163    -8.929   -43.903  3.117 -25 1 4 1 2 4 8 484.549 488.228
164    -7.135   -57.434  3.321  11 1 4 1 2 4 8 787.718 791.470
165     7.550   -21.210  2.887  18 1 4 1 2 4 8 275.597 279.074
166     3.949     7.300  3.091  23 1 4 1 2 4 8 206.691 210.270
167   -15.118    92.023  2.893  22 1 4 1 2 4 8 226.076 229.547
168    84.821   -24.518  3.197  20 1 4 1 2 4 8 138.226 141.871
169   -52.325    30.682  2.988  11 1 4 1 2 4 8 752.547 756.045
170     7.538    13.818  3.375  11 1 4 1 2 4 8 588.132 591.777
171   -21.484    30.359  3.254  19 1 4 1 2 4 8 304.576 308.176
172    36.047    29.883  3.056  13 1 4 1 2 4 8 279.418 283.079
173    12.781   -40.942  3.006  24 1 4 1 2 4 8 139.267 142.807
174   -17.291   -10.254  3.025   6 1 4 1 2 4 8 305.959 309.720
175   -10.541    12.402  3.245   5 1 4 1 2 4 8 704.342 708.036
176   -15.845   -59.460  3.218  24 1 4 1 2 4 8 436.004 439.477
177    29.266    -2.222  3.038  -7 1 4 1 2 4 8 830.839 834.616
178   -12.598   -58.929  2.882 -13 1 4 1 2 4 8 504.088 507.827
179   -17.303   -35.297  3.119  25 1 4 1 2 4 8 399.375 403.029
180    57.050   -50.354  3.318  15 1 4 1 2 4 8 691.379 695.172
181    26.941    17.444  3.374 -15 1 4 1 2 4 8 173.753 177.509
182    -6.195    -8.881  3.194  16 1 4 1 2 4 8 49.081 52.648
183    16.980   -16.321  2.875   5 1 4 1 2 4 8 199.071 202.706
184    83.710   -32.520  3.113 -15 1 4 1 2 4 8 671.125 674.695
185    12.451    34.589  3.165  24 1 4 1 2 4 8 523.177 526.618
186    15.057    67.004  2.993  15 1 4 1 2 4 8 392.889 396.505
187    25.818    -5.835  3.309   9 1 4 1 2 4 8 358.410 361.901
188    13.666   -14.832  3.184  19 1 4 1 2 4 8 150.843 154.404
189    48.322    -5.164  3.185  15 1 4 1 2 4 8 541.702 545.473
190    13.489    19.739  2.902   2 1 4 1 2 4 8 272.010 275.513
191   -18.512    65.405  3.345   3 1 4 1 2 4 8 747.740 751.204
192    17.554    38.379  3.223  18 1 4 1 2 4 8 322.671 326.353
193    37.775   -16.003  3.210  20 1 4 1 2 4 8 216.011 219.705
194    47.968   -30.310  3.199  14 1 4 1 2 4 8 67.823 71.261
195    38.806    36.243  3.370  10 1 4 1 2 4 8 302.347 306.003
196   -16.089   -42.841  3.012  -6 1 4 1 2 4 8 413.550 417.260
197    28.656    -1.990  3.259 -17 1 4 1 2 4 8 877.556 881.055
198    -5.859    -1.862  3.302  20 1 4 1 2 4 8 145.871 149.512
199    60.516    63.416  3.340   3 1 4 1 2 4 8 151.630 155.139
200    63.196   -47.766  2.945  14 1 4 1 2 4 8 488.658 492.192
201   -15.308   -23.285  2.905  12 1 4 1 2 4 8 240.630 244.249
202    -2.875     0.787  3.000   2 1 4 1 2 4 8 118.840 122.467
203    32.056   -10.175  3.105 -11 1 4 1 2 4 8 394.488 398.042
204   -18.634   -25.665  2.871 -16 1 4 1 2 4 8 627.776 631.381
205    -3.632    25.433  3.412  18 1 4 1 2 4 8 720.654 724.199
206    10.480    22.888  3.091 -14 1 4 1 2 4 8 596.697 600.463
207     1.819    -3.009  3.171   6 1 4 1 2 4 8 301.134 304.576
208   -25.275   -12.183  3.111 -12 1 4 1 2 4 8 787.014 790.703
209    56.927   -75.507  3.166  21 1 4 1 2 4 8 463.079 466.845
210    13.885   -36.230  3.242   1 1 4 1 2 4 8 760.186 763.966
211    32.520   -29.523  3.308  18 1 4 1 2 4 8 326.537 330.123
212     4.803    -7.288  3.223  17 1 4 1 2 4 8 227.856 231.580
213    11.365    -8.344  3.387  15 1 4 1 2 4 8 616.687 620.207
214    17.126   -24.646  3.250   4 1 4 1 2 4 8 784.648 788.101
215   -33.661   -41.241  3.184  18 1 4 1 2 4 8 456.106 459.764
216   -32.391   -50.885  3.353  22 1 4 1 2 4 8 838.770 842.220
217    23.041   -14.496  3.172  16 1 4 1 2 4 8 416.810 420.511
218   -21.857   -39.502  3.205  14 1 4 1 2 4 8 805.389 808.904
219    32.013    77.332  3.158 -25 1 4 1 2 4 8 768.683 772.389
220    13.831   -76.190  3.118  15 1 4 1 2 4 8 730.208 733.978
221    -8.051   -21.179  3.014   6 1 4 1 2 4 8 691.763 695.226
222    25.391    46.613  3.263   7 1 4 1 2 4 8 743.087 746.571
223    49.536   -54.639  3.370  21 1 4 1 2 4 8 287.415 290.880
224    63.416    -8.636  3.091   3 1 4 1 2 4 8 403.766 407.458
225     2.301    -5.536  2.901  15 1 4 1 2 4 8 825.147 828.699
226    52.423    29.895  3.173 -24 1 4 1 2 4 8 833.636 837.420
227     9.296   -16.254  3.129  -2 1 4 1 2 4 8 650.031 653.760
228    34.845   -96.185  3.116  17 1 4 1 2 4 8 438.800 442.274
229   -21.063   -41.498  3.013   2 1 4 1 2 4 8 70.208 73.647
230    28.448    10.242  3.411  25 1 4 1 2 4 8 720.296 723.766
231    16.254   -22.583  2.997  15 1 4 1 2 4 8 183.440 187.134
232   -36.639   -34.033  3.171   3 1 4 1 2 4 8 158.460 162.036
233   -27.356   -50.177  3.267  -1 1 4 1 2 4 8 361.020 364.751
234   -53.705    11.334  2.912   1 1 4 1 2 4 8 194.349 197.889
235    26.276    -5.994  3.096  20 1 4 1 2 4 8 682.717 686.161
236   -31.519    34.589  3.090 -19 1 4 1 2 4 8 244.342 247.955
237   -14.612   -31.506  3.245   2 1 4 1 2 4 8 74.894 78.572
238    -4.242   -30.865  3.184  -9 1 4 1 2 4 8 679.342 683.029
239   -18.524   -29.486  3.084   4 1 4 1 2 4 8 508.554 512.157
240   -17.133   -19.397  3.225  16 1 4 1 2 4 8 409.126 412.728
241    34.430   -17.151 0.000   0 0 0 0.000 951.660
242     0.269    -8.154 0.000   0 0 0 0.000 951.660
243     3.140    13.297 0.000   0 0 0 0.000 951.660
244    -3.113   -29.745 0.000   0 0 0 0.000 951.660
