6 6 288 4
400 175
400 175
400 175
400 175
  1   -66.174   -37.811  3.204  19 1 4 1 2 4 8 326.512 330.372
  2     2.673   -35.223  3.372  21 1 4 1 2 4 8 222.689 226.368
  3    38.751     8.618  3.103  17 1 4 1 2 4 8 548.472 552.065
  4    62.653    20.667  3.031   6 1 4 1 2 4 8 734.758 738.289
  5    60.974    -6.110  3.166   6 1 4 1 2 4 8 515.646 519.440
  6   -98.535   -39.532  3.252 -19 1 4 1 2 4 8 484.064 487.941
  7     8.411   -81.274  3.384  17 1 4 1 2 4 8 89.822 93.554
  8   -14.569    26.056  3.117  19 1 4 1 2 4 8 495.111 498.829
  9   -34.186   -76.697  3.107   2 1 4 1 2 4 8 351.736 355.361
 10    55.145   -33.911  3.409   3 1 4 1 2 4 8 298.319 302.222
 11    15.869     8.716  3.327 -24 1 4 1 2 4 8 165.257 168.984
 12   -63.416   -20.282  3.090   5 1 4 1 2 4 8 284.084 287.905
 13    -9.357   -42.212  3.273  -9 1 4 1 2 4 8 476.707 480.325
 14   -53.619     3.729  3.509  20 1 4 1 2 4 8 429.165 432.807
 15    53.491    -3.308  2.968  19 1 4 1 2 4 8 862.965 866.656
 16   -22.614   -32.794  3.128  20 1 4 1 2 4 8 687.911 691.459
 17    39.612    -1.550  3.116   4 1 4 1 2 4 8 225.083 228.793
 18    16.705   -22.748  3.160   3 1 4 1 2 4 8 861.153 864.802
 19   -51.245   -13.757  3.282   2 1 4 1 2 4 8 664.052 667.753
 20   -29.907    14.380  3.334  23 1 4 1 2 4 8 726.826 730.625
 21   -70.441   -27.911  3.293   6 1 4 1 2 4 8 330.026 333.897
 22   -75.385   -30.811  3.299 -17 1 4 1 2 4 8 356.468 360.296
 23    10.590   -28.931  2.959  17 1 4 1 2 4 8 61.514 65.256
 24    86.340   -45.935  3.388  -3 1 4 1 2 4 8 476.421 480.214
 25     3.864    34.583  3.467  16 1 4 1 2 4 8 392.315 396.206
 26   -37.598   -42.114  3.471  15 1 4 1 2 4 8 879.177 882.913
 27    69.440     1.379  3.518 -23 1 4 1 2 4 8 806.817 810.730
 28   -13.818     1.245  3.280 -15 1 4 1 2 4 8 518.910 522.502
 29   -27.124   -38.037  2.976  12 1 4 1 2 4 8 605.347 609.098
 30   -69.348   -14.734  3.418 -19 1 4 1 2 4 8 121.147 124.929
 31    58.575    29.346  3.473  23 1 4 1 2 4 8 728.085 731.699
 32    58.105    31.702  3.046 -10 1 4 1 2 4 8 603.670 607.540
 33   -62.250   -16.425  3.166  23 1 4 1 2 4 8 669.360 673.137
 34   -66.382    13.586  3.186  22 1 4 1 2 4 8 487.180 490.785
 35    68.030   -12.482  3.487   4 1 4 1 2 4 8 772.090 775.693
 36   -30.701   -41.681  3.162   5 1 4 1 2 4 8 762.732 766.521
 37   -55.389   -51.050  2.961   1 1 4 1 2 4 8 352.785 356.333
 38    36.237    -2.655  2.960  11 1 4 1 2 4 8 860.927 864.703
 39    -1.215     5.591  3.456  20 1 4 1 2 4 8 211.441 215.084
 40    10.278   -23.950  3.462 -25 1 4 1 2 4 8 420.318 424.005
 41    -7.159    36.859  3.151  18 1 4 1 2 4 8 270.068 273.799
 42   -90.204    61.169  3.497   4 1 4 1 2 4 8 727.963 731.539
 43    46.368    65.082  3.476 -10 1 4 1 2 4 8 567.326 570.864
 44    13.348    31.372  3.019  17 1 4 1 2 4 8 708.485 712.080
 45   -73.566   -28.839  3.105   7 1 4 1 2 4 8 769.489 773.024
 46   -41.528   -37.097  3.434   4 1 4 1 2 4 8 448.057 451.941
 47   -60.938   -27.246  3.076   3 1 4 1 2 4 8 684.669 688.298
 48    38.312    54.376  3.241  12 1 4 1 2 4 8 643.290 646.981
 49    26.306    11.975  3.261 -13 1 4 1 2 4 8 397.623 401.433
 50    10.297   -48.346  3.253  24 1 4 1 2 4 8 222.176 225.860
 51    52.417   -28.363  2.968  16 1 4 1 2 4 8 400.891 404.429
 52   -43.756   -39.343  3.074   2 1 4 1 2 4 8 770.491 774.116
 53    49.316    11.395  3.053   7 1 4 1 2 4 8 233.143 236.784
 54    45.593     4.346  3.289  15 1 4 1 2 4 8 336.939 340.487
 55   -25.989   -15.814  2.988 -12 1 4 1 2 4 8 898.337 901.889
 56    65.253   -59.631  3.320  15 1 4 1 2 4 8 841.805 845.349
 57    12.109   -34.387  3.430  17 1 4 1 2 4 8 714.187 718.068
 58    12.390   -16.254  3.277  16 1 4 1 2 4 8 464.802 468.508
 59     0.525    69.611  2.985   1 1 4 1 2 4 8 595.822 599.423
 60    -8.679     7.770  3.217  -9 1 4 1 2 4 8 740.425 743.958
 61    41.467   -35.016  3.302   4 1 4 1 2 4 8 844.497 848.303
 62    11.859   -34.973  3.375  -3 1 4 1 2 4 8 529.927 533.838
 63    -1.306   -58.063  3.255   1 1 4 1 2 4 8 83.077 86.980
 64     6.024   -31.018  3.136   4 1 4 1 2 4 8 307.012 310.592
 65     1.788   -32.544  3.021   6 1 4 1 2 4 8 445.354 448.924
 66    29.272    -6.494  3.238  -1 1 4 1 2 4 8 502.277 505.868
 67    23.950    10.742  3.148  19 1 4 1 2 4 8 745.805 749.710
 68   -65.887    40.912  3.125   1 1 4 1 2 4 8 153.319 156.978
 69   -10.095    26.257  3.500   2 1 4 1 2 4 8 459.364 462.998
 70    58.093    67.352  2.990  25 1 4 1 2 4 8 726.696 730.577
 71    90.015     9.485  3.026   4 1 4 1 2 4 8 264.739 268.280
 72    -6.622    15.216  3.365   4 1 4 1 2 4 8 573.152 576.977
 73    -2.875   -42.841  2.959  13 1 4 1 2 4 8 680.800 684.510
 74   -37.714    -7.306  3.014  18 1 4 1 2 4 8 339.350 342.880
 75    44.171   -11.224  3.475   9 1 4 1 2 4 8 327.947 331.627
 76   -58.704    -2.808  3.178   5 1 4 1 2 4 8 854.161 858.056
 77    -3.912    10.071  3.251  12 1 4 1 2 4 8 627.188 630.919
 78   -41.370    -1.495  3.184  22 1 4 1 2 4 8 892.679 896.420
 79    58.179    27.563  3.209   9 1 4 1 2 4 8 139.589 143.423
 80   -63.861    26.147  3.467 -11 1 4 1 2 4 8 355.425 359.070
 81   -56.793   -15.918  3.235   6 1 4 1 2 4 8 181.042 184.867
 82    22.217   -27.509  3.274  19 1 4 1 2 4 8 578.067 581.820
 83    -1.031   -14.838  3.090  10 1 4 1 2 4 8 179.673 183.453
 84   -57.703   -10.480  3.358   1 1 4 1 2 4 8 205.722 209.488
 85    80.847     6.299  3.266  10 1 4 1 2 4 8 612.390 616.101
 86     2.887    10.822  3.398  20 1 4 1 2 4 8 797.347 801.144
 87   -37.390    -7.800  3.442  18 1 4 1 2 4 8 173.182 177.068
 88   -33.600   -26.740  3.211  -1 1 4 1 2 4 8 289.051 292.844
 89    95.197    24.231  3.233  11 1 4 1 2 4 8 408.781 412.630
 90   -13.904    29.327  3.510 -20 1 4 1 2 4 8 848.914 852.739
 91   -53.461     9.296  3.212  12 1 4 1 2 4 8 418.743 422.473
 92    67.578    13.007  3.450 -17 1 4 1 2 4 8 555.862 559.773
 93   -83.881   -53.265  3.369  16 1 4 1 2 4 8 835.781 839.394
 94    30.255   -72.430  3.298   3 1 4 1 2 4 8 187.337 191.216
 95   -22.333   -20.538  2.960  14 1 4 1 2 4 8 829.833 833.599
 96     3.741   -35.461  3.335  12 1 4 1 2 4 8 462.768 466.315
 97   -20.093   -43.982  3.053   9 1 4 1 2 4 8 807.968 811.738
 98   -47.687   -21.100  3.109   1 1 4 1 2 4 8 570.247 574.157
 99   -20.447   -13.849  3.100   7 1 4 1 2 4 8 69.563 73.313
100    34.515     3.967  3.253  -7 1 4 1 2 4 8 696.948 700.518
101    20.514   -11.884  3.133   5 1 4 1 2 4 8 580.710 584.596
102   -46.039   -22.565  3.448   9 1 4 1 2 4 8 653.662 657.536
103   -39.630    25.385  3.004  15 1 4 1 2 4 8 640.899 644.645
104    -1.025    50.433  3.422   4 1 4 1 2 4 8 302.842 306.752
105   -28.632    23.486  3.327  10 1 4 1 2 4 8 720.270 723.853
106   -52.997   -16.248  3.037  21 1 4 1 2 4 8 308.758 312.612
107    -3.345   -22.955  3.277  -2 1 4 1 2 4 8 118.194 121.972
108   -62.640   -26.349  3.491   6 1 4 1 2 4 8 702.654 706.274
109    25.403     0.531  3.067   1 1 4 1 2 4 8 441.012 444.732
110   -29.895    72.919  3.402  23 1 4 1 2 4 8 640.197 643.961
111    26.630     1.971  3.172 -24 1 4 1 2 4 8 672.515 676.266
112    -9.814    35.004  3.349  16 1 4 1 2 4 8 838.248 841.938
113    -7.758   -42.426  3.295  18 1 4 1 2 4 8 184.257 187.857
114    28.918    -7.117  3.132   1 1 4 1 2 4 8 731.721 735.377
115    47.693    36.108  3.449  -1 1 4 1 2 4 8 361.820 365.567
116   -53.168     5.206  3.309 -21 1 4 1 2 4 8 188.083 191.817
117    17.560    13.214  3.235   8 1 4 1 2 4 8 227.145 231.009
118     6.836    -2.496  3.158  22 1 4 1 2 4 8 894.885 898.689
119   -17.322    97.260  3.439  23 1 4 1 2 4 8 449.730 453.594
120    22.406    26.532  2.987  11 1 4 1 2 4 8 697.799 701.672
121   -73.090   -13.251  3.518  15 1 4 1 2 4 8 184.376 188.172
122   -64.996    -4.578  3.068  14 1 4 1 2 4 8 238.132 241.728
123   -34.906   -43.903  3.005  16 1 4 1 2 4 8 503.707 507.298
124   -92.346    -4.517  3.479  25 1 4 1 2 4 8 405.659 409.464
125     0.647    -8.496  3.516  12 1 4 1 2 4 8 251.303 254.910
126     5.048   -37.323  3.010   9 1 4 1 2 4 8 467.733 471.481
127   -19.080   -14.178  3.047  20 1 4 1 2 4 8 108.328 112.238
128   -71.704   -11.450  3.258  22 1 4 1 2 4 8 165.518 169.056
129   -45.581   -28.717  3.394  13 1 4 1 2 4 8 256.028 259.942
130   -28.351   -23.914  3.513  24 1 4 1 2 4 8 289.845 293.564
131   -16.486    30.920  3.307  13 1 4 1 2 4 8 370.259 373.943
132   -83.423   -20.935  3.131   4 1 4 1 2 4 8 683.888 687.525
133   -12.054   -20.612  3.214  22 1 4 1 2 4 8 631.312 634.841
134    -7.184   -63.721  2.944  18 1 4 1 2 4 8 593.184 596.801
135    34.546    -8.881  3.341  25 1 4 1 2 4 8 786.504 790.186
136    -4.865    73.694  3.429  19 1 4 1 2 4 8 810.031 813.604
137   -36.005    -3.876  3.191   8 1 4 1 2 4 8 723.689 727.311
138   -28.400   -21.820  3.116  13 1 4 1 2 4 8 346.173 350.012
139   -56.281   -15.112  3.503   1 1 4 1 2 4 8 230.177 233.951
140   -11.017    42.151  3.105   1 1 4 1 2 4 8 331.419 335.144
141   -63.092   -62.573  3.386   5 1 4 1 2 4 8 278.799 282.538
142    29.486    79.944  3.081  -2 1 4 1 2 4 8 811.107 814.843
143   -65.674    -0.238  2.954  22 1 4 1 2 4 8 495.985 499.732
144    46.130   -20.416  3.422   3 1 4 1 2 4 8 339.954 343.681
145     1.575   -16.364  2.963   2 1 4 1 2 4 8 639.566 643.456
146    40.277    -1.379  3.328   6 1 4 1 2 4 8 348.876 352.686
147   -15.271    42.249  3.026  19 1 4 1 2 4 8 318.146 321.958
148    33.215   -16.614  3.234  -5 1 4 1 2 4 8 600.145 603.705
149   -72.388    13.074  3.512  25 1 4 1 2 4 8 744.053 747.897
150   -24.487     5.273  3.359  -9 1 4 1 2 4 8 397.196 401.047
151    -6.598   -30.957  3.048  20 1 4 1 2 4 8 79.281 83.076
152    31.287    21.332  3.362  11 1 4 1 2 4 8 345.507 349.313
153    20.557     0.378  3.133  18 1 4 1 2 4 8 261.310 265.112
154   -67.200   -41.339  3.226  25 1 4 1 2 4 8 367.825 371.592
155    22.168   -40.375  3.461  22 1 4 1 2 4 8 557.531 561.142
156    31.165     2.222  3.374  25 1 4 1 2 4 8 773.379 777.191
157    74.634    30.219  3.151  14 1 4 1 2 4 8 760.905 764.477
158    60.699    81.116  3.089  21 1 4 1 2 4 8 724.908 728.658
159   -60.736    24.133  3.155  -1 1 4 1 2 4 8 263.010 266.537
160     1.978    17.517  3.343  -9 1 4 1 2 4 8 707.556 711.187
161   -80.566   -38.196  3.098   2 1 4 1 2 4 8 851.445 855.035
162   -49.927   -36.713  2.998   2 1 4 1 2 4 8 619.715 623.495
163   -60.449   -27.820  3.464   4 1 4 1 2 4 8 204.146 207.825
164   -78.748   -44.226  3.052  15 1 4 1 2 4 8 443.878 447.409
165    54.260    -9.259  3.524 -11 1 4 1 2 4 8 831.045 834.855
166   -42.059   -26.636  3.333  15 1 4 1 2 4 8 600.655 604.416
167   -57.336   -16.718  2.977  15 1 4 1 2 4 8 324.235 327.822
168    -1.276   -13.330  3.294  16 1 4 1 2 4 8 520.574 524.261
169   -24.158    39.197  3.182  14 1 4 1 2 4 8 227.557 231.235
170    17.908   -40.442  3.255 -25 1 4 1 2 4 8 473.869 477.696
171    59.833    -3.674  3.249   9 1 4 1 2 4 8 468.390 472.237
172    -3.510     6.256  3.289  23 1 4 1 2 4 8 160.585 164.488
173    40.167     8.594  3.153  16 1 4 1 2 4 8 521.744 525.512
174    -1.691   -54.376  3.258  10 1 4 1 2 4 8 276.854 280.656
175   -36.035   -17.065  3.134   4 1 4 1 2 4 8 732.219 735.959
176     7.275    -4.144  2.979  25 1 4 1 2 4 8 792.421 796.053
177    30.219    -6.830  3.297  20 1 4 1 2 4 8 709.655 713.501
178   -26.379   -63.055  3.326  -5 1 4 1 2 4 8 651.833 655.647
179    28.772    -0.031  3.256 -19 1 4 1 2 4 8 754.527 758.150
180     2.625     5.072  3.256  -2 1 4 1 2 4 8 667.963 671.551
181     3.595   -21.600  3.429  13 1 4 1 2 4 8 154.362 158.091
182   -64.948   -10.956  3.395  19 1 4 1 2 4 8 379.459 383.303
183    18.671   -41.010  3.374  -2 1 4 1 2 4 8 533.878 537.413
184    29.291    12.799  3.189 -16 1 4 1 2 4 8 346.372 349.939
185     4.529    26.654  3.480   2 1 4 1 2 4 8 745.560 749.319
186    25.360    29.718  3.166   6 1 4 1 2 4 8 300.551 304.295
187    57.349   -15.405  3.369   3 1 4 1 2 4 8 494.762 498.507
188   -11.566   -19.012  3.416  20 1 4 1 2 4 8 117.823 121.409
189   -45.441   -71.808  3.092  13 1 4 1 2 4 8 531.957 535.836
190     2.197    -3.564  3.036   9 1 4 1 2 4 8 662.925 666.615
191    -1.855   -24.475  2.968   5 1 4 1 2 4 8 850.260 854.131
192   -59.851   -48.938  2.992  15 1 4 1 2 4 8 675.016 678.563
193    70.081   -17.816  3.279  22 1 4 1 2 4 8 273.259 276.878
194    -4.932    28.754  3.083  18 1 4 1 2 4 8 133.388 137.107
195   -46.625   -23.529  3.159  21 1 4 1 2 4 8 432.137 435.870
196   -49.872   -35.339  3.447  16 1 4 1 2 4 8 388.596 392.429
197   -67.499     8.142  3.492  22 1 4 1 2 4 8 464.286 468.000
198    31.195   -18.243  3.478 -23 1 4 1 2 4 8 368.853 372.442
199   -42.139   -52.704  3.208   1 1 4 1 2 4 8 559.500 563.153
200   -15.094    18.933  3.343   1 1 4 1 2 4 8 323.070 326.941
201   -78.625   -24.341  3.350  13 1 4 1 2 4 8 623.226 626.928
202    51.471    -9.607  3.295  14 1 4 1 2 4 8 505.928 509.684
203    29.987   -31.061  3.390  18 1 4 1 2 4 8 769.459 773.056
204    46.741     1.453  3.128   5 1 4 1 2 4 8 459.617 463.189
205   -52.954    31.738  3.167  24 1 4 1 2 4 8 721.791 725.569
206    10.535   -61.432  3.487  11 1 4 1 2 4 8 728.573 732.163
207   -15.948   -56.012  2.951  -5 1 4 1 2 4 8 245.227 249.053
208    -7.776   -54.730  3.063   1 1 4 1 2 4 8 868.622 872.406
209    11.047   -20.905  3.015  21 1 4 1 2 4 8 231.622 235.255
210   -24.359   -23.047  3.279   6 1 4 1 2 4 8 604.597 608.325
211     2.948   -20.398  3.514   6 1 4 1 2 4 8 310.357 314.133
212   -82.654    24.323  3.076   5 1 4 1 2 4 8 234.385 238.225
213   -12.134    42.065  3.111  23 1 4 1 2 4 8 719.953 723.747
214   -98.035   -36.359  3.400  16 1 4 1 2 4 8 440.223 443.885
215   -61.102   -13.477  2.965  18 1 4 1 2 4 8 404.102 407.806
216   -39.136     6.287  3.094  10 1 4 1 2 4 8 829.057 832.582
217    41.180     7.971  3.026   9 1 4 1 2 4 8 237.882 241.541
218     4.254    19.830  3.212 -18 1 4 1 2 4 8 333.398 337.300
219   -34.143   -37.915  3.321  22 1 4 1 2 4 8 310.459 314.032
220    -4.559    23.566  3.238  24 1 4 1 2 4 8 751.264 755.106
221    37.891    -1.947  2.943 -15 1 4 1 2 4 8 757.521 761.164
222    78.259    15.936  3.337   6 1 4 1 2 4 8 648.517 652.213
223    -8.661   -25.110  3.159  12 1 4 1 2 4 8 88.269 92.079
224    10.071    37.164  3.326  19 1 4 1 2 4 8 810.866 814.515
225   -42.621   -46.985  3.457  19 1 4 1 2 4 8 489.860 493.670
226    92.157   -94.183  3.023  17 1 4 1 2 4 8 460.132 463.730
227    32.202   -39.844  3.310  22 1 4 1 2 4 8 285.892 289.630
228   -55.231   -15.027  3.463  25 1 4 1 2 4 8 389.014 392.769
229   -26.746   -21.490  3.396 -11 1 4 1 2 4 8 776.828 780.708
230   -75.513    -0.708  3.197  23 1 4 1 2 4 8 809.208 812.966
231    34.021    12.665  3.523  10 1 4 1 2 4 8 97.377 100.985
232    -2.643   -20.831  3.252 -17 1 4 1 2 4 8 82.841 86.548
233    53.369    13.770  3.483   6 1 4 1 2 4 8 502.701 506.292
234   -14.948   -40.259  3.150  20 1 4 1 2 4 8 100.879 104.434
235    67.828     5.750  3.461   6 1 4 1 2 4 8 536.815 540.563
236   -13.220   -26.031  3.288  -4 1 4 1 2 4 8 852.509 856.064
237     4.169   -32.617  3.461  25 1 4 1 2 4 8 366.860 370.431
238   -26.050   -33.313  3.254  -7 1 4 1 2 4 8 853.125 856.928
239    31.964   -45.703  3.024 -11 1 4 1 2 4 8 832.306 836.110
240    96.820    26.208  3.422  14 1 4 1 2 4 8 566.335 569.941
241   -44.696   -37.854  3.021  14 1 4 1 2 4 8 729.728 733.295
242    33.417    11.792  3.338  15 1 4 1 2 4 8 473.119 476.690
243   -35.187    19.226  3.371   2 1 4 1 2 4 8 184.223 187.758
244   -14.233   -74.988  3.035  14 1 4 1 2 4 8 408.353 412.254
245    37.158    -0.836  3.160  17 1 4 1 2 4 8 612.729 616.476
246   -51.697   -26.447  3.428  24 1 4 1 2 4 8 125.591 129.485
247    23.535     5.896  3.135 -10 1 4 1 2 4 8 453.035 456.795
248   -18.433    53.711  3.315  20 1 4 1 2 4 8 610.145 613.878
249   -11.340   -17.621  3.256  11 1 4 1 2 4 8 855.041 858.593
250    -7.812   -35.895  3.308  16 1 4 1 2 4 8 289.125 292.719
251     3.522    26.941  3.475   3 1 4 1 2 4 8 778.729 782.620
252   -46.588   -22.266  3.087  11 1 4 1 2 4 8 879.196 882.953
253    -2.997    -0.549  3.107  10 1 4 1 2 4 8 432.198 436.106
254    32.147    17.151  3.140  18 1 4 1 2 4 8 484.368 487.961
255    32.019    13.007  3.187  20 1 4 1 2 4 8 99.827 103.596
256    -6.628    29.889  3.259  24 1 4 1 2 4 8 862.102 865.863
257    77.777   -25.397  3.098  16 1 4 1 2 4 8 697.879 701.765
258    30.707    65.704  3.323   2 1 4 1 2 4 8 502.208 506.044
259   -43.811   -43.036  3.485  14 1 4 1 2 4 8 391.359 395.081
260    49.561    16.827  3.094  10 1 4 1 2 4 8 506.302 509.988
261   -28.931    -0.439  3.029 -22 1 4 1 2 4 8 280.415 283.981
262    40.363    16.382  3.352  14 1 4 1 2 4 8 331.454 335.082
263    22.748    40.674  3.059  15 1 4 1 2 4 8 456.253 459.911
264    -1.471     6.567  3.272   7 1 4 1 2 4 8 619.451 623.113
265    -1.190    16.864  3.372  20 1 4 1 2 4 8 788.603 792.465
266     8.032    41.821  2.952  -1 1 4 1 2 4 8 644.166 647.950
267   -44.019   -22.784  2.967 -24 1 4 1 2 4 8 703.751 707.446
268    12.366   -11.353  3.455 -22 1 4 1 2 4 8 79.818 83.606
269    33.276    15.881  3.129  23 1 4 1 2 4 8 671.038 674.821
270   -34.790   -15.045  2.983 -20 1 4 1 2 4 8 894.496 898.364
271   -96.857   -19.391  3.232  15 1 4 1 2 4 8 836.233 839.778
272    38.434    -5.353  3.269 -14 1 4 1 2 4 8 334.354 338.106
273   -25.391     0.220  3.442 -12 1 4 1 2 4 8 588.178 592.059
274     0.848   -31.860  3.011  -4 1 4 1 2 4 8 498.058 501.930
275   -24.023    95.691  3.437  15 1 4 1 2 4 8 546.364 550.186
276    -4.272    35.468  3.191  12 1 4 1 2 4 8 295.272 299.007
277    -6.927     1.855  3.462   8 1 4 1 2 4 8 511.414 515.283
278   -70.953    -3.217  3.477   2 1 4 1 2 4 8 516.266 519.869
279   -32.648   -16.522  3.278  24 1 4 1 2 4 8 788.215 791.843
280    42.859   -21.680  3.163   5 1 4 1 2 4 8 195.970 199.522
281     5.182     6.403  3.357  -8 1 4 1 2 4 8 234.215 237.770
282    36.920    -4.987  3.469  21 1 4 1 2 4 8 700.877 704.651
283    49.591    27.783  3.317  -5 1 4 1 2 4 8 172.089 175.882
284    45.038    10.785  3.371  16 1 4 1 2 4 8 212.663 216.450
285     7.690    14.056  2.968   8 1 4 1 2 4 8 613.810 617.452
286   -60.907    18.640  3.043  24 1 4 1 2 4 8 419.764 423.311
287   -64.496     8.923  3.202  23 1 4 1 2 4 8 639.621 643.196
288    37.158   -14.990  3.069   6 1 4 1 2 4 8 551.274 554.856
289     2.277     7.840 0.000   0 0 0 0.000 978.975
290    32.883    -1.779 0.000   0 0 0 0.000 978.975
291   -49.554   -17.828 0.000   0 0 0 0.000 978.975
292     3.690   -26.099 0.000   0 0 0 0.000 978.975
