6 1 72 6
500 200
500 200
500 200
500 200
500 200
500 200
  1   -92.700   -59.180  2.653 -20 1 6 1 2 4 8 16 32 275.114 278.323
  2    71.179    12.543  2.932  -6 1 6 1 2 4 8 16 32 441.023 444.390
  3    31.537    66.638  2.600  19 1 6 1 2 4 8 16 32 432.753 436.185
  4    -4.694    25.537  2.760  10 1 6 1 2 4 8 16 32 472.990 476.419
  5   -30.194    67.773  2.716  18 1 6 1 2 4 8 16 32 660.427 663.606
  6    12.677   -57.471  2.738   1 1 6 1 2 4 8 16 32 415.428 418.872
  7   -32.355   -20.966  2.888 -15 1 6 1 2 4 8 16 32 269.297 272.410
  8    19.910    48.975  2.971  23 1 6 1 2 4 8 16 32 619.264 622.392
  9    13.202   -19.135  2.759 -13 1 6 1 2 4 8 16 32 187.209 190.664
 10    54.877   -41.168  2.998  12 1 6 1 2 4 8 16 32 352.091 355.287
 11    15.063   -25.171  2.857   7 1 6 1 2 4 8 16 32 740.558 743.942
 12   -50.598   -16.418  2.820  25 1 6 1 2 4 8 16 32 684.729 688.175
 13   -29.730    17.078  2.657   5 1 6 1 2 4 8 16 32 707.669 711.002
 14    17.542     1.575  2.892   1 1 6 1 2 4 8 16 32 629.949 633.251
 15    11.127    77.216  2.658  25 1 6 1 2 4 8 16 32 739.588 743.028
 16    33.752    71.259  2.936  10 1 6 1 2 4 8 16 32 731.782 735.077
 17   -56.012   -10.394  3.087   2 1 6 1 2 4 8 16 32 327.700 330.939
 18    57.874   -16.290  2.610   7 1 6 1 2 4 8 16 32 115.075 118.393
 19    10.718   -18.787  3.021 -11 1 6 1 2 4 8 16 32 188.838 192.187
 20    53.088   -18.750  2.945   4 1 6 1 2 4 8 16 32 553.481 556.608
 21     1.569     7.532  2.760   6 1 6 1 2 4 8 16 32 525.559 528.852
 22    31.531    48.944  2.679  15 1 6 1 2 4 8 16 32 700.781 704.154
 23   -66.833   -37.854  2.650   7 1 6 1 2 4 8 16 32 357.699 360.977
 24   -70.740    62.244  2.818  -8 1 6 1 2 4 8 16 32 399.732 402.982
 25    32.538    23.096  3.011  10 1 6 1 2 4 8 16 32 454.873 458.241
 26   -51.453   -36.444  2.832   9 1 6 1 2 4 8 16 32 325.485 328.756
 27    36.456   -22.638  2.683   4 1 6 1 2 4 8 16 32 211.032 214.390
 28   -31.207    43.494  2.626   6 1 6 1 2 4 8 16 32 742.769 746.033
 29   -10.388    34.491  3.067 -22 1 6 1 2 4 8 16 32 658.944 662.080
 30    14.722   -10.834  2.962  17 1 6 1 2 4 8 16 32 361.333 364.755
 31    47.095   -21.387  2.903   9 1 6 1 2 4 8 16 32 648.368 651.664
 32    43.781    34.766  2.867  25 1 6 1 2 4 8 16 32 354.100 357.221
 33    53.546   -67.487  2.917  10 1 6 1 2 4 8 16 32 556.202 559.455
 34    26.801    46.515  2.593  18 1 6 1 2 4 8 16 32 399.626 402.767
 35    63.385    11.981  3.027  21 1 6 1 2 4 8 16 32 279.418 282.816
 36    47.192    -5.475  2.685 -10 1 6 1 2 4 8 16 32 231.376 234.783
 37   -16.315   -11.267  2.863  23 1 6 1 2 4 8 16 32 537.827 541.052
 38    78.900    17.651  2.642  23 1 6 1 2 4 8 16 32 449.888 453.239
 39    79.822    22.272  3.107  11 1 6 1 2 4 8 16 32 629.815 633.269
 40    12.878    16.919  3.024   1 1 6 1 2 4 8 16 32 503.886 507.305
 41   -67.981    -3.754  2.681 -23 1 6 1 2 4 8 16 32 288.847 292.079
 42     9.198   -18.597  2.862 -16 1 6 1 2 4 8 16 32 427.838 430.972
 43   -35.950   -19.141  3.010 -10 1 6 1 2 4 8 16 32 457.815 461.037
 44    28.766    45.276  2.716  12 1 6 1 2 4 8 16 32 106.904 110.114
 45    11.469    68.231  2.839  12 1 6 1 2 4 8 16 32 445.764 448.897
 46   -22.760    45.496  2.711   3 1 6 1 2 4 8 16 32 409.926 413.052
 47   -65.674   -23.120  2.925  22 1 6 1 2 4 8 16 32 553.880 557.250
 48     7.239     1.599  3.103  21 1 6 1 2 4 8 16 32 597.225 600.615
 49   -29.785   -11.285  2.877  13 1 6 1 2 4 8 16 32 613.404 616.525
 50   -89.050    16.211  2.839  15 1 6 1 2 4 8 16 32 503.464 506.713
 51   -46.887    -3.363  2.736  13 1 6 1 2 4 8 16 32 208.578 211.885
 52   -14.972    30.621  3.057  20 1 6 1 2 4 8 16 32 464.494 467.622
 53   -17.035    49.774  3.055  10 1 6 1 2 4 8 16 32 483.791 486.965
 54    31.635    53.619  3.042  25 1 6 1 2 4 8 16 32 662.635 665.953
 55    -3.577    13.342  2.779   7 1 6 1 2 4 8 16 32 518.971 522.186
 56    33.008    58.960  2.629  15 1 6 1 2 4 8 16 32 324.779 328.065
 57   -92.950    63.263  2.631   2 1 6 1 2 4 8 16 32 654.627 657.743
 58    -9.137   -22.931  2.683  23 1 6 1 2 4 8 16 32 166.503 169.700
 59   -39.960     6.195  3.017  -5 1 6 1 2 4 8 16 32 556.939 560.273
 60    28.430   -19.214  2.828  25 1 6 1 2 4 8 16 32 342.195 345.467
 61   -28.540    -3.485  3.062  -9 1 6 1 2 4 8 16 32 242.626 245.936
 62    31.415    36.859  3.066   2 1 6 1 2 4 8 16 32 300.298 303.704
 63   -49.426    60.602  2.691  24 1 6 1 2 4 8 16 32 205.758 209.194
 64   -72.827   -27.765  2.878 -13 1 6 1 2 4 8 16 32 212.756 215.884
 65    60.083   -45.905  2.932  20 1 6 1 2 4 8 16 32 308.713 312.111
 66    10.870    -3.900  2.752  13 1 6 1 2 4 8 16 32 647.041 650.317
 67    25.122     7.672  2.601  15 1 6 1 2 4 8 16 32 467.589 470.725
 68   -46.997   -17.474  2.728   4 1 6 1 2 4 8 16 32 345.690 348.931
 69    16.058    33.020  2.893  20 1 6 1 2 4 8 16 32 617.731 621.160
 70    25.409   -11.700  2.807   8 1 6 1 2 4 8 16 32 186.658 189.860
 71    68.323    -5.145  2.833  19 1 6 1 2 4 8 16 32 358.768 362.149
 72   -13.104    62.158  3.037  20 1 6 1 2 4 8 16 32 754.657 757.997
 73    42.395    -8.344 0.000   0 0 0 0.000 863.860
 74   -42.175   -14.554 0.000   0 0 0 0.000 863.860
 75    16.034    40.726 0.000   0 0 0 0.000 863.860
 76   -14.639    29.633 0.000   0 0 0 0.000 863.860
 77    16.049    -3.934 0.000   0 0 0 0.000 863.860
 78    46.112    12.430 0.000   0 0 0 0.000 863.860
