6 2 144 6
475 190
475 190
475 190
475 190
475 190
475 190
  1   -40.289   -42.303  2.775  20 1 6 1 2 4 8 16 32 723.846 727.203
  2   -64.709   -17.389  3.010  10 1 6 1 2 4 8 16 32 543.346 546.819
  3     5.060   -14.349  3.103   8 1 6 1 2 4 8 16 32 160.179 163.630
  4    72.095    20.233  2.711   6 1 6 1 2 4 8 16 32 581.733 585.130
  5     2.594   -15.002  3.125   1 1 6 1 2 4 8 16 32 381.002 384.371
  6   -24.176   -72.894  2.870 -19 1 6 1 2 4 8 16 32 257.165 260.366
  7   -13.190    66.498  3.029  13 1 6 1 2 4 8 16 32 303.473 306.693
  8    33.191    13.690  3.082 -24 1 6 1 2 4 8 16 32 448.563 451.815
  9    66.827   -30.554  3.093  15 1 6 1 2 4 8 16 32 137.733 141.061
 10    19.934    35.883  2.705  13 1 6 1 2 4 8 16 32 350.342 353.732
 11   -27.771    32.269  2.714 -10 1 6 1 2 4 8 16 32 460.714 464.199
 12    51.154   -16.827  2.693   4 1 6 1 2 4 8 16 32 365.073 368.317
 13   -19.214    23.749  2.768  12 1 6 1 2 4 8 16 32 155.399 158.819
 14   -46.643   -52.954  3.167 -21 1 6 1 2 4 8 16 32 111.798 115.189
 15   -10.590   -16.626  2.929   2 1 6 1 2 4 8 16 32 240.943 244.176
 16    35.150    12.622  3.023  10 1 6 1 2 4 8 16 32 649.135 652.432
 17   -37.378    12.256  3.029 -20 1 6 1 2 4 8 16 32 116.398 119.713
 18    82.794    25.836  3.064   9 1 6 1 2 4 8 16 32 696.315 699.758
 19     8.936    -3.723  2.673  24 1 6 1 2 4 8 16 32 555.949 559.442
 20   -56.659    25.555  2.942  19 1 6 1 2 4 8 16 32 282.515 285.829
 21   -52.020   -40.137  2.829  13 1 6 1 2 4 8 16 32 495.729 498.997
 22    39.270    12.787  2.724 -14 1 6 1 2 4 8 16 32 564.758 568.034
 23    19.757    21.228  2.722  17 1 6 1 2 4 8 16 32 671.345 674.632
 24   -23.071   -12.659  2.831  25 1 6 1 2 4 8 16 32 118.644 121.894
 25    15.686    52.374  2.854   1 1 6 1 2 4 8 16 32 120.504 123.764
 26    58.771    -7.056  3.136   9 1 6 1 2 4 8 16 32 369.513 373.011
 27   -33.087    72.266  2.763  12 1 6 1 2 4 8 16 32 331.679 334.975
 28     2.551    46.851  3.023  22 1 6 1 2 4 8 16 32 664.362 667.741
 29   -18.719    73.126  2.974   2 1 6 1 2 4 8 16 32 304.498 307.947
 30   -67.627   -20.679  3.023 -21 1 6 1 2 4 8 16 32 623.940 627.414
 31   -76.862   -11.365  2.642   8 1 6 1 2 4 8 16 32 281.235 284.451
 32   -24.194   -38.263  2.906  19 1 6 1 2 4 8 16 32 727.943 731.420
 33   -20.374   -31.903  3.130  24 1 6 1 2 4 8 16 32 189.853 193.055
 34     9.290    39.618  2.692  24 1 6 1 2 4 8 16 32 340.805 344.115
 35    26.044    35.974  2.844   2 1 6 1 2 4 8 16 32 479.227 482.691
 36   -57.385   -45.264  3.024  20 1 6 1 2 4 8 16 32 576.114 579.462
 37     1.489   -62.592  2.720  20 1 6 1 2 4 8 16 32 183.107 186.468
 38    34.937    13.672  3.099   5 1 6 1 2 4 8 16 32 467.944 471.164
 39   -22.290    45.648  3.032  17 1 6 1 2 4 8 16 32 732.908 736.187
 40    -5.920    44.061  3.135  -4 1 6 1 2 4 8 16 32 589.230 592.684
 41   -38.446   -23.541  3.130  21 1 6 1 2 4 8 16 32 181.905 185.283
 42    28.894    33.936  3.127   3 1 6 1 2 4 8 16 32 337.341 340.581
 43   -35.388    -5.341  3.101 -16 1 6 1 2 4 8 16 32 565.748 569.129
 44   -19.501    13.519  3.129  14 1 6 1 2 4 8 16 32 568.117 571.430
 45    -9.216   -30.988  2.777   6 1 6 1 2 4 8 16 32 124.558 127.756
 46   -22.131   -17.065  2.811   5 1 6 1 2 4 8 16 32 458.967 462.362
 47   -22.827    36.810  2.811  12 1 6 1 2 4 8 16 32 397.964 401.138
 48   -61.365   -18.463  3.044  23 1 6 1 2 4 8 16 32 370.512 373.801
 49    50.128   -66.046  3.110  12 1 6 1 2 4 8 16 32 740.624 743.920
 50    25.647    24.139  2.820  18 1 6 1 2 4 8 16 32 480.702 483.940
 51    65.521    42.810  2.909  24 1 6 1 2 4 8 16 32 157.121 160.537
 52   -60.956   -47.925  3.056   3 1 6 1 2 4 8 16 32 716.072 719.585
 53    -9.070    42.798  2.820   3 1 6 1 2 4 8 16 32 367.934 371.409
 54   -19.061     4.480  2.848  25 1 6 1 2 4 8 16 32 515.214 518.484
 55   -54.071    -3.870  3.012  22 1 6 1 2 4 8 16 32 461.543 464.750
 56   -25.598   -18.866  2.801  25 1 6 1 2 4 8 16 32 516.941 520.236
 57   -18.707    84.296  3.098  15 1 6 1 2 4 8 16 32 689.899 693.393
 58   -70.184   -39.166  2.641 -18 1 6 1 2 4 8 16 32 131.607 135.027
 59   -14.636    -0.446  3.057   8 1 6 1 2 4 8 16 32 102.820 106.277
 60   -76.465   -38.922  3.120  20 1 6 1 2 4 8 16 32 298.608 301.938
 61    44.092    12.433  2.961  18 1 6 1 2 4 8 16 32 734.375 737.842
 62   -22.772   -50.867  2.987   5 1 6 1 2 4 8 16 32 352.054 355.559
 63    19.104    44.672  2.885  25 1 6 1 2 4 8 16 32 480.233 483.706
 64   -44.019   -39.935  3.058  16 1 6 1 2 4 8 16 32 325.412 328.845
 65    -2.972    -4.059  2.763 -14 1 6 1 2 4 8 16 32 302.841 306.355
 66   -24.261    35.907  2.724   1 1 6 1 2 4 8 16 32 373.738 377.241
 67   -61.877   -73.901  2.655  15 1 6 1 2 4 8 16 32 166.861 170.322
 68    -5.640   -26.721  2.801  22 1 6 1 2 4 8 16 32 676.710 680.182
 69    45.844   -36.835  3.036   6 1 6 1 2 4 8 16 32 112.685 116.169
 70   -51.746   -79.840  3.082  24 1 6 1 2 4 8 16 32 627.095 630.451
 71   -33.008    10.992  3.039  19 1 6 1 2 4 8 16 32 692.664 695.989
 72   -25.653    -0.372  2.799  12 1 6 1 2 4 8 16 32 714.191 717.411
 73   -21.497    61.487  3.042  13 1 6 1 2 4 8 16 32 657.255 660.472
 74     2.032    26.727  3.010  10 1 6 1 2 4 8 16 32 158.287 161.745
 75   -26.758    14.807  3.051  12 1 6 1 2 4 8 16 32 300.984 304.441
 76   -37.256   -44.861  2.807  13 1 6 1 2 4 8 16 32 650.668 653.953
 77    -0.861   -16.418  2.710  25 1 6 1 2 4 8 16 32 789.806 793.320
 78   -51.160    34.967  3.028 -12 1 6 1 2 4 8 16 32 776.247 779.516
 79   -41.266   -76.886  2.652  -2 1 6 1 2 4 8 16 32 568.028 571.500
 80   -30.255    74.701  2.835  11 1 6 1 2 4 8 16 32 169.116 172.508
 81   -46.368    -1.514  2.827 -10 1 6 1 2 4 8 16 32 662.261 665.460
 82   -71.619    73.077  3.043  -9 1 6 1 2 4 8 16 32 513.802 517.029
 83   -46.606   -39.948  2.834  21 1 6 1 2 4 8 16 32 494.795 498.023
 84   -30.243    67.102  2.664  14 1 6 1 2 4 8 16 32 180.875 184.242
 85   -40.997   -43.036  2.937 -15 1 6 1 2 4 8 16 32 705.680 709.093
 86   -74.286   -52.307  3.048  -6 1 6 1 2 4 8 16 32 559.184 562.638
 87   -17.609   -71.851  3.039  25 1 6 1 2 4 8 16 32 478.124 481.339
 88     2.350   -81.805  2.802  14 1 6 1 2 4 8 16 32 542.573 546.053
 89   -85.486   -54.059  2.878  17 1 6 1 2 4 8 16 32 539.918 543.240
 90    23.822    10.571  2.745   8 1 6 1 2 4 8 16 32 142.078 145.369
 91   -24.530   -31.726  3.052   4 1 6 1 2 4 8 16 32 96.071 99.293
 92   -42.474   -15.009  2.688  17 1 6 1 2 4 8 16 32 378.381 381.838
 93   -33.624    50.330  3.083  23 1 6 1 2 4 8 16 32 727.450 730.707
 94   -81.458   -41.565  2.895   4 1 6 1 2 4 8 16 32 447.525 450.794
 95   -73.505   -48.279  3.101   4 1 6 1 2 4 8 16 32 440.224 443.505
 96    -3.052    70.898  3.110   9 1 6 1 2 4 8 16 32 709.195 712.593
 97     0.946    25.458  2.747   9 1 6 1 2 4 8 16 32 320.408 323.693
 98   -54.144    13.525  2.739  19 1 6 1 2 4 8 16 32 214.674 217.846
 99   -30.634     7.526  2.838  12 1 6 1 2 4 8 16 32 131.385 134.717
100   -68.335   -34.277  2.734  25 1 6 1 2 4 8 16 32 403.919 407.294
101     7.178    57.935  2.930   8 1 6 1 2 4 8 16 32 451.425 454.712
102     4.712    48.669  2.843  13 1 6 1 2 4 8 16 32 275.325 278.696
103    58.087    26.379  2.896  -3 1 6 1 2 4 8 16 32 577.675 580.844
104    18.347    34.784  2.658   6 1 6 1 2 4 8 16 32 361.500 364.817
105   -44.629   -61.975  2.713  11 1 6 1 2 4 8 16 32 406.750 410.064
106     5.231    26.068  2.672  24 1 6 1 2 4 8 16 32 220.699 224.139
107   -48.065   -36.755  2.765  16 1 6 1 2 4 8 16 32 378.512 381.932
108    -3.589   -27.734  2.689  21 1 6 1 2 4 8 16 32 561.241 564.722
109     9.808    36.896  2.663 -25 1 6 1 2 4 8 16 32 430.223 433.460
110    59.460     1.233  2.921 -10 1 6 1 2 4 8 16 32 253.825 257.022
111   -47.522    19.873  2.698   2 1 6 1 2 4 8 16 32 774.894 778.153
112   -48.431   -50.317  3.136  13 1 6 1 2 4 8 16 32 699.718 703.114
113    44.666    20.953  2.975  14 1 6 1 2 4 8 16 32 117.090 120.350
114   -19.226    32.770  2.950  19 1 6 1 2 4 8 16 32 378.401 381.724
115   -15.662    17.462  3.044  16 1 6 1 2 4 8 16 32 517.864 521.258
116   -91.669    77.722  2.682  23 1 6 1 2 4 8 16 32 348.061 351.299
117   -30.035   -78.284  2.858  13 1 6 1 2 4 8 16 32 648.877 652.123
118    73.663    32.941  3.009  24 1 6 1 2 4 8 16 32 532.704 535.925
119    22.400   -60.083  2.814  17 1 6 1 2 4 8 16 32 355.942 359.368
120    61.206   -13.501  2.995  -8 1 6 1 2 4 8 16 32 151.547 154.723
121    22.131   -50.012  2.801 -12 1 6 1 2 4 8 16 32 718.479 721.734
122    -6.317    56.665  2.680   6 1 6 1 2 4 8 16 32 447.642 451.154
123   -20.471    12.885  3.127  20 1 6 1 2 4 8 16 32 140.679 143.997
124   -61.084   -44.769  2.949  20 1 6 1 2 4 8 16 32 548.610 551.944
125    -9.576   -19.366  2.880  24 1 6 1 2 4 8 16 32 712.431 715.678
126     5.627   -88.501  2.907 -10 1 6 1 2 4 8 16 32 274.557 277.924
127    -2.618    22.131  3.083 -18 1 6 1 2 4 8 16 32 668.726 672.231
128    40.497    32.343  2.954  10 1 6 1 2 4 8 16 32 590.679 594.026
129    -3.296    36.774  2.796 -15 1 6 1 2 4 8 16 32 477.015 480.460
130   -50.995    19.781  2.938 -12 1 6 1 2 4 8 16 32 480.972 484.254
131   -70.520    -3.809  2.887  22 1 6 1 2 4 8 16 32 207.139 210.528
132     4.205     0.812  2.948  11 1 6 1 2 4 8 16 32 498.665 501.882
133     9.955    26.337  2.741  14 1 6 1 2 4 8 16 32 739.046 742.449
134    13.538   -21.313  2.861   9 1 6 1 2 4 8 16 32 372.923 376.439
135   -21.869   -18.768  2.917   6 1 6 1 2 4 8 16 32 731.990 735.216
136   -37.158   -30.768  2.642  23 1 6 1 2 4 8 16 32 345.394 348.572
137   -86.975    10.345  2.772  -8 1 6 1 2 4 8 16 32 446.991 450.335
138   -47.272   -46.326  2.643  22 1 6 1 2 4 8 16 32 390.912 394.381
139     4.095   -19.354  2.690   7 1 6 1 2 4 8 16 32 270.642 273.833
140     4.205    30.292  2.974  15 1 6 1 2 4 8 16 32 501.581 505.075
141   -42.017    53.986  2.793  22 1 6 1 2 4 8 16 32 213.230 216.563
142    35.095   -10.895  2.825   7 1 6 1 2 4 8 16 32 349.063 352.233
143    61.188   -59.875  2.809  14 1 6 1 2 4 8 16 32 150.743 154.175
144   -34.674    -1.337  2.801 -21 1 6 1 2 4 8 16 32 394.036 397.321
145    -3.799    44.290 0.000   0 0 0 0.000 879.825
146    14.233    21.173 0.000   0 0 0 0.000 879.825
147   -23.334   -28.397 0.000   0 0 0 0.000 879.825
148    10.065     1.822 0.000   0 0 0 0.000 879.825
149   -49.115   -43.549 0.000   0 0 0 0.000 879.825
150   -21.054     4.144 0.000   0 0 0 0.000 879.825
