6 3 216 6
450 180
450 180
450 180
450 180
450 180
450 180
  1   -41.235   -66.357  3.162   3 1 6 1 2 4 8 16 32 795.163 798.714
  2    34.064   -59.357  3.105  16 1 6 1 2 4 8 16 32 628.849 632.655
  3    20.917   -52.582  3.158   8 1 6 1 2 4 8 16 32 193.271 197.007
  4   -38.538   -37.396  3.003  15 1 6 1 2 4 8 16 32 640.486 644.246
  5    41.058    22.931  3.334  12 1 6 1 2 4 8 16 32 770.984 774.519
  6   -54.034   -53.131  3.070  13 1 6 1 2 4 8 16 32 474.129 477.743
  7     8.099    80.725  3.139   8 1 6 1 2 4 8 16 32 647.250 650.770
  8    81.299    13.409  3.134  24 1 6 1 2 4 8 16 32 493.711 497.318
  9    14.459    -2.972  3.180  14 1 6 1 2 4 8 16 32 879.278 882.903
 10   -52.539    60.107  3.280  17 1 6 1 2 4 8 16 32 750.373 754.103
 11   -57.202   -34.229  3.406   8 1 6 1 2 4 8 16 32 678.273 682.073
 12   -65.552   -40.222  2.893  11 1 6 1 2 4 8 16 32 260.104 263.631
 13   -19.751   -10.278  3.325   8 1 6 1 2 4 8 16 32 765.795 769.615
 14   -26.965   -87.012  2.976  17 1 6 1 2 4 8 16 32 202.167 205.826
 15     3.192   -88.654  2.968  19 1 6 1 2 4 8 16 32 510.452 514.159
 16    34.521    32.837  3.052  13 1 6 1 2 4 8 16 32 649.758 653.488
 17    80.035     5.273  3.321  -2 1 6 1 2 4 8 16 32 374.630 378.224
 18   -39.838   -67.731  2.919   8 1 6 1 2 4 8 16 32 781.061 784.581
 19    14.600    11.365  3.030  21 1 6 1 2 4 8 16 32 606.653 610.314
 20   -20.990   -80.511  3.097  13 1 6 1 2 4 8 16 32 361.674 365.456
 21    48.242    47.284  3.083  17 1 6 1 2 4 8 16 32 306.155 309.799
 22    59.338   -31.860  2.914  -4 1 6 1 2 4 8 16 32 274.001 277.534
 23   -13.995   -45.624  2.892  22 1 6 1 2 4 8 16 32 300.467 304.202
 24    32.397   -32.532  3.433  24 1 6 1 2 4 8 16 32 402.093 405.933
 25     2.826    50.824  3.358  11 1 6 1 2 4 8 16 32 585.509 589.040
 26   -66.077   -34.686  2.940   6 1 6 1 2 4 8 16 32 141.483 144.970
 27   -13.660    18.640  3.007  19 1 6 1 2 4 8 16 32 847.310 851.022
 28   -59.344    12.769  2.894  11 1 6 1 2 4 8 16 32 828.233 831.881
 29    -5.133   -18.463  2.985  23 1 6 1 2 4 8 16 32 587.119 590.728
 30   -22.961   -21.729  3.362   4 1 6 1 2 4 8 16 32 562.388 565.920
 31    58.130    46.606  2.909   5 1 6 1 2 4 8 16 32 539.643 543.409
 32   -49.603   -76.624  3.174 -16 1 6 1 2 4 8 16 32 193.216 197.031
 33    -4.803    43.036  3.042   2 1 6 1 2 4 8 16 32 794.906 798.619
 34    68.616   -19.623  3.164  13 1 6 1 2 4 8 16 32 337.826 341.324
 35    37.915    63.599  3.414  11 1 6 1 2 4 8 16 32 336.731 340.396
 36     1.251   -26.550  3.131   9 1 6 1 2 4 8 16 32 840.540 844.084
 37   -37.952     1.685  3.044 -18 1 6 1 2 4 8 16 32 649.813 653.355
 38   -40.503     8.038  3.436   7 1 6 1 2 4 8 16 32 607.517 611.168
 39    -8.392   -38.678  2.900 -24 1 6 1 2 4 8 16 32 766.965 770.478
 40   -36.725    25.494  2.989  -5 1 6 1 2 4 8 16 32 587.878 591.580
 41   -47.754   -50.073  3.340   2 1 6 1 2 4 8 16 32 123.691 127.449
 42    22.595   -28.357  3.408  -5 1 6 1 2 4 8 16 32 750.747 754.507
 43   -36.365   -48.163  3.132   5 1 6 1 2 4 8 16 32 138.474 142.202
 44    75.452   -13.422  3.129   3 1 6 1 2 4 8 16 32 224.338 228.042
 45   -64.520   -13.232  3.201  13 1 6 1 2 4 8 16 32 399.423 402.900
 46     1.257    29.156  2.982   2 1 6 1 2 4 8 16 32 771.674 775.223
 47    -1.569   -35.974  3.181  10 1 6 1 2 4 8 16 32 107.479 111.233
 48    46.747     6.696  2.958 -12 1 6 1 2 4 8 16 32 515.282 518.957
 49    82.080    27.057  2.981  24 1 6 1 2 4 8 16 32 312.626 316.107
 50    74.695    19.366  3.055  21 1 6 1 2 4 8 16 32 492.457 496.119
 51    47.015     9.338  2.885  18 1 6 1 2 4 8 16 32 170.017 173.498
 52   -62.036   -21.326  2.931   5 1 6 1 2 4 8 16 32 818.378 821.892
 53     9.192    20.038  3.050  15 1 6 1 2 4 8 16 32 124.739 128.400
 54    -3.094    21.582  3.285 -11 1 6 1 2 4 8 16 32 574.792 578.445
 55   -75.446    13.086  2.934  -7 1 6 1 2 4 8 16 32 511.934 515.567
 56    10.034   -63.739  3.058   3 1 6 1 2 4 8 16 32 226.919 230.533
 57    71.814    26.501  3.188  17 1 6 1 2 4 8 16 32 459.590 463.098
 58    18.842   -38.019  3.282  14 1 6 1 2 4 8 16 32 577.322 580.938
 59   -10.541   -31.305  3.303  14 1 6 1 2 4 8 16 32 457.705 461.275
 60     8.252   -91.150  3.149   7 1 6 1 2 4 8 16 32 664.732 668.233
 61    72.821   -38.916  3.114  12 1 6 1 2 4 8 16 32 669.129 672.963
 62   -30.157    38.776  3.395   5 1 6 1 2 4 8 16 32 203.438 207.196
 63   -56.256    -5.548  3.056  11 1 6 1 2 4 8 16 32 696.442 700.024
 64    -8.398   -37.604  3.323  17 1 6 1 2 4 8 16 32 454.671 458.490
 65    15.021    13.708  3.303  -3 1 6 1 2 4 8 16 32 506.539 510.027
 66   -60.199    24.292  3.259   7 1 6 1 2 4 8 16 32 660.832 664.609
 67   -13.794   -27.106  2.995  13 1 6 1 2 4 8 16 32 652.278 655.984
 68   -34.796   -22.205  3.120  20 1 6 1 2 4 8 16 32 226.162 229.760
 69    69.641    83.057  2.896  13 1 6 1 2 4 8 16 32 331.640 335.370
 70   -44.440    30.090  3.242   4 1 6 1 2 4 8 16 32 440.018 443.541
 71    48.633     3.021  3.011   3 1 6 1 2 4 8 16 32 283.967 287.672
 72   -15.314    51.709  3.056  24 1 6 1 2 4 8 16 32 604.084 607.925
 73    36.261    26.782  3.184  23 1 6 1 2 4 8 16 32 407.016 410.659
 74    59.961    24.310  3.338  21 1 6 1 2 4 8 16 32 801.317 804.804
 75    55.304     6.628  3.196  23 1 6 1 2 4 8 16 32 276.071 279.656
 76    39.960    48.297  3.081  10 1 6 1 2 4 8 16 32 140.030 143.615
 77   -48.895   -71.100  3.002  21 1 6 1 2 4 8 16 32 729.021 732.796
 78    -2.338   -62.909  3.077  24 1 6 1 2 4 8 16 32 788.816 792.524
 79     9.491   -41.901  3.016   9 1 6 1 2 4 8 16 32 435.714 439.236
 80   -54.675   -18.439  3.297 -22 1 6 1 2 4 8 16 32 790.799 794.322
 81    10.980    -7.605  3.051   3 1 6 1 2 4 8 16 32 142.329 145.897
 82   -69.824   -50.354  3.356   6 1 6 1 2 4 8 16 32 744.211 747.685
 83   -40.308    -7.452  3.452  11 1 6 1 2 4 8 16 32 743.075 746.893
 84    62.244    43.628  3.308  10 1 6 1 2 4 8 16 32 757.389 760.986
 85    29.077    63.116  2.988  15 1 6 1 2 4 8 16 32 598.080 601.876
 86   -12.067   -21.509  3.328   9 1 6 1 2 4 8 16 32 732.271 735.966
 87    14.728    28.906  3.264  20 1 6 1 2 4 8 16 32 120.563 124.375
 88   -63.086   -60.114  3.392  19 1 6 1 2 4 8 16 32 593.945 597.501
 89    33.655    -0.928  3.185 -19 1 6 1 2 4 8 16 32 638.106 641.589
 90   -12.225    14.148  3.124  19 1 6 1 2 4 8 16 32 199.130 202.969
 91   -89.966    51.514  2.952 -20 1 6 1 2 4 8 16 32 726.495 730.018
 92    -0.763    41.339  2.968   1 1 6 1 2 4 8 16 32 852.333 856.002
 93    80.695    32.983  3.285  15 1 6 1 2 4 8 16 32 476.567 480.245
 94   -53.394   -14.240  3.150  18 1 6 1 2 4 8 16 32 820.847 824.355
 95   -53.284   -64.136  3.011  -2 1 6 1 2 4 8 16 32 374.518 378.321
 96    73.260    10.669  3.327  25 1 6 1 2 4 8 16 32 445.135 448.948
 97    59.613    13.452  3.315  20 1 6 1 2 4 8 16 32 419.706 423.498
 98   -37.012     6.476  3.190 -18 1 6 1 2 4 8 16 32 632.151 635.856
 99   -53.656    21.692  2.883  -8 1 6 1 2 4 8 16 32 616.870 620.459
100   -36.890    18.372  3.439   3 1 6 1 2 4 8 16 32 695.495 699.305
101    -4.608   -13.806  2.960   2 1 6 1 2 4 8 16 32 730.872 734.615
102    53.802    36.993  3.347  15 1 6 1 2 4 8 16 32 484.378 487.959
103    48.468   -66.040  3.298  21 1 6 1 2 4 8 16 32 624.554 628.156
104   -46.393   -20.929  3.456   6 1 6 1 2 4 8 16 32 334.248 337.956
105   -15.045   -40.845  3.102  24 1 6 1 2 4 8 16 32 146.303 149.780
106   -73.621    -9.552  3.034  19 1 6 1 2 4 8 16 32 396.417 400.067
107    92.847    45.587  3.176  23 1 6 1 2 4 8 16 32 518.706 522.507
108    33.557    28.064  3.399  16 1 6 1 2 4 8 16 32 665.683 669.393
109    47.321    24.414  3.434  16 1 6 1 2 4 8 16 32 833.018 836.775
110    -6.610   -30.157  2.922   9 1 6 1 2 4 8 16 32 874.526 878.056
111    12.103    23.840  3.056   1 1 6 1 2 4 8 16 32 354.336 358.081
112   -61.963    26.239  3.426  10 1 6 1 2 4 8 16 32 319.498 323.184
113    23.877     9.808  3.259 -14 1 6 1 2 4 8 16 32 610.058 613.726
114    49.780     6.866  2.913  11 1 6 1 2 4 8 16 32 759.042 762.697
115   -53.021   -21.484  3.130   4 1 6 1 2 4 8 16 32 462.571 466.158
116    54.962     2.985  3.261 -23 1 6 1 2 4 8 16 32 815.986 819.758
117     4.865   -69.586  3.301  23 1 6 1 2 4 8 16 32 701.634 705.416
118    33.948    45.209  3.226  22 1 6 1 2 4 8 16 32 744.528 748.036
119   -32.166   -23.621  3.192  11 1 6 1 2 4 8 16 32 827.207 830.791
120   -17.548   -46.765  3.285  14 1 6 1 2 4 8 16 32 575.194 578.942
121    31.744    33.972  3.359  12 1 6 1 2 4 8 16 32 721.969 725.593
122    45.374    22.131  3.137  13 1 6 1 2 4 8 16 32 580.756 584.406
123    -5.219   -23.114  2.885 -11 1 6 1 2 4 8 16 32 544.767 548.572
124   -51.056   -46.545  2.997  -9 1 6 1 2 4 8 16 32 776.431 780.117
125    11.774    11.133  3.425   6 1 6 1 2 4 8 16 32 559.555 563.207
126   -39.758   -13.019  3.125  25 1 6 1 2 4 8 16 32 686.770 690.579
127    27.930    29.321  2.969 -21 1 6 1 2 4 8 16 32 765.671 769.403
128    33.740    66.595  3.375  13 1 6 1 2 4 8 16 32 513.102 516.758
129   -91.815    29.858  3.353  23 1 6 1 2 4 8 16 32 669.335 673.098
130   -24.628   -68.701  3.159   8 1 6 1 2 4 8 16 32 694.559 698.201
131    44.659    20.465  3.385   7 1 6 1 2 4 8 16 32 359.603 363.428
132    45.447   -21.069  3.455   8 1 6 1 2 4 8 16 32 180.397 184.045
133   -37.366   -12.097  3.190  -9 1 6 1 2 4 8 16 32 183.457 187.053
134    41.998     0.153  3.290   2 1 6 1 2 4 8 16 32 258.029 261.701
135   -42.822   -30.170  3.036  24 1 6 1 2 4 8 16 32 332.920 336.567
136    34.906    -4.578  3.350   7 1 6 1 2 4 8 16 32 571.986 575.627
137   -65.137   -43.079  3.027  23 1 6 1 2 4 8 16 32 235.638 239.435
138    20.270    -4.999  3.255  21 1 6 1 2 4 8 16 32 817.546 821.121
139   -36.731    -8.929  3.287  12 1 6 1 2 4 8 16 32 126.939 130.628
140   -26.984   -19.568  2.989  23 1 6 1 2 4 8 16 32 631.710 635.407
141   -31.299   -83.813  2.934 -18 1 6 1 2 4 8 16 32 721.510 725.311
142   -26.794    12.506  3.387  -5 1 6 1 2 4 8 16 32 815.775 819.577
143   -39.362   -58.521  3.277  15 1 6 1 2 4 8 16 32 208.054 211.536
144   -34.369     0.610  2.891  11 1 6 1 2 4 8 16 32 839.102 842.877
145    43.372     4.187  2.889  -8 1 6 1 2 4 8 16 32 585.715 589.535
146   -38.226    -9.448  3.370  -2 1 6 1 2 4 8 16 32 135.205 138.806
147   -25.610   -99.237  3.236   6 1 6 1 2 4 8 16 32 240.913 244.740
148    48.059    29.517  3.066  23 1 6 1 2 4 8 16 32 234.694 238.483
149   -43.628   -32.318  3.138  -9 1 6 1 2 4 8 16 32 246.045 249.717
150   -16.602   -29.327  3.121   1 1 6 1 2 4 8 16 32 652.562 656.114
151   -29.810   -12.408  3.172  12 1 6 1 2 4 8 16 32 452.774 456.263
152   -51.910   -28.711  3.077  17 1 6 1 2 4 8 16 32 841.181 844.835
153    -1.801   -18.671  2.885  -2 1 6 1 2 4 8 16 32 274.792 278.537
154    18.738    21.399  3.088   5 1 6 1 2 4 8 16 32 238.506 242.253
155    60.120     7.788  2.939  -1 1 6 1 2 4 8 16 32 298.867 302.467
156    43.079    42.017  3.195  20 1 6 1 2 4 8 16 32 168.773 172.462
157   -39.435    -5.902  3.019  19 1 6 1 2 4 8 16 32 850.227 853.718
158   -35.889   -16.034  3.361  13 1 6 1 2 4 8 16 32 145.359 148.875
159   -41.827    38.995  2.913  10 1 6 1 2 4 8 16 32 842.383 845.842
160    84.497    29.822  3.441   9 1 6 1 2 4 8 16 32 318.830 322.318
161   -17.560   -10.480  3.413  14 1 6 1 2 4 8 16 32 146.950 150.635
162   -48.383   -48.920  3.160  -4 1 6 1 2 4 8 16 32 584.561 588.336
163   -49.335   -17.969  3.168  20 1 6 1 2 4 8 16 32 382.879 386.605
164    16.095    -2.490  3.266 -17 1 6 1 2 4 8 16 32 502.839 506.383
165    65.527    14.026  3.137  19 1 6 1 2 4 8 16 32 382.008 385.608
166    -2.930    13.220  3.262  19 1 6 1 2 4 8 16 32 196.332 199.947
167   -18.768   -23.663  3.023 -16 1 6 1 2 4 8 16 32 497.982 501.794
168   -91.095   -80.737  3.223   4 1 6 1 2 4 8 16 32 606.870 610.359
169   -21.088   -13.293  3.066  -1 1 6 1 2 4 8 16 32 771.840 775.581
170    46.985    17.224  3.302  21 1 6 1 2 4 8 16 32 429.678 433.435
171   -61.957   -33.038  3.078   9 1 6 1 2 4 8 16 32 806.791 810.455
172    -9.003   -25.452  3.250   2 1 6 1 2 4 8 16 32 361.204 364.770
173    33.661    -7.666  3.260  24 1 6 1 2 4 8 16 32 614.039 617.763
174   -25.592   -10.840  3.347   1 1 6 1 2 4 8 16 32 149.255 152.921
175    36.560    -2.441  3.324  21 1 6 1 2 4 8 16 32 434.545 438.197
176     7.141    24.817  2.940 -13 1 6 1 2 4 8 16 32 752.496 756.326
177   -43.170   -30.487  3.040  15 1 6 1 2 4 8 16 32 408.749 412.224
178   -21.228     0.751  3.435   4 1 6 1 2 4 8 16 32 762.388 765.950
179    19.696    10.767  3.288  10 1 6 1 2 4 8 16 32 452.527 456.163
180    -6.494   -29.425  3.374 -19 1 6 1 2 4 8 16 32 482.176 485.964
181    54.388     8.630  2.962   1 1 6 1 2 4 8 16 32 363.220 366.962
182    64.203    77.612  2.905  25 1 6 1 2 4 8 16 32 189.977 193.692
183    40.381     1.611  3.412   3 1 6 1 2 4 8 16 32 592.657 596.214
184   -41.711    -5.133  2.979  21 1 6 1 2 4 8 16 32 583.213 586.901
185    74.274   -19.922  3.390   7 1 6 1 2 4 8 16 32 561.810 565.274
186   -73.999   -54.626  3.304  18 1 6 1 2 4 8 16 32 363.695 367.171
187    29.706    15.454  3.187  -3 1 6 1 2 4 8 16 32 133.191 136.946
188    23.785    12.177  3.245   1 1 6 1 2 4 8 16 32 354.777 358.333
189    42.578    45.325  3.374   2 1 6 1 2 4 8 16 32 790.051 793.756
190   -16.730   -16.559  3.004  -8 1 6 1 2 4 8 16 32 163.264 166.907
191   -14.697    -0.116  3.345  10 1 6 1 2 4 8 16 32 674.859 678.568
192   -19.769     8.392  3.271  19 1 6 1 2 4 8 16 32 318.783 322.535
193   -30.267    14.893  3.088 -17 1 6 1 2 4 8 16 32 665.024 668.824
194   -63.116   -67.462  3.034  19 1 6 1 2 4 8 16 32 757.607 761.214
195    86.029    38.916  3.170 -24 1 6 1 2 4 8 16 32 418.288 422.113
196    79.480   -24.866  3.034  24 1 6 1 2 4 8 16 32 292.712 296.223
197    35.144    14.734  3.357   6 1 6 1 2 4 8 16 32 813.707 817.396
198   -49.365    -9.052  3.233   2 1 6 1 2 4 8 16 32 439.238 443.078
199   -49.475   -17.578  3.429   7 1 6 1 2 4 8 16 32 824.031 827.699
200    57.501    16.327  3.005  10 1 6 1 2 4 8 16 32 668.390 672.077
201    54.889    12.024  2.910  13 1 6 1 2 4 8 16 32 762.186 765.698
202   -53.027   -33.179  3.323 -20 1 6 1 2 4 8 16 32 195.058 198.664
203    -0.415    16.644  2.881  -1 1 6 1 2 4 8 16 32 322.014 325.589
204    21.594    16.144  3.163 -17 1 6 1 2 4 8 16 32 552.611 556.318
205   -46.924   -49.261  3.271  17 1 6 1 2 4 8 16 32 836.169 839.909
206    18.457    19.733  2.974  16 1 6 1 2 4 8 16 32 236.491 240.021
207    35.822    19.763  3.223   9 1 6 1 2 4 8 16 32 266.887 270.686
208    71.869    29.034  3.019  25 1 6 1 2 4 8 16 32 799.378 803.084
209   -56.378   -42.755  3.346   1 1 6 1 2 4 8 16 32 272.784 276.456
210   -25.800    25.159  3.380  23 1 6 1 2 4 8 16 32 604.213 607.921
211    -5.676    33.850  3.183  10 1 6 1 2 4 8 16 32 827.836 831.320
212    54.041    -5.292  2.977  15 1 6 1 2 4 8 16 32 593.551 597.260
213   -63.074    27.380  2.963  25 1 6 1 2 4 8 16 32 631.193 634.745
214   -16.864   -49.768  3.251  25 1 6 1 2 4 8 16 32 376.972 380.687
215    47.919    13.629  3.085  16 1 6 1 2 4 8 16 32 529.810 533.596
216   -10.724    -2.075  3.296   1 1 6 1 2 4 8 16 32 601.175 604.781
217   -15.067   -23.950 0.000   0 0 0 0.000 960.420
218    38.791    22.443 0.000   0 0 0 0.000 960.420
219   -41.833   -35.361 0.000   0 0 0 0.000 960.420
220   -29.523    -4.843 0.000   0 0 0 0.000 960.420
221    49.725    11.990 0.000   0 0 0 0.000 960.420
222    21.133    14.142 0.000   0 0 0 0.000 960.420
