6 4 288 6
425 170
425 170
425 170
425 170
425 170
425 170
  1    12.805     1.886  3.074 -10 1 6 1 2 4 8 16 32 751.910 755.868
  2    18.213     1.373  3.145  21 1 6 1 2 4 8 16 32 88.010 91.803
  3    57.947   -48.779  3.348   8 1 6 1 2 4 8 16 32 570.187 574.121
  4   -52.429   -84.088  3.396  23 1 6 1 2 4 8 16 32 150.706 154.340
  5    60.797   -32.593  3.516  10 1 6 1 2 4 8 16 32 128.059 131.784
  6    23.151     4.205  3.475   9 1 6 1 2 4 8 16 32 601.050 604.960
  7    25.385    22.986  3.221  21 1 6 1 2 4 8 16 32 443.927 447.743
  8    25.513   -52.985  3.532  16 1 6 1 2 4 8 16 32 613.692 617.290
  9   -49.261   -41.718  3.006  21 1 6 1 2 4 8 16 32 740.337 744.157
 10   -37.561   -41.730  3.549  -3 1 6 1 2 4 8 16 32 677.281 680.863
 11   -14.520    48.962  3.478  24 1 6 1 2 4 8 16 32 837.907 841.861
 12    41.229   -24.500  3.019   2 1 6 1 2 4 8 16 32 828.017 831.631
 13   -21.863     0.916  3.534   4 1 6 1 2 4 8 16 32 482.454 486.196
 14   -48.181   -16.284  3.223  18 1 6 1 2 4 8 16 32 532.533 536.101
 15    -7.776    44.348  3.036   5 1 6 1 2 4 8 16 32 243.752 247.648
 16    20.801    10.760  3.253  13 1 6 1 2 4 8 16 32 725.925 729.533
 17   -29.712   -46.326  3.087  13 1 6 1 2 4 8 16 32 335.840 339.746
 18   -20.203   -59.564  3.380  14 1 6 1 2 4 8 16 32 323.400 327.060
 19   -87.079   -52.899  3.082  10 1 6 1 2 4 8 16 32 549.582 553.182
 20     3.046    -6.305  3.219   3 1 6 1 2 4 8 16 32 366.726 370.495
 21    11.865     5.261  3.338   1 1 6 1 2 4 8 16 32 435.593 439.342
 22   -24.072   -55.927  3.232  11 1 6 1 2 4 8 16 32 211.740 215.382
 23   -22.803     5.658  3.057  16 1 6 1 2 4 8 16 32 443.987 447.911
 24   -51.904     9.412  3.478   6 1 6 1 2 4 8 16 32 365.612 369.191
 25    12.732   -40.967  3.547  18 1 6 1 2 4 8 16 32 563.612 567.432
 26   -30.988     7.654  3.174  11 1 6 1 2 4 8 16 32 571.154 574.830
 27    37.512     0.458  3.417 -15 1 6 1 2 4 8 16 32 272.309 275.930
 28     2.954    -8.563  3.445  17 1 6 1 2 4 8 16 32 873.620 877.486
 29     0.549     3.644  3.455  17 1 6 1 2 4 8 16 32 479.191 482.839
 30   -52.484     9.711  3.235   1 1 6 1 2 4 8 16 32 828.804 832.764
 31    33.936   -48.718  3.154   1 1 6 1 2 4 8 16 32 557.102 561.002
 32   -13.129   -53.601  3.203  18 1 6 1 2 4 8 16 32 864.363 868.310
 33   -99.591    23.303  3.289   3 1 6 1 2 4 8 16 32 139.926 143.802
 34     6.439    -3.516  3.479  21 1 6 1 2 4 8 16 32 877.792 881.410
 35   -14.032   -19.818  3.556  22 1 6 1 2 4 8 16 32 674.333 678.231
 36   -24.677    16.608  3.065  14 1 6 1 2 4 8 16 32 154.817 158.680
 37   -10.260   -81.769  3.548   4 1 6 1 2 4 8 16 32 479.033 482.955
 38    35.858     5.597  3.252  17 1 6 1 2 4 8 16 32 526.223 529.955
 39   -11.603    42.908  3.065 -16 1 6 1 2 4 8 16 32 397.507 401.280
 40   -34.662   -15.466  2.991  -8 1 6 1 2 4 8 16 32 91.694 95.636
 41    66.852     1.135  3.534  14 1 6 1 2 4 8 16 32 174.587 178.336
 42     6.866    -1.416  3.313 -23 1 6 1 2 4 8 16 32 565.388 569.074
 43     1.660    -2.234  3.018   1 1 6 1 2 4 8 16 32 658.145 661.863
 44    37.561    11.450  3.020  21 1 6 1 2 4 8 16 32 519.666 523.309
 45    51.672   -26.343  3.251  10 1 6 1 2 4 8 16 32 848.598 852.530
 46    19.025   -10.889  3.278  19 1 6 1 2 4 8 16 32 195.287 199.144
 47   -37.982    -6.360  3.226   6 1 6 1 2 4 8 16 32 322.042 325.899
 48   -56.537   -42.334  3.013   4 1 6 1 2 4 8 16 32 115.261 118.861
 49     1.099   -14.624  3.537  18 1 6 1 2 4 8 16 32 462.403 466.031
 50   -56.238    -3.076  3.163  23 1 6 1 2 4 8 16 32 119.802 123.639
 51   -23.669   -15.289  3.462  25 1 6 1 2 4 8 16 32 245.470 249.276
 52   -34.277    -1.410  3.060  17 1 6 1 2 4 8 16 32 417.218 420.950
 53   -64.178    63.812  3.453  11 1 6 1 2 4 8 16 32 240.012 243.701
 54   -47.083   -20.386  3.520 -20 1 6 1 2 4 8 16 32 600.808 604.763
 55   -33.710     8.380  3.156  -9 1 6 1 2 4 8 16 32 84.437 88.070
 56    34.290    26.031  3.164  23 1 6 1 2 4 8 16 32 351.735 355.512
 57   -38.861    42.114  3.337  14 1 6 1 2 4 8 16 32 193.033 196.894
 58   -92.731    44.885  3.081  -7 1 6 1 2 4 8 16 32 428.609 432.554
 59    23.633    27.643  3.554  15 1 6 1 2 4 8 16 32 650.047 653.834
 60   -67.139   -67.078  3.079  22 1 6 1 2 4 8 16 32 551.538 555.362
 61    25.726   -25.836  3.266   4 1 6 1 2 4 8 16 32 161.665 165.606
 62   -40.985   -16.895  3.338  14 1 6 1 2 4 8 16 32 479.571 483.298
 63    77.008    -6.097  3.498  24 1 6 1 2 4 8 16 32 412.783 416.457
 64   -54.810    -1.935  3.557  13 1 6 1 2 4 8 16 32 214.468 218.232
 65   -53.943   -29.663  3.321  -9 1 6 1 2 4 8 16 32 512.900 516.547
 66    16.089   -27.887  3.149   3 1 6 1 2 4 8 16 32 816.501 820.333
 67   -59.436    36.487  3.200  23 1 6 1 2 4 8 16 32 844.868 848.758
 68    34.473    25.391  3.233   2 1 6 1 2 4 8 16 32 439.866 443.614
 69    -9.283    -6.689  3.182 -23 1 6 1 2 4 8 16 32 608.439 612.221
 70   -85.559   -20.477  3.274   8 1 6 1 2 4 8 16 32 277.562 281.269
 71    29.523    18.347  3.554  23 1 6 1 2 4 8 16 32 700.850 704.686
 72    27.814     6.512  3.432 -13 1 6 1 2 4 8 16 32 188.248 191.853
 73    42.151   -25.580  3.277  25 1 6 1 2 4 8 16 32 140.456 144.058
 74    82.202    85.828  3.230  25 1 6 1 2 4 8 16 32 488.566 492.346
 75   -47.766   -35.590  3.102  20 1 6 1 2 4 8 16 32 599.929 603.835
 76    22.015   -20.349  3.086  -9 1 6 1 2 4 8 16 32 770.110 773.791
 77   -55.756   -33.490  3.051 -15 1 6 1 2 4 8 16 32 378.196 382.019
 78    62.006    -1.453  2.980   4 1 6 1 2 4 8 16 32 618.780 622.422
 79    25.549    -3.796  3.051   1 1 6 1 2 4 8 16 32 339.695 343.475
 80   -43.372    -7.379  3.113  -7 1 6 1 2 4 8 16 32 891.921 895.527
 81    60.297    52.637  3.037  12 1 6 1 2 4 8 16 32 200.773 204.377
 82   -96.155    34.100  3.257  -5 1 6 1 2 4 8 16 32 441.738 445.519
 83   -32.806    -3.845  3.020   8 1 6 1 2 4 8 16 32 257.747 261.434
 84   -47.827   -45.203  3.198   1 1 6 1 2 4 8 16 32 857.275 861.006
 85   -31.128   -93.848  3.119  24 1 6 1 2 4 8 16 32 455.520 459.229
 86   -17.010   -21.857  3.323  23 1 6 1 2 4 8 16 32 135.150 138.831
 87    -8.386    -2.264  3.433  12 1 6 1 2 4 8 16 32 531.310 535.114
 88    35.834    13.147  3.256   2 1 6 1 2 4 8 16 32 664.740 668.524
 89    29.315    54.468  3.008 -22 1 6 1 2 4 8 16 32 359.165 362.789
 90    48.352    -8.783  3.156   3 1 6 1 2 4 8 16 32 643.017 646.593
 91    -2.930    27.039  3.542 -12 1 6 1 2 4 8 16 32 646.686 650.328
 92   -16.620   -55.389  3.087 -16 1 6 1 2 4 8 16 32 540.118 543.915
 93   -40.851   -47.742  3.556   8 1 6 1 2 4 8 16 32 175.308 179.069
 94   -12.878    -2.039  3.154  25 1 6 1 2 4 8 16 32 335.119 338.755
 95   -51.776     7.281  3.325   6 1 6 1 2 4 8 16 32 685.613 689.181
 96   -32.922    23.828  3.373  24 1 6 1 2 4 8 16 32 156.892 160.498
 97    13.983   -34.521  3.142  16 1 6 1 2 4 8 16 32 573.323 576.930
 98   -35.834   -23.834  3.325   7 1 6 1 2 4 8 16 32 73.919 77.599
 99    91.858     5.542  3.051   9 1 6 1 2 4 8 16 32 660.680 664.276
100   -28.442   -34.180  3.368  23 1 6 1 2 4 8 16 32 142.017 145.717
101    33.844    27.875  3.070  24 1 6 1 2 4 8 16 32 649.737 653.645
102    98.431    31.348  3.488 -19 1 6 1 2 4 8 16 32 429.798 433.722
103   -57.751   -27.753  3.554   9 1 6 1 2 4 8 16 32 211.836 215.725
104   -43.890    13.007  3.551  10 1 6 1 2 4 8 16 32 326.000 329.599
105    37.585    49.768  3.291  23 1 6 1 2 4 8 16 32 402.111 405.784
106    -3.687     7.373  3.411   2 1 6 1 2 4 8 16 32 819.933 823.764
107   -98.242    61.658  3.458   5 1 6 1 2 4 8 16 32 389.627 393.586
108   -23.560   -32.520  3.190  25 1 6 1 2 4 8 16 32 447.017 450.843
109    22.980   -18.109  3.538  17 1 6 1 2 4 8 16 32 435.751 439.450
110    43.915    -2.985  3.158  23 1 6 1 2 4 8 16 32 767.284 771.203
111    71.509    11.652  3.041  23 1 6 1 2 4 8 16 32 519.930 523.698
112   -43.011   -38.702  3.224  13 1 6 1 2 4 8 16 32 395.571 399.428
113   -83.954     2.179  3.339   2 1 6 1 2 4 8 16 32 635.057 638.879
114    11.090   -40.942  3.380  24 1 6 1 2 4 8 16 32 510.771 514.390
115    27.173   -13.330  3.243 -22 1 6 1 2 4 8 16 32 517.468 521.212
116   -86.102   -59.808  3.390  20 1 6 1 2 4 8 16 32 472.457 476.369
117   -22.345   -78.278  3.167  15 1 6 1 2 4 8 16 32 198.671 202.285
118   -38.727   -33.588  3.438  12 1 6 1 2 4 8 16 32 238.405 242.151
119    -1.227   -28.668  3.507  17 1 6 1 2 4 8 16 32 423.872 427.715
120    81.329   -44.244  3.457 -21 1 6 1 2 4 8 16 32 327.199 330.940
121    51.904    19.891  3.286  10 1 6 1 2 4 8 16 32 379.355 383.053
122   -34.973   -27.856  3.556  -4 1 6 1 2 4 8 16 32 615.858 619.639
123   -51.483   -23.248  3.219 -21 1 6 1 2 4 8 16 32 398.471 402.236
124    -0.647   -46.057  3.175   3 1 6 1 2 4 8 16 32 705.547 709.503
125    68.219   -66.986  3.397  17 1 6 1 2 4 8 16 32 350.735 354.310
126   -15.149   -25.482  3.084  19 1 6 1 2 4 8 16 32 316.175 320.089
127    22.412   -34.375  3.532  10 1 6 1 2 4 8 16 32 704.396 708.197
128    36.176   -10.431  3.384  21 1 6 1 2 4 8 16 32 289.694 293.281
129   -23.639   -47.681  3.100  21 1 6 1 2 4 8 16 32 800.714 804.579
130   -14.722    32.684  3.057   6 1 6 1 2 4 8 16 32 509.588 513.246
131    16.821   -12.720  3.553   8 1 6 1 2 4 8 16 32 547.645 551.410
132    93.378    23.004  3.531   8 1 6 1 2 4 8 16 32 802.836 806.643
133    40.344   -24.176  3.374  13 1 6 1 2 4 8 16 32 219.417 223.251
134     5.530    -4.901  3.459   7 1 6 1 2 4 8 16 32 818.925 822.735
135   -78.015     1.270  2.993  11 1 6 1 2 4 8 16 32 772.123 775.905
136    51.569   -45.673  3.182  18 1 6 1 2 4 8 16 32 386.287 390.139
137    49.249   -30.896  3.292 -10 1 6 1 2 4 8 16 32 281.682 285.328
138   -62.195   -21.399  3.022  25 1 6 1 2 4 8 16 32 349.030 352.646
139    -5.048     7.306  3.217   7 1 6 1 2 4 8 16 32 469.407 473.124
140     1.727   -70.221  3.532 -17 1 6 1 2 4 8 16 32 136.364 140.039
141     1.361    -3.564  3.394 -20 1 6 1 2 4 8 16 32 105.359 108.939
142   -15.521    16.425  3.298 -18 1 6 1 2 4 8 16 32 319.574 323.399
143   -31.604   -60.938  2.980  21 1 6 1 2 4 8 16 32 732.918 736.612
144   -46.997   -55.560  3.562  14 1 6 1 2 4 8 16 32 327.821 331.731
145     2.301     5.536  3.432   2 1 6 1 2 4 8 16 32 812.381 816.016
146   -30.328    -0.580  3.281 -18 1 6 1 2 4 8 16 32 235.674 239.246
147   -16.821    17.664  3.026  10 1 6 1 2 4 8 16 32 815.419 819.019
148    52.655    29.034  3.400   5 1 6 1 2 4 8 16 32 221.730 225.574
149   -11.993   -83.771  3.419 -15 1 6 1 2 4 8 16 32 226.123 229.778
150    41.632    43.048  3.342 -17 1 6 1 2 4 8 16 32 464.536 468.108
151     8.508    -2.539  3.152  12 1 6 1 2 4 8 16 32 241.967 245.666
152    31.512    -8.978  3.272  14 1 6 1 2 4 8 16 32 223.387 227.069
153    -3.339   -36.243  2.978   3 1 6 1 2 4 8 16 32 87.956 91.776
154   -26.379    13.776  3.040   7 1 6 1 2 4 8 16 32 478.101 482.028
155    28.430    10.571  3.159  21 1 6 1 2 4 8 16 32 774.822 778.712
156     5.975    27.289  3.531   7 1 6 1 2 4 8 16 32 814.439 818.112
157   -32.135   -45.068  3.101   5 1 6 1 2 4 8 16 32 219.458 223.266
158    31.097    -7.916  3.561  24 1 6 1 2 4 8 16 32 752.438 756.020
159    28.198   -29.755  3.412  13 1 6 1 2 4 8 16 32 550.580 554.214
160   -39.612   -33.594  3.025  18 1 6 1 2 4 8 16 32 876.299 880.034
161   -19.220    -5.133  3.080  19 1 6 1 2 4 8 16 32 142.336 146.200
162   -10.114    69.977  3.351  22 1 6 1 2 4 8 16 32 821.796 825.399
163    22.894   -44.348  3.227  13 1 6 1 2 4 8 16 32 106.937 110.543
164   -34.741     0.580  3.181  10 1 6 1 2 4 8 16 32 394.071 398.026
165   -44.952   -77.734  3.530   4 1 6 1 2 4 8 16 32 172.564 176.233
166   -23.749   -56.012  3.407  17 1 6 1 2 4 8 16 32 712.611 716.382
167    69.073   -97.125  3.523   2 1 6 1 2 4 8 16 32 645.254 648.852
168    12.170   -59.869  3.339 -18 1 6 1 2 4 8 16 32 694.212 697.810
169    47.339    17.365  3.058   2 1 6 1 2 4 8 16 32 575.832 579.584
170    -4.706    14.056  3.157 -18 1 6 1 2 4 8 16 32 592.580 596.204
171   -52.374   -50.244  2.997  13 1 6 1 2 4 8 16 32 439.306 443.181
172    39.215   -29.773  3.061  24 1 6 1 2 4 8 16 32 471.687 475.538
173   -42.316   -60.602  3.156  25 1 6 1 2 4 8 16 32 93.833 97.577
174    19.135    41.150  3.259   2 1 6 1 2 4 8 16 32 314.636 318.423
175   -54.706   -17.596  3.201   2 1 6 1 2 4 8 16 32 569.708 573.499
176    11.737   -83.173  3.319  -7 1 6 1 2 4 8 16 32 575.932 579.512
177   -40.582   -53.247  3.414  23 1 6 1 2 4 8 16 32 507.090 510.748
178    -6.421    21.967  3.062 -21 1 6 1 2 4 8 16 32 625.675 629.324
179   -31.268   -34.613  3.331 -18 1 6 1 2 4 8 16 32 627.928 631.550
180    -3.668   -26.868  3.257  21 1 6 1 2 4 8 16 32 205.972 209.599
181    13.409   -22.302  3.157  23 1 6 1 2 4 8 16 32 649.201 653.113
182   -95.892   -86.322  3.005  16 1 6 1 2 4 8 16 32 499.837 503.595
183    88.983   -53.387  3.131 -22 1 6 1 2 4 8 16 32 823.226 827.131
184   -55.048   -32.538  3.011  11 1 6 1 2 4 8 16 32 341.845 345.548
185    27.850   -10.028  2.992 -22 1 6 1 2 4 8 16 32 725.810 729.579
186    40.918   -36.090  3.037 -10 1 6 1 2 4 8 16 32 297.203 300.989
187   -58.350    15.814  3.498 -15 1 6 1 2 4 8 16 32 257.616 261.486
188   -52.161   -74.725  3.306  23 1 6 1 2 4 8 16 32 495.415 499.322
189   -66.772   -34.943  3.199   7 1 6 1 2 4 8 16 32 627.757 631.461
190   -33.374   -62.024  3.193   1 1 6 1 2 4 8 16 32 590.823 594.746
191    -8.649    31.708  3.286  21 1 6 1 2 4 8 16 32 809.317 813.178
192   -26.166   -56.152  3.189  11 1 6 1 2 4 8 16 32 738.443 742.162
193   -39.874   -53.375  3.544   2 1 6 1 2 4 8 16 32 897.625 901.253
194    71.643   -36.981  3.163  24 1 6 1 2 4 8 16 32 705.269 708.919
195   -96.924     8.411  3.062  25 1 6 1 2 4 8 16 32 751.846 755.520
196    -2.911    36.200  3.008  17 1 6 1 2 4 8 16 32 358.241 362.082
197   -53.253    14.099  3.000  10 1 6 1 2 4 8 16 32 722.314 726.193
198    67.316   -39.734  3.376  18 1 6 1 2 4 8 16 32 478.185 481.755
199    -6.525    11.975  3.476   2 1 6 1 2 4 8 16 32 332.666 336.534
200    16.425    33.221  3.324  12 1 6 1 2 4 8 16 32 528.442 532.284
201   -19.061   -56.921  3.152   4 1 6 1 2 4 8 16 32 818.253 821.960
202    25.189   -21.045  3.207   1 1 6 1 2 4 8 16 32 792.234 795.804
203    37.854    -5.524  2.983   1 1 6 1 2 4 8 16 32 718.192 722.145
204   -16.479    48.657  3.418  -6 1 6 1 2 4 8 16 32 758.225 761.891
205     2.344   -16.516  3.354  22 1 6 1 2 4 8 16 32 637.008 640.797
206   -48.621   -12.390  3.287 -25 1 6 1 2 4 8 16 32 161.737 165.486
207   -42.621   -50.006  3.109  21 1 6 1 2 4 8 16 32 99.386 103.229
208    16.016    11.169  3.417  18 1 6 1 2 4 8 16 32 633.654 637.410
209   -80.408   -60.583  2.971 -14 1 6 1 2 4 8 16 32 743.855 747.629
210   -95.068    44.293  3.019 -21 1 6 1 2 4 8 16 32 272.183 275.832
211    -6.885    24.884  3.331   4 1 6 1 2 4 8 16 32 562.408 566.293
212    -4.803    21.674  3.026   1 1 6 1 2 4 8 16 32 424.732 428.661
213     7.037   -45.337  3.042  18 1 6 1 2 4 8 16 32 217.954 221.567
214    31.293   -39.905  3.367   4 1 6 1 2 4 8 16 32 278.148 281.975
215    14.984    26.172  3.099  -4 1 6 1 2 4 8 16 32 632.903 636.693
216    33.203   -52.289  3.504   5 1 6 1 2 4 8 16 32 392.137 395.975
217   -59.277    39.667  3.404  15 1 6 1 2 4 8 16 32 727.304 731.006
218    30.054   -36.823  3.238   5 1 6 1 2 4 8 16 32 410.287 413.895
219     9.351   -39.044  3.390  22 1 6 1 2 4 8 16 32 254.821 258.642
220   -10.651    54.431  2.996 -21 1 6 1 2 4 8 16 32 551.499 555.190
221    20.856   -26.465  3.264  17 1 6 1 2 4 8 16 32 640.855 644.692
222    19.617    17.865  3.354   8 1 6 1 2 4 8 16 32 550.095 553.918
223   -36.981   -92.950  3.295   4 1 6 1 2 4 8 16 32 303.957 307.583
224    -3.760    59.875  3.106   4 1 6 1 2 4 8 16 32 791.646 795.270
225    11.682   -63.336  3.346 -16 1 6 1 2 4 8 16 32 343.864 347.539
226     4.468   -36.133  3.216   5 1 6 1 2 4 8 16 32 882.634 886.457
227    47.040   -41.254  3.288  15 1 6 1 2 4 8 16 32 722.401 726.094
228    29.938   -58.710  3.412  25 1 6 1 2 4 8 16 32 196.770 200.477
229   -70.569    -7.037  3.076  15 1 6 1 2 4 8 16 32 272.979 276.739
230    56.262     1.819  3.437   7 1 6 1 2 4 8 16 32 172.162 175.967
231    46.210   -53.522  3.382 -19 1 6 1 2 4 8 16 32 219.819 223.636
232     6.366   -14.264  3.452  11 1 6 1 2 4 8 16 32 379.378 383.181
233   -34.540   -39.502  3.176  13 1 6 1 2 4 8 16 32 606.230 609.825
234   -50.537    28.357  3.054  24 1 6 1 2 4 8 16 32 472.915 476.652
235   -61.444   -10.901  3.465   4 1 6 1 2 4 8 16 32 832.365 836.157
236   -30.823    17.902  3.220 -13 1 6 1 2 4 8 16 32 380.786 384.734
237    49.658    24.469  2.978   6 1 6 1 2 4 8 16 32 299.680 303.343
238   -69.775   -41.406  3.059   4 1 6 1 2 4 8 16 32 125.365 129.196
239   -18.939    57.690  3.183  12 1 6 1 2 4 8 16 32 726.412 729.983
240   -22.449    15.771  3.287  -4 1 6 1 2 4 8 16 32 315.620 319.328
241    -7.599    37.030  3.342   4 1 6 1 2 4 8 16 32 481.771 485.406
242    27.435    17.554  3.346  25 1 6 1 2 4 8 16 32 133.078 136.692
243    45.526    -5.127  3.153  25 1 6 1 2 4 8 16 32 314.834 318.528
244   -33.551   -25.586  3.136  14 1 6 1 2 4 8 16 32 332.655 336.454
245    -4.645    53.754  3.281  25 1 6 1 2 4 8 16 32 699.292 703.010
246   -41.119   -13.361  3.175  13 1 6 1 2 4 8 16 32 220.511 224.302
247    23.010   -45.703  3.297  13 1 6 1 2 4 8 16 32 139.631 143.460
248    17.230     5.096  3.366  11 1 6 1 2 4 8 16 32 750.489 754.374
249    -6.818   -19.873  3.494  24 1 6 1 2 4 8 16 32 584.703 588.661
250    52.966    51.410  2.980  -5 1 6 1 2 4 8 16 32 739.018 742.786
251   -28.662   -50.940  3.105  12 1 6 1 2 4 8 16 32 248.758 252.349
252    69.684   -51.520  3.336   4 1 6 1 2 4 8 16 32 227.568 231.314
253    36.884   -17.371  3.219   5 1 6 1 2 4 8 16 32 522.068 525.851
254   -19.659    42.035  3.452 -24 1 6 1 2 4 8 16 32 112.589 116.461
255    72.125    65.405  3.109  17 1 6 1 2 4 8 16 32 706.547 710.196
256   -71.368    59.863  3.265  -4 1 6 1 2 4 8 16 32 812.428 816.223
257    18.317   -37.750  3.228   1 1 6 1 2 4 8 16 32 466.007 469.665
258    18.121     0.482  3.228  19 1 6 1 2 4 8 16 32 643.916 647.705
259    -1.105   -30.676  3.170   7 1 6 1 2 4 8 16 32 470.795 474.599
260   -44.574   -44.055  2.995  24 1 6 1 2 4 8 16 32 294.305 298.202
261   -28.058   -59.436  3.163  10 1 6 1 2 4 8 16 32 355.077 358.928
262    -7.953     4.639  3.479  13 1 6 1 2 4 8 16 32 326.094 329.659
263   -37.366   -28.528  3.243 -24 1 6 1 2 4 8 16 32 213.787 217.494
264     4.388   -38.489  3.522   3 1 6 1 2 4 8 16 32 523.745 527.425
265   -44.592   -35.333  3.241  14 1 6 1 2 4 8 16 32 295.242 299.178
266   -56.714   -39.252  3.441   2 1 6 1 2 4 8 16 32 169.525 173.356
267    13.452   -32.159  3.187  24 1 6 1 2 4 8 16 32 397.974 401.901
268   -20.343   -11.182  3.436  11 1 6 1 2 4 8 16 32 389.235 393.013
269     3.436   -52.734  3.202   5 1 6 1 2 4 8 16 32 693.302 697.001
270    40.576   -54.492  3.078  14 1 6 1 2 4 8 16 32 251.994 255.777
271    31.952   -25.421  3.481  21 1 6 1 2 4 8 16 32 624.026 627.984
272   -57.434    38.525  3.166  14 1 6 1 2 4 8 16 32 672.610 676.267
273    47.510   -42.035  3.278  15 1 6 1 2 4 8 16 32 425.425 429.007
274   -28.143   -41.614  3.438  -3 1 6 1 2 4 8 16 32 320.404 324.175
275    -2.258    -5.078  3.128  15 1 6 1 2 4 8 16 32 613.383 617.074
276   -27.167   -27.936  3.433  15 1 6 1 2 4 8 16 32 554.576 558.482
277   -24.048   -47.192  3.505 -21 1 6 1 2 4 8 16 32 682.785 686.596
278   -77.521   -55.084  3.028  17 1 6 1 2 4 8 16 32 576.259 579.909
279   -62.036   -43.439  3.134  18 1 6 1 2 4 8 16 32 537.128 541.066
280   -71.936   -20.160  3.091 -15 1 6 1 2 4 8 16 32 513.856 517.568
281   -66.504   -39.789  3.400  19 1 6 1 2 4 8 16 32 818.550 822.409
282    14.587    48.444  3.324   9 1 6 1 2 4 8 16 32 193.234 196.954
283    31.366   -29.462  3.103  10 1 6 1 2 4 8 16 32 418.648 422.473
284     6.512   -46.124  3.078  13 1 6 1 2 4 8 16 32 538.565 542.358
285     9.650    39.508  3.005  25 1 6 1 2 4 8 16 32 408.571 412.339
286    16.040    16.681  3.276   1 1 6 1 2 4 8 16 32 543.859 547.817
287     7.745   -75.378  3.559  11 1 6 1 2 4 8 16 32 715.099 719.032
288   -27.173    -4.462  3.503  25 1 6 1 2 4 8 16 32 411.641 415.461
289   -40.198   -12.781 0.000   0 0 0 0.000 990.110
290   -40.488   -35.864 0.000   0 0 0 0.000 990.110
291    -1.193     2.515 0.000   0 0 0 0.000 990.110
292    18.329   -35.468 0.000   0 0 0 0.000 990.110
293    23.746    -0.522 0.000   0 0 0 0.000 990.110
294   -46.396   -39.923 0.000   0 0 0 0.000 990.110
