6 1 48 4
500 200
500 200
500 200
500 200
  1   -29.730    64.136  3.227  12 1 4 1 2 4 8 770.467 774.083
  2   -30.664     5.463  3.090   8 1 4 1 2 4 8 70.135 73.665
  3    51.642     5.469  3.037  16 1 4 1 2 4 8 686.448 690.182
  4   -13.171    69.336  3.077   5 1 4 1 2 4 8 782.664 786.109
  5   -67.413    68.323  3.263  12 1 4 1 2 4 8 759.621 763.119
  6    48.907     6.274  3.190   5 1 4 1 2 4 8 362.269 366.015
  7     5.243    22.260  3.061  13 1 4 1 2 4 8 844.681 848.243
  8   -65.002    77.234  3.319  20 1 4 1 2 4 8 279.994 283.587
  9    -4.175    -1.569  3.363  13 1 4 1 2 4 8 93.983 97.719
 10    23.029    11.639  3.180  18 1 4 1 2 4 8 698.411 702.176
 11    25.482     6.287  3.241   7 1 4 1 2 4 8 467.411 471.107
 12   -42.615   -26.392  3.205   6 1 4 1 2 4 8 428.290 431.963
 13   -76.672    99.341  3.029   9 1 4 1 2 4 8 808.944 812.428
 14   -20.673    57.892  3.439   9 1 4 1 2 4 8 87.560 91.052
 15   -52.039     6.567  2.940   4 1 4 1 2 4 8 77.780 81.510
 16   -41.376    50.824  3.046  25 1 4 1 2 4 8 534.767 538.570
 17   -91.943    27.588  3.404  -5 1 4 1 2 4 8 315.304 319.027
 18   -65.118    30.212  3.263  17 1 4 1 2 4 8 106.066 109.575
 19    18.597    96.716  2.945   3 1 4 1 2 4 8 702.293 705.935
 20   -40.942    83.209  2.876  16 1 4 1 2 4 8 415.504 419.079
 21   -37.756   -33.325  3.424 -25 1 4 1 2 4 8 174.711 178.418
 22    23.767    29.083  2.918  21 1 4 1 2 4 8 520.581 524.223
 23   -43.030    20.453  3.279  14 1 4 1 2 4 8 532.026 535.756
 24   -35.297   -24.896  3.345  19 1 4 1 2 4 8 800.598 804.339
 25   -54.755    14.368  3.336  14 1 4 1 2 4 8 656.088 659.900
 26   -49.329    33.374  3.055  -6 1 4 1 2 4 8 426.306 429.890
 27    57.404    23.822  3.336  16 1 4 1 2 4 8 815.657 819.120
 28   -22.754    55.408  3.268   9 1 4 1 2 4 8 667.592 671.205
 29   -56.622    73.340  3.020  20 1 4 1 2 4 8 767.651 771.222
 30   -38.562    -3.705  3.228 -13 1 4 1 2 4 8 389.072 392.687
 31   -16.779    19.537  3.399  10 1 4 1 2 4 8 222.239 225.819
 32   -11.560    11.615  3.319  16 1 4 1 2 4 8 493.046 496.642
 33   -46.545    97.974  3.096  19 1 4 1 2 4 8 664.818 668.395
 34    16.229     9.320  3.074  22 1 4 1 2 4 8 663.397 666.920
 35     1.294     7.349  2.933  14 1 4 1 2 4 8 165.263 168.998
 36   -26.404    29.529  3.082  10 1 4 1 2 4 8 825.332 828.933
 37     4.352    14.685  3.387  11 1 4 1 2 4 8 84.100 87.570
 38   -50.665   -23.126  3.422  15 1 4 1 2 4 8 595.213 598.843
 39   -22.833    -9.814  3.247  13 1 4 1 2 4 8 382.937 386.564
 40   -71.100   -18.616  3.362  15 1 4 1 2 4 8 214.393 218.078
 41    -7.849    32.074  3.135   8 1 4 1 2 4 8 525.026 528.579
 42    11.877   -24.933  3.222 -22 1 4 1 2 4 8 708.306 711.832
 43   -18.927   -23.730  3.266 -24 1 4 1 2 4 8 833.923 837.567
 44   -11.920    11.755  3.201  -3 1 4 1 2 4 8 768.214 771.701
 45    29.840    11.633  3.290  25 1 4 1 2 4 8 641.301 644.767
 46    12.268   -55.811  3.011  19 1 4 1 2 4 8 630.736 634.306
 47   -37.933   -21.613  2.899 -21 1 4 1 2 4 8 142.555 146.089
 48    42.883    -2.966  3.261 -10 1 4 1 2 4 8 792.634 796.376
 49     4.163    13.559 0.000   0 0 0 0.000 956.420
 50    21.387    17.105 0.000   0 0 0 0.000 956.420
 51   -36.118    49.097 0.000   0 0 0 0.000 956.420
 52   -31.201     0.235 0.000   0 0 0 0.000 956.420
