6 2 96 4
480 195
480 195
480 195
480 195
  1    33.588    30.750  2.788  -4 1 4 1 2 4 8 161.011 164.173
  2    48.828    65.314  2.959  12 1 4 1 2 4 8 565.873 569.140
  3    86.176    59.344  3.089   3 1 4 1 2 4 8 602.778 605.994
  4    39.270   -33.057  2.768  15 1 4 1 2 4 8 90.231 93.660
  5   -23.370    86.853  3.121 -13 1 4 1 2 4 8 549.549 553.030
  6    48.132    95.593  2.909  20 1 4 1 2 4 8 664.276 667.776
  7   -16.357    93.311  2.785  21 1 4 1 2 4 8 666.346 669.695
  8   -57.703   -65.601  2.792   4 1 4 1 2 4 8 515.932 519.261
  9     7.147    32.684  2.695  25 1 4 1 2 4 8 352.981 356.143
 10    42.950    68.701  3.147  21 1 4 1 2 4 8 781.257 784.557
 11    37.085    -2.112  3.020   7 1 4 1 2 4 8 540.055 543.520
 12    77.759    55.817  2.801  -3 1 4 1 2 4 8 220.433 223.699
 13   -17.462   -56.567  2.921   9 1 4 1 2 4 8 615.146 618.658
 14    58.575    59.888  3.060   5 1 4 1 2 4 8 180.211 183.383
 15    57.776    15.344  2.882  20 1 4 1 2 4 8 170.675 174.180
 16   -22.327    36.072  2.739  21 1 4 1 2 4 8 685.984 689.332
 17    -7.080    30.493  2.840  19 1 4 1 2 4 8 512.628 516.108
 18    55.658    60.425  2.802   2 1 4 1 2 4 8 796.867 800.358
 19   -14.307    11.456  2.811  16 1 4 1 2 4 8 428.740 432.062
 20   -29.724    24.268  3.138  18 1 4 1 2 4 8 643.501 646.907
 21    43.219     0.739  3.051  24 1 4 1 2 4 8 587.706 591.164
 22    45.184    35.474  2.927  24 1 4 1 2 4 8 232.057 235.396
 23    64.484     2.240  2.659  -8 1 4 1 2 4 8 403.765 407.217
 24    55.078    72.241  2.957  16 1 4 1 2 4 8 320.282 323.662
 25    16.925    15.741  2.837  19 1 4 1 2 4 8 117.340 120.544
 26    45.038    -3.723  2.907  12 1 4 1 2 4 8 764.419 767.864
 27   -76.782     5.939  3.073  -9 1 4 1 2 4 8 336.944 340.125
 28    36.169     0.256  3.046   3 1 4 1 2 4 8 622.548 625.847
 29    29.218     8.936  2.917  15 1 4 1 2 4 8 154.175 157.539
 30    65.057     5.225  2.984   4 1 4 1 2 4 8 789.433 792.674
 31    42.175   -22.284  2.680  24 1 4 1 2 4 8 102.075 105.421
 32    25.574    31.726  2.800  22 1 4 1 2 4 8 422.724 425.974
 33    31.561    37.262  2.733 -14 1 4 1 2 4 8 52.771 55.962
 34    66.498   -54.169  2.823  11 1 4 1 2 4 8 669.908 673.152
 35    46.576   -17.938  3.018  20 1 4 1 2 4 8 158.022 161.276
 36    65.063    40.875  3.050   5 1 4 1 2 4 8 608.640 611.811
 37    -2.716    24.768  2.797  11 1 4 1 2 4 8 279.932 283.214
 38   -40.002     3.870  2.795  12 1 4 1 2 4 8 129.166 132.517
 39   -73.505    57.043  3.011   7 1 4 1 2 4 8 504.816 508.118
 40    81.146   -25.714  2.849   1 1 4 1 2 4 8 604.011 607.240
 41    12.006    -7.965  2.928  23 1 4 1 2 4 8 305.274 308.748
 42    42.761    38.092  2.857  13 1 4 1 2 4 8 736.900 740.302
 43     3.857   -23.181  3.055   4 1 4 1 2 4 8 446.210 449.698
 44    -7.367    24.390  2.975  23 1 4 1 2 4 8 729.473 732.978
 45    35.944   -11.835  2.674  17 1 4 1 2 4 8 155.084 158.517
 46    52.075     9.692  2.893  13 1 4 1 2 4 8 455.733 459.002
 47    30.725    30.701  2.834  -9 1 4 1 2 4 8 584.094 587.468
 48    41.223    77.924  2.991  10 1 4 1 2 4 8 325.765 329.132
 49    68.884   -40.546  2.975 -22 1 4 1 2 4 8 481.426 484.631
 50    76.312    86.670  2.825  21 1 4 1 2 4 8 750.135 753.534
 51    63.934    78.540  2.722  13 1 4 1 2 4 8 701.320 704.691
 52    29.150    -9.961  3.028  25 1 4 1 2 4 8 698.581 701.801
 53    85.522    39.954  2.729   8 1 4 1 2 4 8 428.839 432.218
 54    31.775     3.870  2.982  20 1 4 1 2 4 8 301.550 304.897
 55   -20.544    19.086  2.828  -3 1 4 1 2 4 8 324.855 328.332
 56    55.353    43.817  2.795   4 1 4 1 2 4 8 248.403 251.617
 57    35.406    10.278  2.653  13 1 4 1 2 4 8 296.603 300.043
 58    25.464    -0.287  2.651  18 1 4 1 2 4 8 444.316 447.818
 59    12.396     0.244  3.148   1 1 4 1 2 4 8 152.975 156.463
 60    18.359    20.917  2.822  10 1 4 1 2 4 8 158.880 162.057
 61    27.960   -15.039  2.680  16 1 4 1 2 4 8 478.643 481.943
 62    -3.192    19.879  2.799  -9 1 4 1 2 4 8 521.499 524.880
 63     9.332   -41.351  2.937  13 1 4 1 2 4 8 584.973 588.263
 64   -20.581    38.177  2.672  23 1 4 1 2 4 8 256.152 259.485
 65    27.820    28.729  2.933  14 1 4 1 2 4 8 757.033 760.441
 66    59.027    42.310  2.661   5 1 4 1 2 4 8 258.840 262.296
 67    56.311    58.734  2.993  -1 1 4 1 2 4 8 243.684 246.872
 68   -51.654    -0.342  3.082   6 1 4 1 2 4 8 186.364 189.781
 69     2.576    32.721  3.087  20 1 4 1 2 4 8 184.663 187.890
 70    15.131    -3.046  3.097 -10 1 4 1 2 4 8 491.011 494.336
 71    66.595    34.937  2.761  19 1 4 1 2 4 8 318.680 322.018
 72    19.476    20.142  2.863 -24 1 4 1 2 4 8 371.180 374.642
 73    -1.172    20.648  2.989   3 1 4 1 2 4 8 222.827 226.078
 74   -21.204    13.660  2.678   5 1 4 1 2 4 8 729.177 732.359
 75    98.846     1.257  2.784 -13 1 4 1 2 4 8 410.032 413.339
 76    82.593    72.003  3.079   5 1 4 1 2 4 8 233.305 236.741
 77    30.017   -30.896  2.902   4 1 4 1 2 4 8 306.775 309.967
 78    33.228    41.663  2.655  12 1 4 1 2 4 8 701.012 704.366
 79    39.490    -8.539  2.926  11 1 4 1 2 4 8 141.649 144.999
 80    54.498    70.813  3.012  20 1 4 1 2 4 8 122.511 125.819
 81     3.058    10.248  2.812  13 1 4 1 2 4 8 787.523 790.689
 82    51.831   -16.870  2.863   1 1 4 1 2 4 8 461.528 464.935
 83    76.416    11.346  3.130   3 1 4 1 2 4 8 217.838 221.349
 84     5.243     0.238  3.125   2 1 4 1 2 4 8 440.399 443.769
 85    50.592    34.247  2.913 -23 1 4 1 2 4 8 344.712 348.220
 86    -5.231    -2.081  3.123   8 1 4 1 2 4 8 527.830 531.201
 87    24.194    25.836  2.678  25 1 4 1 2 4 8 498.052 501.501
 88    33.630    37.585  2.998  18 1 4 1 2 4 8 612.572 615.748
 89    31.445    -7.001  2.903   4 1 4 1 2 4 8 256.191 259.537
 90    30.707   -28.168  3.013   5 1 4 1 2 4 8 114.518 117.825
 91    49.860     1.038  2.636  21 1 4 1 2 4 8 660.656 663.962
 92   -35.767    14.142  2.713 -23 1 4 1 2 4 8 316.756 320.122
 93   -29.309     4.889  2.792  19 1 4 1 2 4 8 431.779 435.145
 94    19.049    41.974  3.008  -2 1 4 1 2 4 8 145.567 149.062
 95    27.600    13.934  3.043 -21 1 4 1 2 4 8 202.533 205.969
 96    52.832    50.684  2.742 -10 1 4 1 2 4 8 737.295 740.794
 97     6.229    10.590 0.000   0 0 0 0.000 878.140
 98    32.663    44.730 0.000   0 0 0 0.000 878.140
 99    48.807    48.792 0.000   0 0 0 0.000 878.140
100    33.179    -4.968 0.000   0 0 0 0.000 878.140
