6 3 144 4
460 190
460 190
460 190
460 190
  1   -55.280   -24.371  2.900  -9 1 4 1 2 4 8 187.183 190.845
  2   -48.297    53.314  3.255  22 1 4 1 2 4 8 551.029 554.462
  3   -49.072   -38.489  3.251  10 1 4 1 2 4 8 113.779 117.218
  4    25.311   -18.561  3.325  24 1 4 1 2 4 8 742.176 745.627
  5   -24.469    -3.815  3.175  25 1 4 1 2 4 8 314.818 318.229
  6    24.591   -17.896  2.936   6 1 4 1 2 4 8 813.144 816.540
  7   -10.419    60.364  3.112  22 1 4 1 2 4 8 240.182 243.663
  8    38.177   -35.175  3.130   1 1 4 1 2 4 8 809.221 812.671
  9   -68.280    93.073  3.269  19 1 4 1 2 4 8 646.821 650.445
 10   -30.792   -57.336  3.254  19 1 4 1 2 4 8 194.769 198.349
 11   -37.061   -12.122  2.815   5 1 4 1 2 4 8 69.168 72.590
 12   -15.741   -47.638  3.143   9 1 4 1 2 4 8 97.386 100.821
 13   -63.379   -22.919  3.230   8 1 4 1 2 4 8 723.787 727.394
 14   -43.109   -43.439  3.130 -14 1 4 1 2 4 8 507.366 510.974
 15   -25.623    13.599  3.078   4 1 4 1 2 4 8 667.229 670.899
 16    -2.625    16.632  3.244   7 1 4 1 2 4 8 190.859 194.509
 17   -41.577   -28.497  3.096  10 1 4 1 2 4 8 452.667 456.382
 18     2.081    12.885  3.301  22 1 4 1 2 4 8 714.410 718.092
 19     3.925   -47.845  3.063  17 1 4 1 2 4 8 826.593 830.221
 20   -83.295    26.324  3.086  10 1 4 1 2 4 8 499.054 502.538
 21    -6.458    26.355  3.361   8 1 4 1 2 4 8 353.507 357.053
 22     3.290     6.732  3.203  14 1 4 1 2 4 8 87.660 91.119
 23   -34.869    30.426  2.955 -12 1 4 1 2 4 8 521.287 525.035
 24    15.546   -36.273  3.128  17 1 4 1 2 4 8 453.021 456.728
 25    12.842     5.127  3.173  19 1 4 1 2 4 8 231.677 235.208
 26   -48.450   -24.426  3.198  25 1 4 1 2 4 8 208.174 211.755
 27   -88.538   -10.461  3.029 -25 1 4 1 2 4 8 295.532 298.912
 28   -29.773     0.995  3.347   6 1 4 1 2 4 8 736.564 740.177
 29     9.827    38.416  2.826  21 1 4 1 2 4 8 814.587 818.273
 30     1.410    92.938  3.340  -3 1 4 1 2 4 8 711.807 715.331
 31   -79.303    15.381  3.098  19 1 4 1 2 4 8 798.030 801.686
 32   -30.652    40.063  3.164 -16 1 4 1 2 4 8 667.615 671.187
 33    18.927    21.637  2.850  21 1 4 1 2 4 8 298.601 302.234
 34    45.087   -59.906  2.851  17 1 4 1 2 4 8 462.476 465.896
 35   -34.949    -3.815  3.070  19 1 4 1 2 4 8 272.412 275.955
 36    81.201   -74.744  2.833   6 1 4 1 2 4 8 474.630 478.272
 37    15.594   -28.455  2.838  10 1 4 1 2 4 8 357.010 360.385
 38   -72.192    29.547  3.121 -22 1 4 1 2 4 8 207.434 210.909
 39   -42.914   -22.675  3.124 -17 1 4 1 2 4 8 580.678 584.324
 40   -76.392   -57.489  2.947 -16 1 4 1 2 4 8 459.767 463.156
 41   -28.540    12.073  3.256  -5 1 4 1 2 4 8 756.950 760.527
 42   -61.389    26.526  2.819   1 1 4 1 2 4 8 721.230 724.815
 43    -8.472    12.616  3.330  21 1 4 1 2 4 8 494.323 497.863
 44   -61.475    33.392  2.961  20 1 4 1 2 4 8 120.953 124.566
 45   -34.674   -27.588  3.087   6 1 4 1 2 4 8 747.455 751.138
 46    10.315   -12.518  3.241   1 1 4 1 2 4 8 808.680 812.199
 47   -83.014    77.002  3.183  11 1 4 1 2 4 8 221.770 225.235
 48   -40.417    49.988  2.908  22 1 4 1 2 4 8 171.281 174.872
 49    83.832    33.905  3.196  25 1 4 1 2 4 8 770.664 774.192
 50   -20.563   -75.830  2.999  18 1 4 1 2 4 8 232.595 236.097
 51    15.442   -18.719  3.025   9 1 4 1 2 4 8 726.057 729.791
 52   -59.937   -65.802  2.919  23 1 4 1 2 4 8 614.627 618.225
 53     5.151    47.815  3.047  17 1 4 1 2 4 8 670.483 674.064
 54    46.008    14.990  3.144   4 1 4 1 2 4 8 554.879 558.607
 55    82.977    -1.660  3.017   1 1 4 1 2 4 8 709.405 713.021
 56    39.893   -38.916  2.901  14 1 4 1 2 4 8 312.520 316.000
 57    90.839   -83.539  2.961  11 1 4 1 2 4 8 378.091 381.561
 58     7.068     0.067  3.018  -7 1 4 1 2 4 8 324.413 327.989
 59    18.958    40.088  2.853  21 1 4 1 2 4 8 584.097 587.587
 60   -80.487    58.209  3.226   3 1 4 1 2 4 8 714.358 717.891
 61    64.459   -62.946  2.952  18 1 4 1 2 4 8 686.735 690.322
 62   -43.616   -26.117  3.274   5 1 4 1 2 4 8 233.741 237.250
 63   -18.408    10.303  3.123   6 1 4 1 2 4 8 784.170 787.604
 64   -43.921    63.251  2.864  22 1 4 1 2 4 8 468.784 472.231
 65    11.353    26.221  3.362  13 1 4 1 2 4 8 659.459 662.969
 66    -6.995    38.239  2.916  17 1 4 1 2 4 8 546.282 550.016
 67    74.084   -34.216  3.174   5 1 4 1 2 4 8 317.262 320.863
 68    14.301    -0.800  2.998   7 1 4 1 2 4 8 544.284 547.899
 69   -94.141   -48.779  3.087   1 1 4 1 2 4 8 142.762 146.371
 70    15.332   -42.169  2.962   3 1 4 1 2 4 8 218.500 222.112
 71   -46.637   -16.461  3.147  10 1 4 1 2 4 8 302.840 306.528
 72    -0.958   -81.000  2.955   5 1 4 1 2 4 8 567.153 570.871
 73   -37.445   -42.505  3.006  -1 1 4 1 2 4 8 311.849 315.491
 74    -3.680   -69.073  3.172  17 1 4 1 2 4 8 756.679 760.247
 75    34.894   -20.898  3.310  14 1 4 1 2 4 8 470.271 473.918
 76    45.544    51.410  3.252   4 1 4 1 2 4 8 256.108 259.544
 77   -31.927    88.239  3.052  10 1 4 1 2 4 8 381.523 384.965
 78   -13.580   -26.959  3.037  25 1 4 1 2 4 8 130.688 134.277
 79    12.653   -48.340  2.883  11 1 4 1 2 4 8 387.253 390.802
 80   -46.179   -38.269  3.212 -16 1 4 1 2 4 8 477.235 480.796
 81   -29.620    35.083  2.838  25 1 4 1 2 4 8 402.711 406.241
 82    13.696    43.988  2.975  20 1 4 1 2 4 8 800.015 803.468
 83    38.342   -46.338  3.071   3 1 4 1 2 4 8 565.531 569.123
 84   -26.227    24.506  3.109   7 1 4 1 2 4 8 469.859 473.452
 85    90.009   -43.640  3.026   2 1 4 1 2 4 8 498.619 502.149
 86    -6.995    22.522  3.260   6 1 4 1 2 4 8 525.556 528.963
 87   -29.993   -28.851  3.305 -14 1 4 1 2 4 8 563.990 567.537
 88   -56.268   -64.740  3.263  14 1 4 1 2 4 8 401.157 404.870
 89   -87.415    90.796  3.233   2 1 4 1 2 4 8 750.677 754.309
 90    -5.762    54.034  3.231  15 1 4 1 2 4 8 383.030 386.773
 91   -34.845   -27.185  3.000  22 1 4 1 2 4 8 240.814 244.418
 92   -16.479    16.180  3.172   4 1 4 1 2 4 8 413.118 416.559
 93    23.712    29.492  2.955 -22 1 4 1 2 4 8 382.145 385.619
 94   -40.991    46.594  2.843  19 1 4 1 2 4 8 161.761 165.166
 95   -53.516   -21.619  3.017   5 1 4 1 2 4 8 694.425 697.930
 96   -17.560    37.494  3.265  10 1 4 1 2 4 8 822.780 826.388
 97   -37.311    56.836  3.194   4 1 4 1 2 4 8 217.992 221.436
 98    71.515    22.510  3.226  -7 1 4 1 2 4 8 574.576 578.239
 99   -41.864    27.710  3.354  11 1 4 1 2 4 8 501.246 504.714
100    14.819   -82.117  3.006 -14 1 4 1 2 4 8 234.108 237.600
101    30.316   -55.322  3.229   2 1 4 1 2 4 8 597.469 601.069
102   -39.172    47.998  2.959  12 1 4 1 2 4 8 436.877 440.518
103   -94.415    15.192  2.931  12 1 4 1 2 4 8 417.548 421.133
104    -7.806    11.273  2.922 -24 1 4 1 2 4 8 422.919 426.318
105    28.571   -49.908  3.342   8 1 4 1 2 4 8 276.665 280.158
106   -20.654    24.554  3.198   4 1 4 1 2 4 8 485.586 489.062
107   -30.963   -18.903  3.262 -25 1 4 1 2 4 8 91.671 95.296
108     1.721   -20.447  3.147   6 1 4 1 2 4 8 366.771 370.429
109   -31.012   -21.106  3.365   9 1 4 1 2 4 8 426.451 430.061
110   -85.718   -28.015  3.042  23 1 4 1 2 4 8 255.069 258.580
111    58.826   -63.043  2.835  15 1 4 1 2 4 8 443.298 446.973
112   -15.753   -52.686  3.027   7 1 4 1 2 4 8 450.169 453.684
113   -71.661    51.184  3.357   6 1 4 1 2 4 8 716.410 719.884
114   -92.633    -6.598  3.200  -5 1 4 1 2 4 8 162.707 166.250
115    33.508   -49.255  3.092  12 1 4 1 2 4 8 475.529 479.170
116    59.314    54.095  3.283   3 1 4 1 2 4 8 203.461 207.095
117    30.737   -28.436  2.816 -22 1 4 1 2 4 8 580.420 584.115
118   -55.896    18.457  3.320 -18 1 4 1 2 4 8 230.627 234.032
119   -89.960   -39.532  3.152  16 1 4 1 2 4 8 457.049 460.563
120    36.438    20.819  2.869   5 1 4 1 2 4 8 514.855 518.517
121   -53.674   -56.427  3.363  -1 1 4 1 2 4 8 471.073 474.727
122   -31.866    32.538  3.332   8 1 4 1 2 4 8 192.462 195.967
123     5.658    12.756  2.979  20 1 4 1 2 4 8 511.015 514.573
124   -52.905    42.804  2.911 -17 1 4 1 2 4 8 590.401 593.851
125    47.131   -45.465  2.888  11 1 4 1 2 4 8 581.473 584.862
126    30.792     9.869  2.832  -8 1 4 1 2 4 8 215.104 218.551
127   -45.209   -56.293  2.842 -15 1 4 1 2 4 8 150.815 154.320
128    10.919    13.306  2.856  16 1 4 1 2 4 8 735.441 738.910
129   -32.990   -34.003  2.970   6 1 4 1 2 4 8 264.032 267.484
130   -40.869    30.579  3.342  24 1 4 1 2 4 8 457.974 461.495
131   -69.348    80.408  3.322  10 1 4 1 2 4 8 768.012 771.471
132   -58.966   -29.541  2.926   4 1 4 1 2 4 8 516.967 520.382
133   -36.847   -33.710  3.064  10 1 4 1 2 4 8 76.552 80.145
134   -21.820    65.369  3.262  17 1 4 1 2 4 8 308.735 312.455
135    22.980   -41.010  2.976  -5 1 4 1 2 4 8 619.037 622.512
136   -77.557    59.814  3.326  14 1 4 1 2 4 8 564.173 567.823
137   -47.205    67.725  2.912  16 1 4 1 2 4 8 654.405 657.969
138   -21.606    35.168  3.024  11 1 4 1 2 4 8 472.253 475.968
139   -55.676   -31.384  2.950 -25 1 4 1 2 4 8 286.362 289.789
140   -85.229    88.788  3.042   4 1 4 1 2 4 8 304.939 308.396
141    -3.918   -63.525  2.927  12 1 4 1 2 4 8 655.241 658.816
142   -58.557    59.375  3.216  19 1 4 1 2 4 8 202.199 205.779
143   -24.542    14.935  3.344   6 1 4 1 2 4 8 514.036 517.726
144   -48.779    16.968  3.223  23 1 4 1 2 4 8 434.726 438.457
145   -40.082   -24.780 0.000   0 0 0 0.000 937.440
146    24.292   -27.704 0.000   0 0 0 0.000 937.440
147   -45.877    41.092 0.000   0 0 0 0.000 937.440
148   -11.896    15.875 0.000   0 0 0 0.000 937.440
