6 4 192 4
440 185
440 185
440 185
440 185
  1   -44.629   -55.640  3.374 -11 1 4 1 2 4 8 154.098 157.597
  2    36.096    64.935  3.465  11 1 4 1 2 4 8 816.850 820.445
  3   -25.470    44.580  3.134  23 1 4 1 2 4 8 704.757 708.547
  4   -33.954   -73.059  3.054  16 1 4 1 2 4 8 385.845 389.472
  5    45.654    35.730  3.069  16 1 4 1 2 4 8 568.836 572.479
  6    14.954   -36.719  2.931   2 1 4 1 2 4 8 515.615 519.153
  7    -1.477    47.205  3.419  -1 1 4 1 2 4 8 514.630 518.245
  8     2.155   -40.912  3.093  25 1 4 1 2 4 8 651.237 654.801
  9    22.992     1.398  3.417 -24 1 4 1 2 4 8 889.657 893.266
 10   -28.857     5.957  3.372  14 1 4 1 2 4 8 108.884 112.545
 11   -48.120    94.116  3.263   6 1 4 1 2 4 8 445.406 448.994
 12     7.239    17.322  2.957  20 1 4 1 2 4 8 639.761 643.243
 13     4.614    27.051  3.441  10 1 4 1 2 4 8 593.309 597.015
 14   -13.971    28.198  2.989 -11 1 4 1 2 4 8 430.705 434.497
 15    12.946   -11.688  2.964   2 1 4 1 2 4 8 571.146 574.726
 16   -36.670    23.102  3.261 -22 1 4 1 2 4 8 240.912 244.669
 17    -4.224   -49.310  3.418   2 1 4 1 2 4 8 104.351 108.082
 18     1.093    -7.135  3.029  12 1 4 1 2 4 8 450.095 453.915
 19   -56.958    27.905  3.319   9 1 4 1 2 4 8 109.677 113.150
 20   -80.994   -77.686  3.013 -21 1 4 1 2 4 8 464.776 468.474
 21    72.260    59.027  3.421  10 1 4 1 2 4 8 371.677 375.355
 22   -21.655     1.636  3.058 -13 1 4 1 2 4 8 260.724 264.415
 23   -20.154   -62.415  3.186  25 1 4 1 2 4 8 137.686 141.314
 24   -48.157     6.287  3.409  -9 1 4 1 2 4 8 288.862 292.572
 25    -5.078    61.597  2.905 -19 1 4 1 2 4 8 624.640 628.144
 26    17.145   -47.046  3.192  22 1 4 1 2 4 8 276.019 279.849
 27   -16.064     8.557  3.370  -4 1 4 1 2 4 8 391.546 395.101
 28     6.683   -27.069  3.207  -4 1 4 1 2 4 8 131.984 135.465
 29    15.027   -34.979  2.906   7 1 4 1 2 4 8 772.237 775.770
 30    37.946    73.914  3.081 -20 1 4 1 2 4 8 300.317 304.153
 31   -41.199   -43.018  3.301 -17 1 4 1 2 4 8 437.738 441.367
 32    32.538    11.786  3.030  19 1 4 1 2 4 8 562.323 566.019
 33   -20.306   -20.239  3.310 -12 1 4 1 2 4 8 880.042 883.654
 34   -35.480    19.135  3.016   2 1 4 1 2 4 8 291.219 294.716
 35    58.038    56.659  3.309  13 1 4 1 2 4 8 266.761 270.544
 36   -36.694    -6.256  3.281  24 1 4 1 2 4 8 668.383 671.995
 37     0.446   -46.735  3.374  22 1 4 1 2 4 8 478.378 481.871
 38   -19.690    38.977  3.053  17 1 4 1 2 4 8 811.417 814.957
 39   -47.339    20.911  3.389  19 1 4 1 2 4 8 616.736 620.412
 40   -79.236   -57.678  3.383   4 1 4 1 2 4 8 664.943 668.670
 41     5.597   -34.076  2.944 -12 1 4 1 2 4 8 729.812 733.397
 42    34.454    -8.289  3.363  22 1 4 1 2 4 8 231.673 235.414
 43    18.500   -51.154  2.921  -2 1 4 1 2 4 8 704.294 708.107
 44    -4.346   -44.525  3.156  19 1 4 1 2 4 8 469.079 472.587
 45   -14.148   -74.164  2.903   3 1 4 1 2 4 8 515.561 519.311
 46    19.867    77.515  3.077  -5 1 4 1 2 4 8 777.055 780.557
 47   -50.079    17.871  3.130  22 1 4 1 2 4 8 378.527 382.145
 48    42.786   -79.883  3.375   6 1 4 1 2 4 8 270.755 274.602
 49     1.520   -29.034  3.318   9 1 4 1 2 4 8 532.098 535.680
 50    14.728    -3.436  3.297   8 1 4 1 2 4 8 67.211 70.999
 51   -26.166   -48.999  3.396  24 1 4 1 2 4 8 356.632 360.405
 52   -63.873    -5.273  3.118 -15 1 4 1 2 4 8 532.156 535.644
 53   -54.138     7.086  3.265  16 1 4 1 2 4 8 506.216 509.739
 54    17.932   -34.094  2.931   9 1 4 1 2 4 8 267.878 271.692
 55   -98.706    34.552  3.347   1 1 4 1 2 4 8 143.437 147.074
 56    28.802    -8.582  3.412  18 1 4 1 2 4 8 363.072 366.633
 57     2.716    90.594  3.118 -17 1 4 1 2 4 8 678.744 682.508
 58   -31.024    48.938  3.373  18 1 4 1 2 4 8 591.830 595.607
 59   -46.545    42.316  3.120   2 1 4 1 2 4 8 292.953 296.694
 60    27.289    58.179  3.301  25 1 4 1 2 4 8 361.413 365.034
 61    28.815   -28.027  2.960  21 1 4 1 2 4 8 579.367 582.884
 62   -26.099    11.328  3.097  19 1 4 1 2 4 8 876.876 880.720
 63     0.537   -26.221  3.092  10 1 4 1 2 4 8 432.379 435.989
 64   -50.458     7.812  3.185   2 1 4 1 2 4 8 588.215 591.814
 65    30.005    19.092  3.164  21 1 4 1 2 4 8 122.362 125.907
 66   -12.604    22.058  3.130  20 1 4 1 2 4 8 700.004 703.637
 67    22.009    -8.636  3.332  21 1 4 1 2 4 8 873.568 877.253
 68     8.942     2.875  3.449   2 1 4 1 2 4 8 458.523 462.326
 69   -19.812     0.922  3.154   6 1 4 1 2 4 8 454.384 457.858
 70    -4.230    31.250  2.981  -2 1 4 1 2 4 8 118.084 121.668
 71    17.975    -0.409  3.324 -12 1 4 1 2 4 8 889.644 893.362
 72    -2.350    42.938  3.211 -12 1 4 1 2 4 8 419.968 423.515
 73   -16.516    68.085  3.365  -5 1 4 1 2 4 8 246.801 250.325
 74    -1.190    42.023  3.262   5 1 4 1 2 4 8 600.959 604.789
 75    56.635   -44.019  3.374   8 1 4 1 2 4 8 480.053 483.841
 76    57.483    35.504  3.017  15 1 4 1 2 4 8 746.822 750.454
 77   -26.099     7.477  2.905   8 1 4 1 2 4 8 643.830 647.349
 78     7.489   -57.239  3.326   7 1 4 1 2 4 8 804.643 808.361
 79   -22.095    55.780  3.244 -14 1 4 1 2 4 8 601.616 605.366
 80    19.867    38.824  3.053  18 1 4 1 2 4 8 421.918 425.434
 81     5.310    49.219  2.976  17 1 4 1 2 4 8 193.691 197.504
 82    15.155     6.299  3.399   5 1 4 1 2 4 8 287.363 291.039
 83     5.481   -31.500  2.994   6 1 4 1 2 4 8 636.030 639.559
 84     7.959   -28.662  2.970   9 1 4 1 2 4 8 642.531 646.199
 85   -75.812     4.010  3.237  24 1 4 1 2 4 8 801.210 804.935
 86   -43.671   -61.646  3.154  13 1 4 1 2 4 8 320.108 323.880
 87    -2.576   -62.140  3.164   5 1 4 1 2 4 8 182.028 185.778
 88   -18.842   -36.884  3.009  -4 1 4 1 2 4 8 336.241 339.734
 89    20.844    21.167  2.901  22 1 4 1 2 4 8 401.761 405.303
 90     3.137   -19.220  3.123  24 1 4 1 2 4 8 868.961 872.580
 91   -20.361    18.878  3.065  25 1 4 1 2 4 8 308.835 312.369
 92    -0.897   -54.938  3.103   9 1 4 1 2 4 8 407.550 411.296
 93   -29.553     9.277  3.224   8 1 4 1 2 4 8 236.139 239.680
 94     5.048   -35.046  3.013   8 1 4 1 2 4 8 531.327 535.136
 95    27.759    48.712  3.058  25 1 4 1 2 4 8 488.034 491.712
 96    12.079   -42.346  3.376  -7 1 4 1 2 4 8 539.004 542.522
 97   -51.270    41.144  3.411  24 1 4 1 2 4 8 496.105 499.786
 98   -29.077     4.291  3.107  16 1 4 1 2 4 8 241.641 245.151
 99   -18.555   -14.819  2.987  15 1 4 1 2 4 8 375.665 379.282
100     7.855   -49.451  3.226   7 1 4 1 2 4 8 380.341 384.187
101   -19.116   -32.086  3.233 -17 1 4 1 2 4 8 151.162 154.944
102    17.651   -52.271  3.430   9 1 4 1 2 4 8 416.613 420.185
103    16.907   -62.964  3.368  14 1 4 1 2 4 8 256.504 260.282
104    18.988     6.219  3.001  20 1 4 1 2 4 8 65.071 68.744
105   -68.878   -64.539  2.930   6 1 4 1 2 4 8 657.401 661.246
106   -13.361    20.264  2.987  17 1 4 1 2 4 8 70.446 74.186
107   -44.440    63.721  3.469  23 1 4 1 2 4 8 682.482 686.160
108    -6.500    71.436  3.327  14 1 4 1 2 4 8 443.585 447.239
109   -51.978    25.409  3.028  19 1 4 1 2 4 8 790.415 794.217
110    -0.739    59.491  3.465  21 1 4 1 2 4 8 435.358 438.855
111   -64.679    83.038  3.234   6 1 4 1 2 4 8 196.446 199.935
112   -11.273   -35.944  2.953   1 1 4 1 2 4 8 475.844 479.464
113   -16.864     7.776  3.308  22 1 4 1 2 4 8 567.622 571.109
114    19.843   -49.805  3.211   7 1 4 1 2 4 8 680.507 683.984
115   -16.284    -2.936  3.306  14 1 4 1 2 4 8 414.922 418.411
116     8.356    67.041  3.446   7 1 4 1 2 4 8 285.732 289.487
117    30.878    24.316  3.095  25 1 4 1 2 4 8 151.331 155.100
118    93.524   -20.233  3.060  17 1 4 1 2 4 8 758.487 762.332
119    -9.332   -56.177  3.259  10 1 4 1 2 4 8 744.740 748.254
120   -34.442   -63.312  3.288  23 1 4 1 2 4 8 437.519 441.237
121    20.941    -5.646  3.367  22 1 4 1 2 4 8 187.384 190.893
122    -3.418    89.594  3.148   3 1 4 1 2 4 8 173.762 177.515
123   -18.738    45.227  3.019  14 1 4 1 2 4 8 500.191 503.786
124     2.435   -30.524  3.036  14 1 4 1 2 4 8 826.767 830.527
125   -28.864    56.616  3.240   2 1 4 1 2 4 8 636.368 640.166
126    76.880   -29.901  2.952   2 1 4 1 2 4 8 198.042 201.584
127   -90.466    10.278  3.423  21 1 4 1 2 4 8 277.091 280.834
128   -35.101    46.545  3.168  10 1 4 1 2 4 8 369.051 372.753
129   -48.395    43.854  3.008  10 1 4 1 2 4 8 448.529 452.270
130   -40.997    26.703  3.213   5 1 4 1 2 4 8 121.784 125.427
131    13.696    34.607  3.448   9 1 4 1 2 4 8 446.245 449.836
132   -71.472    11.450  3.077  15 1 4 1 2 4 8 379.471 383.141
133   -36.230    51.904  3.065  19 1 4 1 2 4 8 243.855 247.338
134   -39.465     4.907  3.001   7 1 4 1 2 4 8 589.628 593.427
135   -16.565    23.773  3.388  11 1 4 1 2 4 8 468.542 472.192
136    10.754   -28.552  3.164   2 1 4 1 2 4 8 542.109 545.819
137   -23.029    47.015  3.011 -25 1 4 1 2 4 8 696.584 700.440
138    -8.807    21.216  3.073 -14 1 4 1 2 4 8 178.008 181.633
139   -40.039    27.435  2.977  15 1 4 1 2 4 8 696.972 700.771
140   -37.445   -41.040  2.984  12 1 4 1 2 4 8 473.218 476.758
141    48.224     0.085  3.018  11 1 4 1 2 4 8 678.714 682.460
142    -0.323    68.237  3.226  17 1 4 1 2 4 8 786.740 790.485
143   -14.294   -33.423  3.013   4 1 4 1 2 4 8 502.621 506.195
144    -1.440   -34.814  2.968  24 1 4 1 2 4 8 558.684 562.267
145   -34.454    42.346  3.206   8 1 4 1 2 4 8 811.444 814.957
146     8.679   -66.180  3.283 -20 1 4 1 2 4 8 365.864 369.512
147   -61.249   -51.367  3.407 -12 1 4 1 2 4 8 523.754 527.375
148    -1.093     9.912  3.333  10 1 4 1 2 4 8 505.288 509.104
149   -16.565    66.547  3.463  12 1 4 1 2 4 8 654.365 658.013
150     8.435    52.838  3.405   9 1 4 1 2 4 8 289.579 293.280
151   -22.034   -36.896  3.021  16 1 4 1 2 4 8 730.430 734.002
152    15.765    17.322  3.469  23 1 4 1 2 4 8 88.915 92.404
153     9.003   -18.695  3.164  15 1 4 1 2 4 8 416.514 420.356
154    -4.584     3.491  3.384  10 1 4 1 2 4 8 555.181 558.925
155     8.875    40.662  3.378 -21 1 4 1 2 4 8 714.497 718.212
156    26.093   -33.966  3.158   2 1 4 1 2 4 8 505.318 508.984
157   -32.501    39.526  3.458  16 1 4 1 2 4 8 160.489 164.207
158   -32.629   -82.581  3.253  15 1 4 1 2 4 8 512.192 515.685
159   -98.486    22.021  2.971 -11 1 4 1 2 4 8 659.611 663.433
160   -59.052     4.163  2.894  11 1 4 1 2 4 8 239.037 242.546
161     7.428    -2.570  3.132  17 1 4 1 2 4 8 503.706 507.317
162   -59.601    12.469  3.064   3 1 4 1 2 4 8 252.890 256.667
163   -11.224   -31.830  3.048   9 1 4 1 2 4 8 468.144 471.887
164   -16.809   -35.040  3.167   1 1 4 1 2 4 8 566.357 570.106
165    21.863    18.140  3.258  13 1 4 1 2 4 8 408.913 412.482
166    45.038   -61.316  3.170  -1 1 4 1 2 4 8 755.468 759.055
167   -48.816    25.568  3.035   2 1 4 1 2 4 8 251.732 255.406
168   -32.184   -16.736  3.367  22 1 4 1 2 4 8 255.766 259.503
169    12.439   -41.492  2.932  10 1 4 1 2 4 8 744.937 748.626
170   -21.082   -77.075  2.924   4 1 4 1 2 4 8 475.286 478.978
171   -17.822   -18.518  3.408   9 1 4 1 2 4 8 98.311 102.075
172    48.334    93.518  3.112  11 1 4 1 2 4 8 474.679 478.343
173   -18.677    49.005  3.239   3 1 4 1 2 4 8 179.446 183.060
174    12.140    30.042  2.935  19 1 4 1 2 4 8 513.419 516.956
175     3.113   -40.302  3.143  19 1 4 1 2 4 8 811.341 815.137
176    17.133    37.079  3.217   4 1 4 1 2 4 8 236.488 240.337
177    22.577     0.836  3.227  19 1 4 1 2 4 8 456.001 459.500
178   -30.426    52.942  3.393  15 1 4 1 2 4 8 475.918 479.707
179    33.765   -67.108  3.133  21 1 4 1 2 4 8 236.457 239.967
180     5.414     1.532  3.431  25 1 4 1 2 4 8 677.040 680.682
181    72.156    30.103  3.204  -4 1 4 1 2 4 8 854.244 857.853
182   -24.109   -34.625  3.282   3 1 4 1 2 4 8 630.808 634.543
183    17.413    75.146  3.460  -6 1 4 1 2 4 8 598.112 601.672
184    10.638   -60.052  3.142  -6 1 4 1 2 4 8 672.301 676.008
185    -5.176   -48.999  3.439  21 1 4 1 2 4 8 476.301 480.146
186   -19.342    21.118  3.413  25 1 4 1 2 4 8 809.394 813.073
187   -46.802   -14.661  3.265  10 1 4 1 2 4 8 404.208 407.687
188   -16.779    43.439  3.142  25 1 4 1 2 4 8 854.696 858.418
189    14.093   -13.605  3.348 -19 1 4 1 2 4 8 109.920 113.616
190   -21.063    26.019  3.070  19 1 4 1 2 4 8 716.147 719.948
191    39.813   -40.668  3.466  22 1 4 1 2 4 8 367.059 370.884
192    52.057    30.334  2.911   5 1 4 1 2 4 8 774.239 777.829
193    -0.140     7.266 0.000   0 0 0 0.000 964.110
194   -23.138    48.450 0.000   0 0 0 0.000 964.110
195   -26.102    16.809 0.000   0 0 0 0.000 964.110
196     0.244   -35.892 0.000   0 0 0 0.000 964.110
