6 5 240 4
420 180
420 180
420 180
420 180
  1    65.991   -49.829  3.107  10 1 4 1 2 4 8 476.003 479.530
  2   -36.938   -36.743  3.083  25 1 4 1 2 4 8 390.843 394.575
  3    -2.734    18.774  3.370  18 1 4 1 2 4 8 519.683 523.240
  4    31.116   -35.907  3.325  16 1 4 1 2 4 8 651.552 655.266
  5     2.789     8.008  3.005  14 1 4 1 2 4 8 442.340 445.941
  6    31.152    43.665  3.004  -7 1 4 1 2 4 8 534.688 538.263
  7   -36.304   -21.307  3.089   9 1 4 1 2 4 8 862.157 865.797
  8    52.814    35.046  3.020  16 1 4 1 2 4 8 670.076 673.664
  9    11.267    20.660  3.300  24 1 4 1 2 4 8 228.104 231.654
 10    -0.623    23.114  3.346  -6 1 4 1 2 4 8 284.741 288.522
 11    43.091   -12.360  3.420  22 1 4 1 2 4 8 845.438 848.970
 12     6.854    19.073  2.993  11 1 4 1 2 4 8 315.383 318.869
 13    -6.848    25.317  3.208 -19 1 4 1 2 4 8 272.633 276.327
 14   -27.930   -23.712  3.243 -20 1 4 1 2 4 8 624.940 628.402
 15    33.240   -30.487  3.266  20 1 4 1 2 4 8 800.901 804.629
 16    63.885   -52.881  3.152 -16 1 4 1 2 4 8 766.657 770.248
 17   -13.672   -43.945  2.959   5 1 4 1 2 4 8 583.579 587.328
 18    -0.647   -27.502  3.215 -21 1 4 1 2 4 8 157.224 160.900
 19    59.406   -49.261  3.350  19 1 4 1 2 4 8 337.383 341.113
 20    27.167    -5.713  2.895  18 1 4 1 2 4 8 684.135 687.802
 21    70.001   -20.844  3.350  22 1 4 1 2 4 8 658.678 662.443
 22    35.327   -65.167  3.159  19 1 4 1 2 4 8 427.193 430.640
 23   -14.386   -42.236  2.879  15 1 4 1 2 4 8 342.165 345.738
 24    19.366    30.273  2.904  24 1 4 1 2 4 8 469.639 473.260
 25   -39.789    10.101  3.037  20 1 4 1 2 4 8 572.100 575.808
 26   -15.753   -40.204  2.956  17 1 4 1 2 4 8 509.155 512.810
 27   -28.418   -40.503  3.319  20 1 4 1 2 4 8 529.161 532.764
 28    27.081     9.735  3.024  12 1 4 1 2 4 8 207.440 210.989
 29    22.205    -9.216  3.002  23 1 4 1 2 4 8 350.339 353.950
 30    -0.830    -6.525  3.190  15 1 4 1 2 4 8 538.352 541.842
 31    10.217    75.531  3.140  19 1 4 1 2 4 8 381.717 385.150
 32     7.446    18.500  3.050  23 1 4 1 2 4 8 75.788 79.320
 33    48.914   -20.294  3.216   9 1 4 1 2 4 8 237.619 241.359
 34   -18.958   -29.675  3.383  21 1 4 1 2 4 8 740.924 744.679
 35    16.815    -6.659  3.140  17 1 4 1 2 4 8 442.621 446.427
 36     2.509   -30.420  3.156   6 1 4 1 2 4 8 604.833 608.311
 37    15.424     4.913  3.236  10 1 4 1 2 4 8 620.707 624.352
 38    60.315    89.801  3.132   9 1 4 1 2 4 8 265.217 268.889
 39    40.405   -45.367  3.336  19 1 4 1 2 4 8 264.051 267.618
 40   -26.837   -54.272  2.916  17 1 4 1 2 4 8 755.062 758.544
 41    69.171    72.577  3.244 -22 1 4 1 2 4 8 787.716 791.487
 42   -22.815    46.173  2.901  -8 1 4 1 2 4 8 689.897 693.429
 43   -14.258   -30.249  3.083  25 1 4 1 2 4 8 405.333 409.041
 44    76.050    12.073  3.217  13 1 4 1 2 4 8 318.630 322.374
 45    63.043    60.022  3.260   1 1 4 1 2 4 8 429.736 433.463
 46   -20.239   -81.970  3.225  15 1 4 1 2 4 8 716.420 720.155
 47   -41.168   -42.023  3.205 -16 1 4 1 2 4 8 508.501 512.029
 48    79.199   -29.016  3.303  20 1 4 1 2 4 8 770.164 773.711
 49   -20.728    -7.068  3.147  14 1 4 1 2 4 8 375.152 378.649
 50    -4.163   -53.497  2.862   2 1 4 1 2 4 8 856.680 860.227
 51    39.594   -40.460  3.227   5 1 4 1 2 4 8 405.732 409.215
 52   -47.125   -77.850  3.267  16 1 4 1 2 4 8 708.646 712.402
 53    -1.233    49.182  3.094  12 1 4 1 2 4 8 393.354 396.913
 54    -0.372   -27.264  3.324   1 1 4 1 2 4 8 113.153 116.716
 55    31.537    -8.722  3.198  15 1 4 1 2 4 8 776.526 780.021
 56    -0.134   -20.264  3.055   5 1 4 1 2 4 8 704.561 708.022
 57    66.394   -26.691  3.370   9 1 4 1 2 4 8 229.797 233.479
 58     6.104   -64.093  2.902  -8 1 4 1 2 4 8 435.341 438.864
 59    13.544   -20.874  3.421   2 1 4 1 2 4 8 271.808 275.423
 60    54.211    -6.537  3.011  10 1 4 1 2 4 8 497.498 501.077
 61    22.046   -34.137  2.989 -25 1 4 1 2 4 8 778.663 782.365
 62    -9.723     4.706  3.016  24 1 4 1 2 4 8 547.592 551.074
 63   -11.584   -46.857  2.975  -7 1 4 1 2 4 8 770.392 774.175
 64    -2.905    -0.305  3.325  14 1 4 1 2 4 8 375.323 378.931
 65    13.837   -44.452  3.025  -3 1 4 1 2 4 8 839.786 843.371
 66    17.480    27.747  3.108  23 1 4 1 2 4 8 769.981 773.743
 67     2.972   -43.689  2.979  21 1 4 1 2 4 8 625.644 629.315
 68   -44.354   -38.202  3.395  13 1 4 1 2 4 8 324.615 328.063
 69   -59.399     1.514  3.158  15 1 4 1 2 4 8 766.841 770.502
 70   -13.452   -75.531  3.179  14 1 4 1 2 4 8 678.981 682.664
 71    -5.518   -51.947  3.256   7 1 4 1 2 4 8 609.639 613.257
 72    -9.589   -26.880  3.388  20 1 4 1 2 4 8 821.596 825.048
 73    19.318    29.498  3.308   6 1 4 1 2 4 8 571.371 574.969
 74    26.245    36.743  2.895  24 1 4 1 2 4 8 438.042 441.822
 75    43.707   -28.033  3.198  17 1 4 1 2 4 8 359.855 363.574
 76   -52.026   -35.339  3.228   3 1 4 1 2 4 8 569.958 573.414
 77    -8.435    -0.116  3.159 -15 1 4 1 2 4 8 465.207 468.844
 78    89.111    62.122  3.304   6 1 4 1 2 4 8 270.437 274.204
 79     6.067   -16.132  3.163  21 1 4 1 2 4 8 114.291 117.799
 80    27.094    -5.103  3.174 -25 1 4 1 2 4 8 677.615 681.106
 81    27.527   -15.344  3.379  18 1 4 1 2 4 8 599.732 603.267
 82    42.511    32.056  3.222   1 1 4 1 2 4 8 608.508 612.146
 83    25.311    12.689  2.997  19 1 4 1 2 4 8 106.234 109.692
 84    47.778   -12.769  2.866  17 1 4 1 2 4 8 245.107 248.861
 85    -3.143   -13.837  3.412  20 1 4 1 2 4 8 421.103 424.562
 86    12.482   -78.101  2.957   1 1 4 1 2 4 8 464.510 468.084
 87   -21.039    -3.430  3.125  13 1 4 1 2 4 8 360.167 363.647
 88    -3.149   -55.432  2.927  25 1 4 1 2 4 8 462.148 465.660
 89    53.009    84.900  2.925  16 1 4 1 2 4 8 366.246 369.734
 90    35.638   -47.552  2.926  -5 1 4 1 2 4 8 733.250 736.681
 91    43.427   -18.439  3.089 -18 1 4 1 2 4 8 745.916 749.712
 92     6.598   -54.578  3.137  17 1 4 1 2 4 8 175.996 179.625
 93    87.952    94.012  2.867  15 1 4 1 2 4 8 405.711 409.356
 94    39.105   -48.743  3.426  13 1 4 1 2 4 8 655.923 659.610
 95   -48.340   -26.477  3.084  15 1 4 1 2 4 8 507.481 511.005
 96    72.003    -9.253  3.387   2 1 4 1 2 4 8 489.934 493.451
 97   -37.732     3.351  2.959   1 1 4 1 2 4 8 522.617 526.109
 98   -65.967   -36.749  3.140  -9 1 4 1 2 4 8 559.419 562.974
 99   -16.669   -35.284  3.420  16 1 4 1 2 4 8 528.346 531.953
100    10.742    -4.669  3.143   6 1 4 1 2 4 8 290.638 294.250
101    15.594    -5.817  2.986  18 1 4 1 2 4 8 587.457 590.902
102    21.606   -18.109  3.367  24 1 4 1 2 4 8 152.402 156.048
103     9.784    49.280  2.864 -24 1 4 1 2 4 8 367.014 370.513
104    94.147    -4.492  3.123   9 1 4 1 2 4 8 814.592 818.165
105    10.382   -16.302  3.398  19 1 4 1 2 4 8 168.483 172.056
106    -1.453    -0.861  3.319 -12 1 4 1 2 4 8 511.572 515.342
107    -6.219    25.305  3.284  22 1 4 1 2 4 8 112.685 116.262
108    -6.250    10.217  3.344  13 1 4 1 2 4 8 469.180 472.674
109   -17.444   -70.795  3.203  20 1 4 1 2 4 8 698.016 701.752
110   -55.090   -43.854  3.254  25 1 4 1 2 4 8 134.751 138.357
111    -9.442    23.724  3.046  -1 1 4 1 2 4 8 541.594 545.214
112     8.978    35.406  3.363 -24 1 4 1 2 4 8 800.393 804.150
113   -16.754    -0.812  3.203  10 1 4 1 2 4 8 566.183 569.691
114    66.852   -37.842  3.154  22 1 4 1 2 4 8 410.812 414.583
115    14.716   -23.724  2.912  14 1 4 1 2 4 8 481.594 485.259
116    33.472    20.026  2.866  12 1 4 1 2 4 8 646.544 650.131
117    66.394   -70.111  3.275  23 1 4 1 2 4 8 455.564 459.155
118    -5.664     8.881  3.211  14 1 4 1 2 4 8 472.479 476.245
119    -5.103   -46.729  2.882 -23 1 4 1 2 4 8 699.809 703.380
120    -8.826    55.743  2.884  25 1 4 1 2 4 8 442.189 445.658
121     5.847    -3.186  3.094   5 1 4 1 2 4 8 248.226 252.013
122   -25.726   -37.695  3.174   7 1 4 1 2 4 8 837.531 841.132
123   -15.363   -24.548  3.044  25 1 4 1 2 4 8 487.309 490.873
124    43.793   -11.102  3.172 -11 1 4 1 2 4 8 193.300 197.020
125    17.664   -25.604  2.923  18 1 4 1 2 4 8 675.823 679.288
126   -39.624    54.883  3.383  18 1 4 1 2 4 8 579.612 583.397
127   -24.554   -43.225  2.856   1 1 4 1 2 4 8 295.613 299.410
128   -26.892   -12.738  3.125  -7 1 4 1 2 4 8 402.334 406.029
129    34.155   -38.458  2.934  22 1 4 1 2 4 8 538.385 542.121
130   -47.314   -29.468  3.089   7 1 4 1 2 4 8 178.081 181.618
131    49.365   -25.592  3.228  -3 1 4 1 2 4 8 659.643 663.086
132     3.705   -16.449  3.019 -18 1 4 1 2 4 8 290.474 294.151
133    22.430   -23.273  3.389   8 1 4 1 2 4 8 95.312 98.941
134   -37.549   -29.608  3.092   6 1 4 1 2 4 8 716.530 720.114
135    25.549     3.674  2.965   7 1 4 1 2 4 8 182.004 185.440
136   -15.216     3.284  3.282 -20 1 4 1 2 4 8 781.524 785.099
137   -12.939    -7.495  2.961  10 1 4 1 2 4 8 816.803 820.464
138   -22.107    26.434  3.011   2 1 4 1 2 4 8 138.113 141.700
139   -17.944     7.733  2.991   3 1 4 1 2 4 8 765.864 769.618
140   -21.234    14.490  3.172  10 1 4 1 2 4 8 371.272 374.812
141     3.503   -19.708  3.192   5 1 4 1 2 4 8 809.393 812.834
142    32.599   -14.935  3.346  25 1 4 1 2 4 8 531.463 534.989
143    -5.737   -28.296  3.201 -23 1 4 1 2 4 8 188.826 192.540
144    -6.128   -39.624  2.943  21 1 4 1 2 4 8 486.091 489.724
145    -2.460    12.817  3.326  13 1 4 1 2 4 8 248.189 251.797
146    -6.470     8.466  3.123   1 1 4 1 2 4 8 505.531 509.021
147   -37.891   -36.115  3.292  11 1 4 1 2 4 8 840.773 844.453
148    10.852   -18.750  3.397   6 1 4 1 2 4 8 592.275 595.733
149    50.104     8.636  3.285   9 1 4 1 2 4 8 253.258 256.989
150    46.844     4.712  2.959 -17 1 4 1 2 4 8 560.172 563.745
151    19.598   -10.406  3.090  13 1 4 1 2 4 8 355.204 358.801
152   -38.947    52.942  3.081  23 1 4 1 2 4 8 294.834 298.440
153    -0.641   -21.289  2.914  19 1 4 1 2 4 8 898.649 902.440
154    40.906   -33.765  2.997 -11 1 4 1 2 4 8 120.229 123.680
155    -0.574   -62.299  3.223  12 1 4 1 2 4 8 551.055 554.726
156    -9.778    26.794  2.922  18 1 4 1 2 4 8 734.162 737.626
157    34.265   -23.895  3.206  25 1 4 1 2 4 8 193.017 196.661
158    29.572   -24.561  2.922  13 1 4 1 2 4 8 381.498 384.945
159    16.376   -58.887  3.080  24 1 4 1 2 4 8 245.358 248.985
160    61.877   -15.167  3.365   5 1 4 1 2 4 8 118.246 121.973
161    40.088    -9.625  3.244  14 1 4 1 2 4 8 503.180 506.854
162     0.122    -4.645  3.168  18 1 4 1 2 4 8 54.758 58.456
163    -8.929   -43.903  3.100  25 1 4 1 2 4 8 822.111 825.894
164    -7.135   -57.434  3.095  11 1 4 1 2 4 8 856.326 859.993
165     7.550   -21.210  2.892 -18 1 4 1 2 4 8 253.097 256.547
166     3.949     7.300  3.205 -23 1 4 1 2 4 8 319.480 323.165
167   -15.118    92.023  2.910  22 1 4 1 2 4 8 483.552 487.088
168    84.821   -24.518  3.184  20 1 4 1 2 4 8 774.030 777.705
169   -52.325    30.682  3.359  11 1 4 1 2 4 8 405.337 409.026
170     7.538    13.818  3.011  11 1 4 1 2 4 8 486.300 489.947
171   -21.484    30.359  3.065  19 1 4 1 2 4 8 608.402 611.963
172    36.047    29.883  3.222  13 1 4 1 2 4 8 479.333 482.771
173    12.781   -40.942  3.358  24 1 4 1 2 4 8 839.010 842.592
174   -17.291   -10.254  2.895   6 1 4 1 2 4 8 431.301 435.042
175   -10.541    12.402  3.364  -5 1 4 1 2 4 8 754.596 758.075
176   -15.845   -59.460  3.200  24 1 4 1 2 4 8 207.717 211.256
177    29.266    -2.222  2.996   7 1 4 1 2 4 8 159.475 163.017
178   -12.598   -58.929  3.189  13 1 4 1 2 4 8 90.105 93.656
179   -17.303   -35.297  3.147  25 1 4 1 2 4 8 870.184 873.812
180    57.050   -50.354  3.389  15 1 4 1 2 4 8 741.383 745.017
181    26.941    17.444  3.368  15 1 4 1 2 4 8 877.346 881.072
182    -6.195    -8.881  2.905  16 1 4 1 2 4 8 87.641 91.441
183    16.980   -16.321  3.240   5 1 4 1 2 4 8 140.913 144.401
184    83.710   -32.520  3.358  15 1 4 1 2 4 8 168.494 172.216
185    12.451    34.589  3.419  24 1 4 1 2 4 8 325.521 329.170
186    15.057    67.004  3.229  15 1 4 1 2 4 8 592.929 596.491
187    25.818    -5.835  2.891   9 1 4 1 2 4 8 651.045 654.656
188    13.666   -14.832  3.158  19 1 4 1 2 4 8 803.075 806.744
189    48.322    -5.164  3.251  15 1 4 1 2 4 8 597.526 601.283
190    13.489    19.739  3.110   2 1 4 1 2 4 8 391.330 394.783
191   -18.512    65.405  2.969   3 1 4 1 2 4 8 258.548 261.998
192    17.554    38.379  2.905 -18 1 4 1 2 4 8 842.207 845.842
193    37.775   -16.003  3.160  20 1 4 1 2 4 8 800.739 804.508
194    47.968   -30.310  3.065 -14 1 4 1 2 4 8 657.183 660.982
195    38.806    36.243  3.414  10 1 4 1 2 4 8 730.864 734.460
196   -16.089   -42.841  3.130   6 1 4 1 2 4 8 294.372 297.885
197    28.656    -1.990  3.101  17 1 4 1 2 4 8 93.462 97.020
198    -5.859    -1.862  3.228  20 1 4 1 2 4 8 204.347 207.884
199    60.516    63.416  3.351   3 1 4 1 2 4 8 701.039 704.697
200    63.196   -47.766  2.911  14 1 4 1 2 4 8 845.666 849.290
201   -15.308   -23.285  3.129  12 1 4 1 2 4 8 480.620 484.102
202    -2.875     0.787  3.053  -2 1 4 1 2 4 8 260.213 263.730
203    32.056   -10.175  2.939  11 1 4 1 2 4 8 784.634 788.202
204   -18.634   -25.665  2.923  16 1 4 1 2 4 8 886.870 890.593
205    -3.632    25.433  3.123  18 1 4 1 2 4 8 676.320 679.886
206    10.480    22.888  3.282 -14 1 4 1 2 4 8 610.648 614.451
207     1.819    -3.009  3.247   6 1 4 1 2 4 8 343.340 347.121
208   -25.275   -12.183  3.422  12 1 4 1 2 4 8 855.446 859.085
209    56.927   -75.507  2.879  21 1 4 1 2 4 8 338.751 342.279
210    13.885   -36.230  3.400   1 1 4 1 2 4 8 434.407 438.184
211    32.520   -29.523  2.917 -18 1 4 1 2 4 8 347.512 351.082
212     4.803    -7.288  3.003  17 1 4 1 2 4 8 205.725 209.311
213    11.365    -8.344  3.062  15 1 4 1 2 4 8 513.850 517.637
214    17.126   -24.646  3.080   4 1 4 1 2 4 8 91.307 94.816
215   -33.661   -41.241  3.203  18 1 4 1 2 4 8 346.077 349.525
216   -32.391   -50.885  3.393  22 1 4 1 2 4 8 826.753 830.274
217    23.041   -14.496  3.061 -16 1 4 1 2 4 8 92.106 95.795
218   -21.857   -39.502  3.155  14 1 4 1 2 4 8 711.628 715.378
219    32.013    77.332  3.390  25 1 4 1 2 4 8 285.206 288.761
220    13.831   -76.190  3.207  15 1 4 1 2 4 8 145.721 149.455
221    -8.051   -21.179  3.418  -6 1 4 1 2 4 8 363.968 367.681
222    25.391    46.613  2.927   7 1 4 1 2 4 8 651.979 655.552
223    49.536   -54.639  3.381 -21 1 4 1 2 4 8 792.977 796.775
224    63.416    -8.636  2.937   3 1 4 1 2 4 8 470.517 473.987
225     2.301    -5.536  3.252  15 1 4 1 2 4 8 683.579 687.191
226    52.423    29.895  3.330  24 1 4 1 2 4 8 804.578 808.103
227     9.296   -16.254  3.343   2 1 4 1 2 4 8 305.062 308.593
228    34.845   -96.185  3.080  17 1 4 1 2 4 8 676.782 680.281
229   -21.063   -41.498  3.303  -2 1 4 1 2 4 8 353.928 357.567
230    28.448    10.242  3.279 -25 1 4 1 2 4 8 93.183 96.619
231    16.254   -22.583  2.857  15 1 4 1 2 4 8 281.384 285.095
232   -36.639   -34.033  3.045  -3 1 4 1 2 4 8 807.279 810.959
233   -27.356   -50.177  2.856   1 1 4 1 2 4 8 665.457 668.993
234   -53.705    11.334  3.423   1 1 4 1 2 4 8 237.186 240.673
235    26.276    -5.994  3.330  20 1 4 1 2 4 8 808.509 812.275
236   -31.519    34.589  3.362  19 1 4 1 2 4 8 268.656 272.111
237   -14.612   -31.506  3.192  -2 1 4 1 2 4 8 854.325 857.882
238    -4.242   -30.865  3.420  -9 1 4 1 2 4 8 702.838 706.305
239   -18.524   -29.486  3.333   4 1 4 1 2 4 8 814.236 817.706
240   -17.133   -19.397  2.965 -16 1 4 1 2 4 8 882.618 886.141
241    34.430   -17.151 0.000   0 0 0 0.000 951.660
242     0.269    -8.154 0.000   0 0 0 0.000 951.660
243     3.140    13.297 0.000   0 0 0 0.000 951.660
244    -3.113   -29.745 0.000   0 0 0 0.000 951.660
