6 6 288 4
400 175
400 175
400 175
400 175
  1   -66.174   -37.811  3.212  19 1 4 1 2 4 8 611.869 615.522
  2     2.673   -35.223  3.004  21 1 4 1 2 4 8 774.009 777.912
  3    38.751     8.618  2.994  17 1 4 1 2 4 8 95.732 99.604
  4    62.653    20.667  3.159   6 1 4 1 2 4 8 684.356 688.258
  5    60.974    -6.110  3.341   6 1 4 1 2 4 8 375.123 378.913
  6   -98.535   -39.532  3.128  19 1 4 1 2 4 8 652.674 656.321
  7     8.411   -81.274  2.962  17 1 4 1 2 4 8 713.261 717.101
  8   -14.569    26.056  3.123  19 1 4 1 2 4 8 282.105 285.889
  9   -34.186   -76.697  3.113  -2 1 4 1 2 4 8 352.425 356.336
 10    55.145   -33.911  3.429   3 1 4 1 2 4 8 628.402 632.047
 11    15.869     8.716  3.045  24 1 4 1 2 4 8 320.183 323.995
 12   -63.416   -20.282  3.100   5 1 4 1 2 4 8 253.754 257.309
 13    -9.357   -42.212  3.488   9 1 4 1 2 4 8 422.649 426.326
 14   -53.619     3.729  3.208  20 1 4 1 2 4 8 366.577 370.411
 15    53.491    -3.308  3.453  19 1 4 1 2 4 8 864.467 868.120
 16   -22.614   -32.794  3.168  20 1 4 1 2 4 8 417.864 421.671
 17    39.612    -1.550  3.174   4 1 4 1 2 4 8 809.707 813.300
 18    16.705   -22.748  3.121   3 1 4 1 2 4 8 626.131 629.711
 19   -51.245   -13.757  3.211   2 1 4 1 2 4 8 244.634 248.358
 20   -29.907    14.380  3.285 -23 1 4 1 2 4 8 238.237 241.954
 21   -70.441   -27.911  3.442   6 1 4 1 2 4 8 144.908 148.632
 22   -75.385   -30.811  3.243  17 1 4 1 2 4 8 679.979 683.753
 23    10.590   -28.931  3.032  17 1 4 1 2 4 8 137.049 140.604
 24    86.340   -45.935  3.118   3 1 4 1 2 4 8 689.491 693.341
 25     3.864    34.583  3.065  16 1 4 1 2 4 8 842.575 846.106
 26   -37.598   -42.114  3.243 -15 1 4 1 2 4 8 134.110 137.936
 27    69.440     1.379  3.186  23 1 4 1 2 4 8 163.519 167.152
 28   -13.818     1.245  3.047  15 1 4 1 2 4 8 162.912 166.505
 29   -27.124   -38.037  3.059  12 1 4 1 2 4 8 580.175 584.050
 30   -69.348   -14.734  3.343 -19 1 4 1 2 4 8 507.489 511.330
 31    58.575    29.346  3.130  23 1 4 1 2 4 8 622.161 625.761
 32    58.105    31.702  2.945  10 1 4 1 2 4 8 274.545 278.180
 33   -62.250   -16.425  3.045  23 1 4 1 2 4 8 734.464 737.998
 34   -66.382    13.586  3.008  22 1 4 1 2 4 8 863.029 866.710
 35    68.030   -12.482  3.199   4 1 4 1 2 4 8 530.722 534.369
 36   -30.701   -41.681  3.284  -5 1 4 1 2 4 8 309.847 313.412
 37   -55.389   -51.050  3.476   1 1 4 1 2 4 8 660.557 664.418
 38    36.237    -2.655  3.211  11 1 4 1 2 4 8 88.138 91.855
 39    -1.215     5.591  3.399  20 1 4 1 2 4 8 83.975 87.503
 40    10.278   -23.950  3.323  25 1 4 1 2 4 8 313.246 316.777
 41    -7.159    36.859  3.208  18 1 4 1 2 4 8 358.781 362.656
 42   -90.204    61.169  3.014   4 1 4 1 2 4 8 290.610 294.497
 43    46.368    65.082  3.522  10 1 4 1 2 4 8 839.112 842.732
 44    13.348    31.372  3.180  17 1 4 1 2 4 8 202.415 206.330
 45   -73.566   -28.839  3.399   7 1 4 1 2 4 8 435.008 438.695
 46   -41.528   -37.097  3.009   4 1 4 1 2 4 8 666.691 670.505
 47   -60.938   -27.246  3.232   3 1 4 1 2 4 8 336.020 339.880
 48    38.312    54.376  3.396  12 1 4 1 2 4 8 441.083 444.774
 49    26.306    11.975  3.470  13 1 4 1 2 4 8 630.699 634.310
 50    10.297   -48.346  3.026  24 1 4 1 2 4 8 718.422 721.954
 51    52.417   -28.363  3.152  16 1 4 1 2 4 8 811.792 815.543
 52   -43.756   -39.343  3.101  -2 1 4 1 2 4 8 830.486 834.087
 53    49.316    11.395  3.036   7 1 4 1 2 4 8 486.543 490.454
 54    45.593     4.346  3.369  15 1 4 1 2 4 8 703.783 707.669
 55   -25.989   -15.814  3.398 -12 1 4 1 2 4 8 402.729 406.257
 56    65.253   -59.631  3.367 -15 1 4 1 2 4 8 691.160 694.827
 57    12.109   -34.387  3.141  17 1 4 1 2 4 8 423.716 427.290
 58    12.390   -16.254  3.129  16 1 4 1 2 4 8 537.439 541.343
 59     0.525    69.611  3.361   1 1 4 1 2 4 8 344.148 347.965
 60    -8.679     7.770  3.410   9 1 4 1 2 4 8 155.682 159.410
 61    41.467   -35.016  3.164  -4 1 4 1 2 4 8 811.890 815.746
 62    11.859   -34.973  3.305  -3 1 4 1 2 4 8 361.888 365.776
 63    -1.306   -58.063  3.141   1 1 4 1 2 4 8 539.153 542.684
 64     6.024   -31.018  3.176   4 1 4 1 2 4 8 284.208 287.747
 65     1.788   -32.544  3.330   6 1 4 1 2 4 8 717.752 721.521
 66    29.272    -6.494  3.507  -1 1 4 1 2 4 8 260.629 264.488
 67    23.950    10.742  3.268  19 1 4 1 2 4 8 508.529 512.380
 68   -65.887    40.912  3.489   1 1 4 1 2 4 8 421.623 425.263
 69   -10.095    26.257  3.313   2 1 4 1 2 4 8 439.563 443.333
 70    58.093    67.352  3.263  25 1 4 1 2 4 8 425.736 429.451
 71    90.015     9.485  3.015  -4 1 4 1 2 4 8 310.048 313.610
 72    -6.622    15.216  2.948   4 1 4 1 2 4 8 614.419 618.288
 73    -2.875   -42.841  3.392  13 1 4 1 2 4 8 793.813 797.353
 74   -37.714    -7.306  3.097  18 1 4 1 2 4 8 371.886 375.565
 75    44.171   -11.224  3.492  -9 1 4 1 2 4 8 164.465 167.997
 76   -58.704    -2.808  2.958  -5 1 4 1 2 4 8 419.409 423.291
 77    -3.912    10.071  3.024 -12 1 4 1 2 4 8 505.390 509.179
 78   -41.370    -1.495  3.336  22 1 4 1 2 4 8 790.765 794.553
 79    58.179    27.563  3.339   9 1 4 1 2 4 8 405.418 409.070
 80   -63.861    26.147  3.086 -11 1 4 1 2 4 8 630.431 634.089
 81   -56.793   -15.918  3.125   6 1 4 1 2 4 8 424.692 428.487
 82    22.217   -27.509  3.289  19 1 4 1 2 4 8 382.149 385.920
 83    -1.031   -14.838  3.354  10 1 4 1 2 4 8 423.819 427.623
 84   -57.703   -10.480  3.244  -1 1 4 1 2 4 8 860.502 864.341
 85    80.847     6.299  3.492  10 1 4 1 2 4 8 182.759 186.600
 86     2.887    10.822  3.373 -20 1 4 1 2 4 8 92.317 95.873
 87   -37.390    -7.800  3.208  18 1 4 1 2 4 8 420.684 424.241
 88   -33.600   -26.740  3.451   1 1 4 1 2 4 8 812.427 816.084
 89    95.197    24.231  3.135  11 1 4 1 2 4 8 466.300 470.103
 90   -13.904    29.327  3.358  20 1 4 1 2 4 8 714.138 717.837
 91   -53.461     9.296  3.202  12 1 4 1 2 4 8 539.792 543.704
 92    67.578    13.007  3.069  17 1 4 1 2 4 8 666.943 670.804
 93   -83.881   -53.265  3.352 -16 1 4 1 2 4 8 639.737 643.350
 94    30.255   -72.430  3.429   3 1 4 1 2 4 8 424.109 427.999
 95   -22.333   -20.538  3.437  14 1 4 1 2 4 8 504.466 508.221
 96     3.741   -35.461  3.249  12 1 4 1 2 4 8 209.362 212.964
 97   -20.093   -43.982  3.234   9 1 4 1 2 4 8 115.387 118.999
 98   -47.687   -21.100  3.038  -1 1 4 1 2 4 8 299.798 303.712
 99   -20.447   -13.849  2.962   7 1 4 1 2 4 8 660.335 664.173
100    34.515     3.967  3.410   7 1 4 1 2 4 8 207.935 211.580
101    20.514   -11.884  3.067   5 1 4 1 2 4 8 665.479 669.198
102   -46.039   -22.565  3.128   9 1 4 1 2 4 8 611.139 614.899
103   -39.630    25.385  2.939  15 1 4 1 2 4 8 289.255 292.793
104    -1.025    50.433  3.078   4 1 4 1 2 4 8 366.506 370.238
105   -28.632    23.486  3.393 -10 1 4 1 2 4 8 431.496 435.161
106   -52.997   -16.248  3.328  21 1 4 1 2 4 8 681.789 685.579
107    -3.345   -22.955  3.299   2 1 4 1 2 4 8 613.273 617.161
108   -62.640   -26.349  3.215   6 1 4 1 2 4 8 678.652 682.329
109    25.403     0.531  3.147   1 1 4 1 2 4 8 671.314 674.933
110   -29.895    72.919  3.473 -23 1 4 1 2 4 8 643.594 647.468
111    26.630     1.971  3.012  24 1 4 1 2 4 8 325.519 329.058
112    -9.814    35.004  3.452  16 1 4 1 2 4 8 142.010 145.869
113    -7.758   -42.426  3.247 -18 1 4 1 2 4 8 663.985 667.787
114    28.918    -7.117  3.079   1 1 4 1 2 4 8 136.767 140.561
115    47.693    36.108  3.383   1 1 4 1 2 4 8 307.206 310.800
116   -53.168     5.206  3.112 -21 1 4 1 2 4 8 172.212 175.891
117    17.560    13.214  3.197   8 1 4 1 2 4 8 755.396 759.048
118     6.836    -2.496  3.093  22 1 4 1 2 4 8 690.524 694.374
119   -17.322    97.260  3.040  23 1 4 1 2 4 8 640.309 643.854
120    22.406    26.532  3.010  11 1 4 1 2 4 8 539.809 543.448
121   -73.090   -13.251  3.145 -15 1 4 1 2 4 8 684.232 687.979
122   -64.996    -4.578  3.203  14 1 4 1 2 4 8 499.294 503.185
123   -34.906   -43.903  3.297  16 1 4 1 2 4 8 243.571 247.246
124   -92.346    -4.517  3.287 -25 1 4 1 2 4 8 575.864 579.716
125     0.647    -8.496  3.481  12 1 4 1 2 4 8 742.810 746.454
126     5.048   -37.323  3.326  -9 1 4 1 2 4 8 68.033 71.655
127   -19.080   -14.178  2.944  20 1 4 1 2 4 8 718.858 722.700
128   -71.704   -11.450  3.464  22 1 4 1 2 4 8 626.249 630.161
129   -45.581   -28.717  3.269  13 1 4 1 2 4 8 888.875 892.409
130   -28.351   -23.914  3.145  24 1 4 1 2 4 8 810.744 814.473
131   -16.486    30.920  3.516  13 1 4 1 2 4 8 825.064 828.701
132   -83.423   -20.935  3.314   4 1 4 1 2 4 8 630.488 634.142
133   -12.054   -20.612  3.248  22 1 4 1 2 4 8 355.214 358.915
134    -7.184   -63.721  2.974  18 1 4 1 2 4 8 226.669 230.448
135    34.546    -8.881  3.423  25 1 4 1 2 4 8 378.335 382.078
136    -4.865    73.694  3.107  19 1 4 1 2 4 8 274.030 277.895
137   -36.005    -3.876  3.518   8 1 4 1 2 4 8 366.581 370.261
138   -28.400   -21.820  3.116  13 1 4 1 2 4 8 125.128 128.692
139   -56.281   -15.112  3.426  -1 1 4 1 2 4 8 135.573 139.135
140   -11.017    42.151  3.080   1 1 4 1 2 4 8 612.638 616.181
141   -63.092   -62.573  3.018   5 1 4 1 2 4 8 772.192 775.974
142    29.486    79.944  3.263  -2 1 4 1 2 4 8 331.342 334.935
143   -65.674    -0.238  2.964  22 1 4 1 2 4 8 854.367 858.092
144    46.130   -20.416  3.067  -3 1 4 1 2 4 8 104.446 107.992
145     1.575   -16.364  2.945   2 1 4 1 2 4 8 87.775 91.315
146    40.277    -1.379  2.989   6 1 4 1 2 4 8 562.380 566.285
147   -15.271    42.249  3.457  19 1 4 1 2 4 8 687.083 690.973
148    33.215   -16.614  3.307   5 1 4 1 2 4 8 499.007 502.538
149   -72.388    13.074  3.032  25 1 4 1 2 4 8 400.416 403.941
150   -24.487     5.273  3.515   9 1 4 1 2 4 8 109.083 112.705
151    -6.598   -30.957  3.065 -20 1 4 1 2 4 8 422.486 426.381
152    31.287    21.332  3.173 -11 1 4 1 2 4 8 220.206 223.743
153    20.557     0.378  3.080 -18 1 4 1 2 4 8 656.105 659.821
154   -67.200   -41.339  3.180  25 1 4 1 2 4 8 664.295 668.026
155    22.168   -40.375  3.180  22 1 4 1 2 4 8 292.026 295.621
156    31.165     2.222  3.094  25 1 4 1 2 4 8 668.149 671.989
157    74.634    30.219  3.407 -14 1 4 1 2 4 8 360.969 364.615
158    60.699    81.116  3.145  21 1 4 1 2 4 8 515.569 519.247
159   -60.736    24.133  3.247   1 1 4 1 2 4 8 193.690 197.552
160     1.978    17.517  3.380  -9 1 4 1 2 4 8 267.277 270.809
161   -80.566   -38.196  3.080   2 1 4 1 2 4 8 579.231 582.932
162   -49.927   -36.713  3.421   2 1 4 1 2 4 8 712.864 716.583
163   -60.449   -27.820  3.035   4 1 4 1 2 4 8 341.646 345.313
164   -78.748   -44.226  3.286 -15 1 4 1 2 4 8 260.481 264.330
165    54.260    -9.259  3.469  11 1 4 1 2 4 8 584.383 588.093
166   -42.059   -26.636  3.212  15 1 4 1 2 4 8 297.463 301.180
167   -57.336   -16.718  3.094  15 1 4 1 2 4 8 670.838 674.747
168    -1.276   -13.330  3.504  16 1 4 1 2 4 8 522.584 526.444
169   -24.158    39.197  3.211  14 1 4 1 2 4 8 691.941 695.591
170    17.908   -40.442  3.139  25 1 4 1 2 4 8 530.254 533.970
171    59.833    -3.674  3.324   9 1 4 1 2 4 8 755.658 759.563
172    -3.510     6.256  3.078  23 1 4 1 2 4 8 171.309 174.890
173    40.167     8.594  3.226 -16 1 4 1 2 4 8 684.960 688.545
174    -1.691   -54.376  2.943  10 1 4 1 2 4 8 735.804 739.627
175   -36.035   -17.065  3.220   4 1 4 1 2 4 8 399.436 403.041
176     7.275    -4.144  3.184  25 1 4 1 2 4 8 69.455 73.335
177    30.219    -6.830  3.482 -20 1 4 1 2 4 8 536.501 540.131
178   -26.379   -63.055  3.383   5 1 4 1 2 4 8 298.271 302.004
179    28.772    -0.031  3.520  19 1 4 1 2 4 8 451.085 454.863
180     2.625     5.072  3.371   2 1 4 1 2 4 8 717.961 721.788
181     3.595   -21.600  3.146  13 1 4 1 2 4 8 506.156 510.052
182   -64.948   -10.956  3.120  19 1 4 1 2 4 8 337.859 341.556
183    18.671   -41.010  3.146   2 1 4 1 2 4 8 767.514 771.167
184    29.291    12.799  3.286  16 1 4 1 2 4 8 487.904 491.458
185     4.529    26.654  3.107   2 1 4 1 2 4 8 333.242 336.876
186    25.360    29.718  3.219   6 1 4 1 2 4 8 206.335 210.013
187    57.349   -15.405  3.131   3 1 4 1 2 4 8 822.128 825.786
188   -11.566   -19.012  3.499  20 1 4 1 2 4 8 112.584 116.137
189   -45.441   -71.808  3.146  13 1 4 1 2 4 8 673.591 677.283
190     2.197    -3.564  3.496   9 1 4 1 2 4 8 887.386 891.185
191    -1.855   -24.475  3.422  -5 1 4 1 2 4 8 583.267 586.853
192   -59.851   -48.938  3.203  15 1 4 1 2 4 8 277.037 280.873
193    70.081   -17.816  3.203  22 1 4 1 2 4 8 557.543 561.130
194    -4.932    28.754  3.502 -18 1 4 1 2 4 8 464.822 468.657
195   -46.625   -23.529  3.070  21 1 4 1 2 4 8 536.053 539.949
196   -49.872   -35.339  2.997  16 1 4 1 2 4 8 430.289 434.155
197   -67.499     8.142  3.271 -22 1 4 1 2 4 8 202.461 206.030
198    31.195   -18.243  2.968  23 1 4 1 2 4 8 248.421 252.182
199   -42.139   -52.704  3.196   1 1 4 1 2 4 8 797.838 801.722
200   -15.094    18.933  3.217   1 1 4 1 2 4 8 230.817 234.492
201   -78.625   -24.341  3.102  13 1 4 1 2 4 8 309.389 313.238
202    51.471    -9.607  3.090  14 1 4 1 2 4 8 807.463 811.201
203    29.987   -31.061  3.443  18 1 4 1 2 4 8 853.204 856.988
204    46.741     1.453  3.056   5 1 4 1 2 4 8 139.232 142.815
205   -52.954    31.738  3.320  24 1 4 1 2 4 8 683.525 687.431
206    10.535   -61.432  3.115  11 1 4 1 2 4 8 399.891 403.766
207   -15.948   -56.012  2.954  -5 1 4 1 2 4 8 368.331 372.220
208    -7.776   -54.730  2.940  -1 1 4 1 2 4 8 173.961 177.680
209    11.047   -20.905  3.349  21 1 4 1 2 4 8 842.891 846.731
210   -24.359   -23.047  3.403   6 1 4 1 2 4 8 120.257 123.839
211     2.948   -20.398  3.349   6 1 4 1 2 4 8 338.275 341.913
212   -82.654    24.323  3.176   5 1 4 1 2 4 8 314.905 318.630
213   -12.134    42.065  3.268  23 1 4 1 2 4 8 667.822 671.574
214   -98.035   -36.359  3.495  16 1 4 1 2 4 8 738.241 742.124
215   -61.102   -13.477  3.232  18 1 4 1 2 4 8 234.358 238.203
216   -39.136     6.287  3.439  10 1 4 1 2 4 8 826.278 830.008
217    41.180     7.971  2.974   9 1 4 1 2 4 8 867.598 871.184
218     4.254    19.830  3.289  18 1 4 1 2 4 8 371.067 374.751
219   -34.143   -37.915  3.132  22 1 4 1 2 4 8 279.676 283.262
220    -4.559    23.566  3.292  24 1 4 1 2 4 8 809.130 812.850
221    37.891    -1.947  2.976  15 1 4 1 2 4 8 241.112 244.773
222    78.259    15.936  3.111   6 1 4 1 2 4 8 835.331 839.230
223    -8.661   -25.110  3.521  12 1 4 1 2 4 8 667.040 670.648
224    10.071    37.164  3.263 -19 1 4 1 2 4 8 89.737 93.632
225   -42.621   -46.985  3.309  19 1 4 1 2 4 8 522.128 526.017
226    92.157   -94.183  3.442  17 1 4 1 2 4 8 435.272 439.060
227    32.202   -39.844  3.457  22 1 4 1 2 4 8 193.699 197.341
228   -55.231   -15.027  3.375  25 1 4 1 2 4 8 191.875 195.628
229   -26.746   -21.490  3.281 -11 1 4 1 2 4 8 902.628 906.330
230   -75.513    -0.708  3.059  23 1 4 1 2 4 8 514.463 518.282
231    34.021    12.665  3.510 -10 1 4 1 2 4 8 669.750 673.466
232    -2.643   -20.831  3.221  17 1 4 1 2 4 8 431.618 435.356
233    53.369    13.770  3.188   6 1 4 1 2 4 8 425.717 429.355
234   -14.948   -40.259  3.018 -20 1 4 1 2 4 8 113.303 116.868
235    67.828     5.750  3.043   6 1 4 1 2 4 8 755.580 759.161
236   -13.220   -26.031  2.981   4 1 4 1 2 4 8 197.422 200.988
237     4.169   -32.617  3.207  25 1 4 1 2 4 8 330.783 334.468
238   -26.050   -33.313  2.962   7 1 4 1 2 4 8 738.451 742.240
239    31.964   -45.703  3.399  11 1 4 1 2 4 8 434.732 438.543
240    96.820    26.208  3.179  14 1 4 1 2 4 8 420.060 423.656
241   -44.696   -37.854  3.057  14 1 4 1 2 4 8 401.235 404.965
242    33.417    11.792  3.462  15 1 4 1 2 4 8 801.192 804.751
243   -35.187    19.226  3.327   2 1 4 1 2 4 8 762.603 766.290
244   -14.233   -74.988  3.446  14 1 4 1 2 4 8 96.344 99.896
245    37.158    -0.836  3.155 -17 1 4 1 2 4 8 90.999 94.688
246   -51.697   -26.447  3.252 -24 1 4 1 2 4 8 98.532 102.196
247    23.535     5.896  3.310 -10 1 4 1 2 4 8 138.632 142.395
248   -18.433    53.711  3.180 -20 1 4 1 2 4 8 688.398 692.117
249   -11.340   -17.621  3.052 -11 1 4 1 2 4 8 474.720 478.370
250    -7.812   -35.895  3.016  16 1 4 1 2 4 8 591.223 594.905
251     3.522    26.941  3.117  -3 1 4 1 2 4 8 153.743 157.472
252   -46.588   -22.266  3.058  11 1 4 1 2 4 8 437.425 441.332
253    -2.997    -0.549  2.980  10 1 4 1 2 4 8 60.776 64.537
254    32.147    17.151  3.451  18 1 4 1 2 4 8 195.238 198.821
255    32.019    13.007  3.186  20 1 4 1 2 4 8 120.234 123.984
256    -6.628    29.889  2.985  24 1 4 1 2 4 8 903.387 906.996
257    77.777   -25.397  3.240  16 1 4 1 2 4 8 673.477 677.215
258    30.707    65.704  3.519  -2 1 4 1 2 4 8 824.945 828.591
259   -43.811   -43.036  3.168  14 1 4 1 2 4 8 266.955 270.546
260    49.561    16.827  3.457  10 1 4 1 2 4 8 615.706 619.415
261   -28.931    -0.439  3.053  22 1 4 1 2 4 8 378.507 382.151
262    40.363    16.382  3.448  14 1 4 1 2 4 8 495.796 499.440
263    22.748    40.674  3.084  15 1 4 1 2 4 8 212.241 216.152
264    -1.471     6.567  3.029  -7 1 4 1 2 4 8 322.572 326.290
265    -1.190    16.864  3.205  20 1 4 1 2 4 8 152.122 156.032
266     8.032    41.821  3.376   1 1 4 1 2 4 8 584.946 588.608
267   -44.019   -22.784  3.137 -24 1 4 1 2 4 8 143.841 147.566
268    12.366   -11.353  3.165  22 1 4 1 2 4 8 812.107 815.763
269    33.276    15.881  2.980  23 1 4 1 2 4 8 670.635 674.353
270   -34.790   -15.045  3.229  20 1 4 1 2 4 8 407.884 411.461
271   -96.857   -19.391  3.484  15 1 4 1 2 4 8 526.746 530.343
272    38.434    -5.353  3.016  14 1 4 1 2 4 8 224.430 227.985
273   -25.391     0.220  2.964  12 1 4 1 2 4 8 861.858 865.610
274     0.848   -31.860  3.284   4 1 4 1 2 4 8 128.740 132.307
275   -24.023    95.691  3.523  15 1 4 1 2 4 8 587.638 591.385
276    -4.272    35.468  3.187  12 1 4 1 2 4 8 308.266 312.060
277    -6.927     1.855  2.957  -8 1 4 1 2 4 8 911.336 915.197
278   -70.953    -3.217  2.990   2 1 4 1 2 4 8 582.930 586.607
279   -32.648   -16.522  3.238  24 1 4 1 2 4 8 869.439 873.034
280    42.859   -21.680  3.292   5 1 4 1 2 4 8 327.557 331.353
281     5.182     6.403  3.390   8 1 4 1 2 4 8 548.008 551.826
282    36.920    -4.987  3.423  21 1 4 1 2 4 8 91.850 95.462
283    49.591    27.783  3.450   5 1 4 1 2 4 8 630.166 633.966
284    45.038    10.785  3.390  16 1 4 1 2 4 8 100.589 104.493
285     7.690    14.056  3.488   8 1 4 1 2 4 8 754.911 758.485
286   -60.907    18.640  3.092  24 1 4 1 2 4 8 352.517 356.172
287   -64.496     8.923  3.364  23 1 4 1 2 4 8 718.943 722.594
288    37.158   -14.990  2.988   6 1 4 1 2 4 8 730.112 733.698
289     2.277     7.840 0.000   0 0 0 0.000 978.975
290    32.883    -1.779 0.000   0 0 0 0.000 978.975
291   -49.554   -17.828 0.000   0 0 0 0.000 978.975
292     3.690   -26.099 0.000   0 0 0 0.000 978.975
