6 1 72 6
500 200
500 200
500 200
500 200
500 200
500 200
  1   -92.700   -59.180  2.767 -20 1 6 1 2 4 8 16 32 258.513 261.652
  2    71.179    12.543  2.706   6 1 6 1 2 4 8 16 32 434.617 437.997
  3    31.537    66.638  2.987  19 1 6 1 2 4 8 16 32 464.663 467.876
  4    -4.694    25.537  2.616  10 1 6 1 2 4 8 16 32 289.354 292.508
  5   -30.194    67.773  2.986 -18 1 6 1 2 4 8 16 32 546.374 549.818
  6    12.677   -57.471  3.085   1 1 6 1 2 4 8 16 32 113.748 117.046
  7   -32.355   -20.966  2.766  15 1 6 1 2 4 8 16 32 234.906 238.095
  8    19.910    48.975  2.788  23 1 6 1 2 4 8 16 32 719.036 722.327
  9    13.202   -19.135  2.732 -13 1 6 1 2 4 8 16 32 116.494 119.840
 10    54.877   -41.168  2.704  12 1 6 1 2 4 8 16 32 468.507 471.931
 11    15.063   -25.171  2.716   7 1 6 1 2 4 8 16 32 378.209 381.595
 12   -50.598   -16.418  3.038 -25 1 6 1 2 4 8 16 32 322.354 325.648
 13   -29.730    17.078  2.665   5 1 6 1 2 4 8 16 32 364.135 367.342
 14    17.542     1.575  3.009   1 1 6 1 2 4 8 16 32 268.348 271.641
 15    11.127    77.216  2.988  25 1 6 1 2 4 8 16 32 721.548 724.926
 16    33.752    71.259  3.066  10 1 6 1 2 4 8 16 32 418.842 422.244
 17   -56.012   -10.394  2.690  -2 1 6 1 2 4 8 16 32 324.530 327.789
 18    57.874   -16.290  2.744   7 1 6 1 2 4 8 16 32 615.112 618.493
 19    10.718   -18.787  3.105  11 1 6 1 2 4 8 16 32 96.415 99.675
 20    53.088   -18.750  2.827   4 1 6 1 2 4 8 16 32 536.484 539.717
 21     1.569     7.532  2.594  -6 1 6 1 2 4 8 16 32 792.504 795.864
 22    31.531    48.944  2.781  15 1 6 1 2 4 8 16 32 431.043 434.184
 23   -66.833   -37.854  2.854   7 1 6 1 2 4 8 16 32 349.438 352.757
 24   -70.740    62.244  2.691   8 1 6 1 2 4 8 16 32 511.667 515.113
 25    32.538    23.096  2.922  10 1 6 1 2 4 8 16 32 516.712 520.083
 26   -51.453   -36.444  2.992   9 1 6 1 2 4 8 16 32 171.731 174.889
 27    36.456   -22.638  3.023   4 1 6 1 2 4 8 16 32 506.871 510.137
 28   -31.207    43.494  2.787   6 1 6 1 2 4 8 16 32 556.335 559.504
 29   -10.388    34.491  3.041  22 1 6 1 2 4 8 16 32 771.738 774.933
 30    14.722   -10.834  2.805  17 1 6 1 2 4 8 16 32 370.740 373.954
 31    47.095   -21.387  2.827   9 1 6 1 2 4 8 16 32 705.840 709.209
 32    43.781    34.766  2.950  25 1 6 1 2 4 8 16 32 751.291 754.728
 33    53.546   -67.487  3.108  10 1 6 1 2 4 8 16 32 408.335 411.617
 34    26.801    46.515  2.764  18 1 6 1 2 4 8 16 32 460.404 463.555
 35    63.385    11.981  2.616  21 1 6 1 2 4 8 16 32 300.404 303.827
 36    47.192    -5.475  2.817  10 1 6 1 2 4 8 16 32 315.585 318.910
 37   -16.315   -11.267  2.741  23 1 6 1 2 4 8 16 32 78.003 81.396
 38    78.900    17.651  2.751  23 1 6 1 2 4 8 16 32 412.995 416.343
 39    79.822    22.272  2.807  11 1 6 1 2 4 8 16 32 503.569 506.828
 40    12.878    16.919  2.778   1 1 6 1 2 4 8 16 32 611.082 614.461
 41   -67.981    -3.754  2.739  23 1 6 1 2 4 8 16 32 323.190 326.499
 42     9.198   -18.597  3.041  16 1 6 1 2 4 8 16 32 705.557 708.768
 43   -35.950   -19.141  2.820  10 1 6 1 2 4 8 16 32 760.908 764.339
 44    28.766    45.276  2.657  12 1 6 1 2 4 8 16 32 326.492 329.740
 45    11.469    68.231  2.732  12 1 6 1 2 4 8 16 32 615.395 618.587
 46   -22.760    45.496  2.729   3 1 6 1 2 4 8 16 32 745.669 748.802
 47   -65.674   -23.120  3.057 -22 1 6 1 2 4 8 16 32 352.631 356.064
 48     7.239     1.599  2.937  21 1 6 1 2 4 8 16 32 548.751 551.884
 49   -29.785   -11.285  3.067 -13 1 6 1 2 4 8 16 32 470.277 473.618
 50   -89.050    16.211  2.765  15 1 6 1 2 4 8 16 32 692.689 696.007
 51   -46.887    -3.363  3.108 -13 1 6 1 2 4 8 16 32 116.573 120.026
 52   -14.972    30.621  2.620 -20 1 6 1 2 4 8 16 32 159.643 162.950
 53   -17.035    49.774  2.646  10 1 6 1 2 4 8 16 32 661.965 665.396
 54    31.635    53.619  2.972  25 1 6 1 2 4 8 16 32 528.882 532.174
 55    -3.577    13.342  2.955   7 1 6 1 2 4 8 16 32 125.724 129.060
 56    33.008    58.960  2.663  15 1 6 1 2 4 8 16 32 749.569 752.724
 57   -92.950    63.263  2.805   2 1 6 1 2 4 8 16 32 250.278 253.519
 58    -9.137   -22.931  2.749 -23 1 6 1 2 4 8 16 32 355.515 358.670
 59   -39.960     6.195  3.088   5 1 6 1 2 4 8 16 32 355.461 358.683
 60    28.430   -19.214  2.617  25 1 6 1 2 4 8 16 32 316.031 319.243
 61   -28.540    -3.485  2.976  -9 1 6 1 2 4 8 16 32 221.455 224.590
 62    31.415    36.859  3.106   2 1 6 1 2 4 8 16 32 706.987 710.202
 63   -49.426    60.602  2.711 -24 1 6 1 2 4 8 16 32 354.862 358.138
 64   -72.827   -27.765  2.666  13 1 6 1 2 4 8 16 32 413.425 416.716
 65    60.083   -45.905  2.622  20 1 6 1 2 4 8 16 32 519.463 522.573
 66    10.870    -3.900  2.855  13 1 6 1 2 4 8 16 32 437.235 440.524
 67    25.122     7.672  3.009 -15 1 6 1 2 4 8 16 32 130.475 133.829
 68   -46.997   -17.474  2.637   4 1 6 1 2 4 8 16 32 200.008 203.268
 69    16.058    33.020  2.844  20 1 6 1 2 4 8 16 32 171.621 174.949
 70    25.409   -11.700  2.741   8 1 6 1 2 4 8 16 32 319.286 322.442
 71    68.323    -5.145  2.826  19 1 6 1 2 4 8 16 32 140.720 143.885
 72   -13.104    62.158  2.928  20 1 6 1 2 4 8 16 32 556.114 559.372
 73    42.395    -8.344 0.000   0 0 0 0.000 863.860
 74   -42.175   -14.554 0.000   0 0 0 0.000 863.860
 75    16.034    40.726 0.000   0 0 0 0.000 863.860
 76   -14.639    29.633 0.000   0 0 0 0.000 863.860
 77    16.049    -3.934 0.000   0 0 0 0.000 863.860
 78    46.112    12.430 0.000   0 0 0 0.000 863.860
