6 2 144 6
475 190
475 190
475 190
475 190
475 190
475 190
  1   -40.289   -42.303  2.875  20 1 6 1 2 4 8 16 32 580.924 584.252
  2   -64.709   -17.389  2.765  10 1 6 1 2 4 8 16 32 327.978 331.238
  3     5.060   -14.349  2.859   8 1 6 1 2 4 8 16 32 708.883 712.141
  4    72.095    20.233  2.832   6 1 6 1 2 4 8 16 32 376.162 379.476
  5     2.594   -15.002  3.103   1 1 6 1 2 4 8 16 32 374.744 378.248
  6   -24.176   -72.894  2.712  19 1 6 1 2 4 8 16 32 370.801 373.976
  7   -13.190    66.498  3.009 -13 1 6 1 2 4 8 16 32 360.865 364.355
  8    33.191    13.690  2.758  24 1 6 1 2 4 8 16 32 660.011 663.438
  9    66.827   -30.554  2.730  15 1 6 1 2 4 8 16 32 698.215 701.412
 10    19.934    35.883  3.142  13 1 6 1 2 4 8 16 32 568.664 572.043
 11   -27.771    32.269  2.998 -10 1 6 1 2 4 8 16 32 99.595 102.819
 12    51.154   -16.827  2.686   4 1 6 1 2 4 8 16 32 364.766 368.215
 13   -19.214    23.749  2.742  12 1 6 1 2 4 8 16 32 114.204 117.596
 14   -46.643   -52.954  3.089  21 1 6 1 2 4 8 16 32 466.549 469.979
 15   -10.590   -16.626  3.085   2 1 6 1 2 4 8 16 32 780.440 783.954
 16    35.150    12.622  2.747  10 1 6 1 2 4 8 16 32 698.546 702.013
 17   -37.378    12.256  2.691  20 1 6 1 2 4 8 16 32 136.517 139.897
 18    82.794    25.836  2.803  -9 1 6 1 2 4 8 16 32 619.261 622.718
 19     8.936    -3.723  2.928  24 1 6 1 2 4 8 16 32 323.624 326.999
 20   -56.659    25.555  2.884  19 1 6 1 2 4 8 16 32 638.540 641.734
 21   -52.020   -40.137  3.124  13 1 6 1 2 4 8 16 32 217.979 221.399
 22    39.270    12.787  2.670 -14 1 6 1 2 4 8 16 32 342.559 345.970
 23    19.757    21.228  2.777  17 1 6 1 2 4 8 16 32 252.690 256.200
 24   -23.071   -12.659  2.896  25 1 6 1 2 4 8 16 32 731.201 734.449
 25    15.686    52.374  2.758   1 1 6 1 2 4 8 16 32 509.172 512.564
 26    58.771    -7.056  3.067   9 1 6 1 2 4 8 16 32 515.649 518.956
 27   -33.087    72.266  3.034  12 1 6 1 2 4 8 16 32 620.272 623.578
 28     2.551    46.851  2.850  22 1 6 1 2 4 8 16 32 706.074 709.352
 29   -18.719    73.126  2.940   2 1 6 1 2 4 8 16 32 150.294 153.486
 30   -67.627   -20.679  2.981  21 1 6 1 2 4 8 16 32 533.607 536.884
 31   -76.862   -11.365  3.068   8 1 6 1 2 4 8 16 32 688.537 692.036
 32   -24.194   -38.263  2.869  19 1 6 1 2 4 8 16 32 163.341 166.848
 33   -20.374   -31.903  2.901  24 1 6 1 2 4 8 16 32 402.804 406.173
 34     9.290    39.618  2.779  24 1 6 1 2 4 8 16 32 147.410 150.763
 35    26.044    35.974  2.792   2 1 6 1 2 4 8 16 32 735.272 738.686
 36   -57.385   -45.264  3.087 -20 1 6 1 2 4 8 16 32 234.125 237.440
 37     1.489   -62.592  3.019  20 1 6 1 2 4 8 16 32 388.573 391.986
 38    34.937    13.672  2.965   5 1 6 1 2 4 8 16 32 628.667 631.975
 39   -22.290    45.648  2.893 -17 1 6 1 2 4 8 16 32 693.454 696.642
 40    -5.920    44.061  2.789   4 1 6 1 2 4 8 16 32 471.496 474.701
 41   -38.446   -23.541  2.991 -21 1 6 1 2 4 8 16 32 758.676 761.872
 42    28.894    33.936  2.985   3 1 6 1 2 4 8 16 32 176.748 180.067
 43   -35.388    -5.341  2.738 -16 1 6 1 2 4 8 16 32 262.409 265.715
 44   -19.501    13.519  2.975  14 1 6 1 2 4 8 16 32 124.589 127.983
 45    -9.216   -30.988  3.113   6 1 6 1 2 4 8 16 32 705.395 708.783
 46   -22.131   -17.065  2.870   5 1 6 1 2 4 8 16 32 360.523 363.734
 47   -22.827    36.810  3.154  12 1 6 1 2 4 8 16 32 595.127 598.508
 48   -61.365   -18.463  3.149  23 1 6 1 2 4 8 16 32 628.369 631.830
 49    50.128   -66.046  3.040  12 1 6 1 2 4 8 16 32 600.374 603.575
 50    25.647    24.139  2.881  18 1 6 1 2 4 8 16 32 542.235 545.630
 51    65.521    42.810  2.819  24 1 6 1 2 4 8 16 32 547.191 550.610
 52   -60.956   -47.925  2.944   3 1 6 1 2 4 8 16 32 521.964 525.135
 53    -9.070    42.798  3.118   3 1 6 1 2 4 8 16 32 123.739 127.229
 54   -19.061     4.480  3.134  25 1 6 1 2 4 8 16 32 372.761 376.229
 55   -54.071    -3.870  2.640  22 1 6 1 2 4 8 16 32 719.043 722.412
 56   -25.598   -18.866  2.950  25 1 6 1 2 4 8 16 32 75.510 78.715
 57   -18.707    84.296  2.671  15 1 6 1 2 4 8 16 32 255.765 259.168
 58   -70.184   -39.166  2.972  18 1 6 1 2 4 8 16 32 329.792 332.971
 59   -14.636    -0.446  2.862   8 1 6 1 2 4 8 16 32 142.020 145.410
 60   -76.465   -38.922  2.987  20 1 6 1 2 4 8 16 32 155.037 158.443
 61    44.092    12.433  2.815  18 1 6 1 2 4 8 16 32 409.158 412.624
 62   -22.772   -50.867  2.905   5 1 6 1 2 4 8 16 32 163.038 166.289
 63    19.104    44.672  2.896  25 1 6 1 2 4 8 16 32 467.232 470.446
 64   -44.019   -39.935  3.016 -16 1 6 1 2 4 8 16 32 237.305 240.638
 65    -2.972    -4.059  2.944  14 1 6 1 2 4 8 16 32 125.907 129.423
 66   -24.261    35.907  3.072  -1 1 6 1 2 4 8 16 32 136.325 139.765
 67   -61.877   -73.901  2.708  15 1 6 1 2 4 8 16 32 679.873 683.380
 68    -5.640   -26.721  2.748  22 1 6 1 2 4 8 16 32 624.065 627.469
 69    45.844   -36.835  2.780   6 1 6 1 2 4 8 16 32 381.126 384.372
 70   -51.746   -79.840  2.903  24 1 6 1 2 4 8 16 32 638.923 642.251
 71   -33.008    10.992  2.717  19 1 6 1 2 4 8 16 32 158.163 161.614
 72   -25.653    -0.372  3.010 -12 1 6 1 2 4 8 16 32 504.708 508.044
 73   -21.497    61.487  2.884  13 1 6 1 2 4 8 16 32 123.958 127.407
 74     2.032    26.727  2.717  10 1 6 1 2 4 8 16 32 435.574 438.871
 75   -26.758    14.807  2.727  12 1 6 1 2 4 8 16 32 197.188 200.468
 76   -37.256   -44.861  2.945  13 1 6 1 2 4 8 16 32 240.866 244.116
 77    -0.861   -16.418  2.643 -25 1 6 1 2 4 8 16 32 272.320 275.607
 78   -51.160    34.967  2.684  12 1 6 1 2 4 8 16 32 693.979 697.150
 79   -41.266   -76.886  2.887   2 1 6 1 2 4 8 16 32 567.532 570.938
 80   -30.255    74.701  3.018 -11 1 6 1 2 4 8 16 32 278.552 281.994
 81   -46.368    -1.514  2.712 -10 1 6 1 2 4 8 16 32 170.424 173.632
 82   -71.619    73.077  3.133  -9 1 6 1 2 4 8 16 32 206.789 210.183
 83   -46.606   -39.948  3.089 -21 1 6 1 2 4 8 16 32 460.450 463.841
 84   -30.243    67.102  2.952  14 1 6 1 2 4 8 16 32 437.031 440.453
 85   -40.997   -43.036  2.680 -15 1 6 1 2 4 8 16 32 642.066 645.463
 86   -74.286   -52.307  2.897   6 1 6 1 2 4 8 16 32 299.808 303.296
 87   -17.609   -71.851  3.064  25 1 6 1 2 4 8 16 32 323.952 327.279
 88     2.350   -81.805  3.107  14 1 6 1 2 4 8 16 32 572.422 575.814
 89   -85.486   -54.059  2.878 -17 1 6 1 2 4 8 16 32 627.706 631.043
 90    23.822    10.571  3.115   8 1 6 1 2 4 8 16 32 470.319 473.493
 91   -24.530   -31.726  2.866   4 1 6 1 2 4 8 16 32 540.975 544.317
 92   -42.474   -15.009  2.953  17 1 6 1 2 4 8 16 32 667.067 670.472
 93   -33.624    50.330  3.152 -23 1 6 1 2 4 8 16 32 666.366 669.827
 94   -81.458   -41.565  2.673   4 1 6 1 2 4 8 16 32 479.267 482.761
 95   -73.505   -48.279  2.681  -4 1 6 1 2 4 8 16 32 456.438 459.859
 96    -3.052    70.898  2.868  -9 1 6 1 2 4 8 16 32 616.086 619.469
 97     0.946    25.458  3.122   9 1 6 1 2 4 8 16 32 461.808 465.197
 98   -54.144    13.525  2.768  19 1 6 1 2 4 8 16 32 310.120 313.437
 99   -30.634     7.526  2.865  12 1 6 1 2 4 8 16 32 400.651 403.971
100   -68.335   -34.277  2.683  25 1 6 1 2 4 8 16 32 283.507 286.835
101     7.178    57.935  2.980   8 1 6 1 2 4 8 16 32 201.119 204.420
102     4.712    48.669  2.833 -13 1 6 1 2 4 8 16 32 180.246 183.635
103    58.087    26.379  2.668   3 1 6 1 2 4 8 16 32 680.421 683.695
104    18.347    34.784  2.816   6 1 6 1 2 4 8 16 32 519.786 523.227
105   -44.629   -61.975  3.104  11 1 6 1 2 4 8 16 32 677.213 680.653
106     5.231    26.068  2.835  24 1 6 1 2 4 8 16 32 669.958 673.406
107   -48.065   -36.755  2.898  16 1 6 1 2 4 8 16 32 254.750 258.125
108    -3.589   -27.734  2.674 -21 1 6 1 2 4 8 16 32 193.368 196.657
109     9.808    36.896  2.759 -25 1 6 1 2 4 8 16 32 438.308 441.746
110    59.460     1.233  2.850  10 1 6 1 2 4 8 16 32 230.286 233.682
111   -47.522    19.873  2.817   2 1 6 1 2 4 8 16 32 204.808 208.153
112   -48.431   -50.317  2.674  13 1 6 1 2 4 8 16 32 663.656 667.145
113    44.666    20.953  2.949  14 1 6 1 2 4 8 16 32 330.514 333.994
114   -19.226    32.770  2.976  19 1 6 1 2 4 8 16 32 312.641 316.084
115   -15.662    17.462  3.011 -16 1 6 1 2 4 8 16 32 522.179 525.603
116   -91.669    77.722  3.070  23 1 6 1 2 4 8 16 32 415.654 418.939
117   -30.035   -78.284  2.787  13 1 6 1 2 4 8 16 32 448.149 451.381
118    73.663    32.941  3.067  24 1 6 1 2 4 8 16 32 720.561 723.893
119    22.400   -60.083  3.117  17 1 6 1 2 4 8 16 32 449.707 452.901
120    61.206   -13.501  3.166  -8 1 6 1 2 4 8 16 32 379.501 382.802
121    22.131   -50.012  2.894  12 1 6 1 2 4 8 16 32 102.723 106.207
122    -6.317    56.665  3.125   6 1 6 1 2 4 8 16 32 743.728 747.082
123   -20.471    12.885  2.824  20 1 6 1 2 4 8 16 32 677.366 680.880
124   -61.084   -44.769  2.724  20 1 6 1 2 4 8 16 32 323.276 326.605
125    -9.576   -19.366  2.677  24 1 6 1 2 4 8 16 32 516.596 520.070
126     5.627   -88.501  2.894  10 1 6 1 2 4 8 16 32 408.391 411.711
127    -2.618    22.131  2.889  18 1 6 1 2 4 8 16 32 135.460 138.854
128    40.497    32.343  2.910  10 1 6 1 2 4 8 16 32 684.545 687.948
129    -3.296    36.774  2.977 -15 1 6 1 2 4 8 16 32 421.688 424.857
130   -50.995    19.781  2.675  12 1 6 1 2 4 8 16 32 520.039 523.385
131   -70.520    -3.809  3.112  22 1 6 1 2 4 8 16 32 540.796 544.103
132     4.205     0.812  3.122  11 1 6 1 2 4 8 16 32 746.952 750.153
133     9.955    26.337  3.039  14 1 6 1 2 4 8 16 32 349.722 353.062
134    13.538   -21.313  3.014   9 1 6 1 2 4 8 16 32 580.259 583.706
135   -21.869   -18.768  2.731   6 1 6 1 2 4 8 16 32 94.365 97.740
136   -37.158   -30.768  2.917  23 1 6 1 2 4 8 16 32 137.563 141.029
137   -86.975    10.345  2.768   8 1 6 1 2 4 8 16 32 618.003 621.486
138   -47.272   -46.326  2.842  22 1 6 1 2 4 8 16 32 605.300 608.737
139     4.095   -19.354  2.953   7 1 6 1 2 4 8 16 32 108.265 111.738
140     4.205    30.292  3.069  15 1 6 1 2 4 8 16 32 680.836 684.073
141   -42.017    53.986  2.915  22 1 6 1 2 4 8 16 32 527.887 531.188
142    35.095   -10.895  3.029   7 1 6 1 2 4 8 16 32 132.167 135.506
143    61.188   -59.875  2.824  14 1 6 1 2 4 8 16 32 244.731 247.998
144   -34.674    -1.337  2.789 -21 1 6 1 2 4 8 16 32 670.833 674.267
145    -3.799    44.290 0.000   0 0 0 0.000 879.825
146    14.233    21.173 0.000   0 0 0 0.000 879.825
147   -23.334   -28.397 0.000   0 0 0 0.000 879.825
148    10.065     1.822 0.000   0 0 0 0.000 879.825
149   -49.115   -43.549 0.000   0 0 0 0.000 879.825
150   -21.054     4.144 0.000   0 0 0 0.000 879.825
