6 3 216 6
450 180
450 180
450 180
450 180
450 180
450 180
  1   -41.235   -66.357  2.909   3 1 6 1 2 4 8 16 32 239.718 243.298
  2    34.064   -59.357  2.888  16 1 6 1 2 4 8 16 32 458.589 462.049
  3    20.917   -52.582  3.429   8 1 6 1 2 4 8 16 32 572.605 576.441
  4   -38.538   -37.396  3.244  15 1 6 1 2 4 8 16 32 770.236 773.993
  5    41.058    22.931  3.378 -12 1 6 1 2 4 8 16 32 466.458 470.123
  6   -54.034   -53.131  3.090  13 1 6 1 2 4 8 16 32 388.969 392.642
  7     8.099    80.725  3.252  -8 1 6 1 2 4 8 16 32 295.931 299.645
  8    81.299    13.409  3.081  24 1 6 1 2 4 8 16 32 286.833 290.330
  9    14.459    -2.972  3.028  14 1 6 1 2 4 8 16 32 72.957 76.591
 10   -52.539    60.107  2.918  17 1 6 1 2 4 8 16 32 352.168 355.785
 11   -57.202   -34.229  2.948   8 1 6 1 2 4 8 16 32 463.717 467.432
 12   -65.552   -40.222  2.916  11 1 6 1 2 4 8 16 32 788.367 792.189
 13   -19.751   -10.278  3.173  -8 1 6 1 2 4 8 16 32 346.734 350.369
 14   -26.965   -87.012  3.235  17 1 6 1 2 4 8 16 32 507.603 511.111
 15     3.192   -88.654  3.181  19 1 6 1 2 4 8 16 32 434.841 438.304
 16    34.521    32.837  3.258  13 1 6 1 2 4 8 16 32 155.494 159.159
 17    80.035     5.273  3.194   2 1 6 1 2 4 8 16 32 421.650 425.322
 18   -39.838   -67.731  3.293   8 1 6 1 2 4 8 16 32 711.046 714.796
 19    14.600    11.365  3.034  21 1 6 1 2 4 8 16 32 171.058 174.643
 20   -20.990   -80.511  3.367  13 1 6 1 2 4 8 16 32 771.399 774.916
 21    48.242    47.284  3.270  17 1 6 1 2 4 8 16 32 816.625 820.210
 22    59.338   -31.860  3.407   4 1 6 1 2 4 8 16 32 728.684 732.421
 23   -13.995   -45.624  2.948  22 1 6 1 2 4 8 16 32 405.173 408.643
 24    32.397   -32.532  3.237  24 1 6 1 2 4 8 16 32 680.746 684.390
 25     2.826    50.824  3.208  11 1 6 1 2 4 8 16 32 676.495 680.278
 26   -66.077   -34.686  3.025   6 1 6 1 2 4 8 16 32 632.696 636.473
 27   -13.660    18.640  3.439  19 1 6 1 2 4 8 16 32 797.048 800.528
 28   -59.344    12.769  3.027  11 1 6 1 2 4 8 16 32 243.952 247.429
 29    -5.133   -18.463  3.279  23 1 6 1 2 4 8 16 32 173.380 177.170
 30   -22.961   -21.729  3.322  -4 1 6 1 2 4 8 16 32 546.595 550.249
 31    58.130    46.606  3.101   5 1 6 1 2 4 8 16 32 267.442 271.258
 32   -49.603   -76.624  3.200  16 1 6 1 2 4 8 16 32 369.687 373.218
 33    -4.803    43.036  3.034   2 1 6 1 2 4 8 16 32 417.503 421.023
 34    68.616   -19.623  2.971  13 1 6 1 2 4 8 16 32 415.494 419.144
 35    37.915    63.599  2.905  11 1 6 1 2 4 8 16 32 470.737 474.290
 36     1.251   -26.550  3.405   9 1 6 1 2 4 8 16 32 794.246 797.782
 37   -37.952     1.685  2.911  18 1 6 1 2 4 8 16 32 342.717 346.355
 38   -40.503     8.038  3.013   7 1 6 1 2 4 8 16 32 765.480 769.032
 39    -8.392   -38.678  3.385 -24 1 6 1 2 4 8 16 32 262.838 266.365
 40   -36.725    25.494  3.309   5 1 6 1 2 4 8 16 32 571.401 575.217
 41   -47.754   -50.073  3.133   2 1 6 1 2 4 8 16 32 362.613 366.400
 42    22.595   -28.357  2.930  -5 1 6 1 2 4 8 16 32 364.790 368.316
 43   -36.365   -48.163  3.144  -5 1 6 1 2 4 8 16 32 697.750 701.532
 44    75.452   -13.422  3.186   3 1 6 1 2 4 8 16 32 390.047 393.585
 45   -64.520   -13.232  2.886  13 1 6 1 2 4 8 16 32 127.984 131.571
 46     1.257    29.156  2.979   2 1 6 1 2 4 8 16 32 830.370 834.011
 47    -1.569   -35.974  3.060  10 1 6 1 2 4 8 16 32 528.124 531.749
 48    46.747     6.696  3.323  12 1 6 1 2 4 8 16 32 356.187 359.702
 49    82.080    27.057  3.168 -24 1 6 1 2 4 8 16 32 148.887 152.621
 50    74.695    19.366  3.013  21 1 6 1 2 4 8 16 32 151.517 155.209
 51    47.015     9.338  2.922  18 1 6 1 2 4 8 16 32 430.791 434.391
 52   -62.036   -21.326  3.141  -5 1 6 1 2 4 8 16 32 770.645 774.415
 53     9.192    20.038  3.456  15 1 6 1 2 4 8 16 32 425.714 429.543
 54    -3.094    21.582  2.989  11 1 6 1 2 4 8 16 32 729.224 732.929
 55   -75.446    13.086  2.931   7 1 6 1 2 4 8 16 32 737.663 741.435
 56    10.034   -63.739  3.442   3 1 6 1 2 4 8 16 32 253.970 257.630
 57    71.814    26.501  3.079  17 1 6 1 2 4 8 16 32 298.246 301.946
 58    18.842   -38.019  3.375  14 1 6 1 2 4 8 16 32 537.072 540.539
 59   -10.541   -31.305  3.367  14 1 6 1 2 4 8 16 32 103.022 106.780
 60     8.252   -91.150  3.397   7 1 6 1 2 4 8 16 32 218.090 221.589
 61    72.821   -38.916  3.274  12 1 6 1 2 4 8 16 32 834.463 837.962
 62   -30.157    38.776  3.429   5 1 6 1 2 4 8 16 32 232.437 236.187
 63   -56.256    -5.548  3.160  11 1 6 1 2 4 8 16 32 590.484 594.010
 64    -8.398   -37.604  3.359  17 1 6 1 2 4 8 16 32 422.216 425.775
 65    15.021    13.708  3.181   3 1 6 1 2 4 8 16 32 549.446 553.009
 66   -60.199    24.292  3.374   7 1 6 1 2 4 8 16 32 514.779 518.339
 67   -13.794   -27.106  2.989 -13 1 6 1 2 4 8 16 32 157.700 161.205
 68   -34.796   -22.205  2.926  20 1 6 1 2 4 8 16 32 310.272 313.925
 69    69.641    83.057  3.026 -13 1 6 1 2 4 8 16 32 163.376 167.050
 70   -44.440    30.090  3.105   4 1 6 1 2 4 8 16 32 838.375 841.882
 71    48.633     3.021  3.445   3 1 6 1 2 4 8 16 32 120.391 124.060
 72   -15.314    51.709  2.983  24 1 6 1 2 4 8 16 32 138.589 142.400
 73    36.261    26.782  3.260  23 1 6 1 2 4 8 16 32 412.548 416.378
 74    59.961    24.310  3.297 -21 1 6 1 2 4 8 16 32 817.084 820.585
 75    55.304     6.628  3.176  23 1 6 1 2 4 8 16 32 694.386 698.211
 76    39.960    48.297  2.980  10 1 6 1 2 4 8 16 32 682.912 686.591
 77   -48.895   -71.100  3.450  21 1 6 1 2 4 8 16 32 717.698 721.457
 78    -2.338   -62.909  2.950  24 1 6 1 2 4 8 16 32 372.881 376.362
 79     9.491   -41.901  3.342   9 1 6 1 2 4 8 16 32 376.272 379.975
 80   -54.675   -18.439  3.010 -22 1 6 1 2 4 8 16 32 299.474 303.112
 81    10.980    -7.605  3.082   3 1 6 1 2 4 8 16 32 880.659 884.246
 82   -69.824   -50.354  3.167   6 1 6 1 2 4 8 16 32 488.687 492.242
 83   -40.308    -7.452  3.097  11 1 6 1 2 4 8 16 32 449.484 453.176
 84    62.244    43.628  3.130  10 1 6 1 2 4 8 16 32 499.311 502.982
 85    29.077    63.116  3.376 -15 1 6 1 2 4 8 16 32 450.714 454.256
 86   -12.067   -21.509  3.133   9 1 6 1 2 4 8 16 32 807.677 811.298
 87    14.728    28.906  3.404  20 1 6 1 2 4 8 16 32 487.690 491.468
 88   -63.086   -60.114  3.068 -19 1 6 1 2 4 8 16 32 406.691 410.363
 89    33.655    -0.928  3.062 -19 1 6 1 2 4 8 16 32 570.832 574.394
 90   -12.225    14.148  3.072 -19 1 6 1 2 4 8 16 32 91.946 95.599
 91   -89.966    51.514  3.330  20 1 6 1 2 4 8 16 32 398.447 402.201
 92    -0.763    41.339  2.997   1 1 6 1 2 4 8 16 32 655.886 659.426
 93    80.695    32.983  2.896  15 1 6 1 2 4 8 16 32 794.860 798.593
 94   -53.394   -14.240  3.130  18 1 6 1 2 4 8 16 32 634.457 638.016
 95   -53.284   -64.136  3.314  -2 1 6 1 2 4 8 16 32 651.163 654.655
 96    73.260    10.669  3.074 -25 1 6 1 2 4 8 16 32 693.077 696.536
 97    59.613    13.452  3.309  20 1 6 1 2 4 8 16 32 497.157 500.696
 98   -37.012     6.476  2.940  18 1 6 1 2 4 8 16 32 174.943 178.666
 99   -53.656    21.692  2.924   8 1 6 1 2 4 8 16 32 433.818 437.510
100   -36.890    18.372  2.892   3 1 6 1 2 4 8 16 32 645.741 649.443
101    -4.608   -13.806  3.364   2 1 6 1 2 4 8 16 32 220.946 224.472
102    53.802    36.993  3.002 -15 1 6 1 2 4 8 16 32 200.479 204.159
103    48.468   -66.040  3.389  21 1 6 1 2 4 8 16 32 663.510 667.156
104   -46.393   -20.929  3.243   6 1 6 1 2 4 8 16 32 494.728 498.243
105   -15.045   -40.845  2.969 -24 1 6 1 2 4 8 16 32 868.942 872.698
106   -73.621    -9.552  2.890  19 1 6 1 2 4 8 16 32 773.500 776.971
107    92.847    45.587  2.978  23 1 6 1 2 4 8 16 32 182.540 186.367
108    33.557    28.064  3.267 -16 1 6 1 2 4 8 16 32 762.473 766.207
109    47.321    24.414  3.232  16 1 6 1 2 4 8 16 32 792.886 796.552
110    -6.610   -30.157  3.390   9 1 6 1 2 4 8 16 32 279.094 282.629
111    12.103    23.840  3.413   1 1 6 1 2 4 8 16 32 165.245 168.913
112   -61.963    26.239  3.156  10 1 6 1 2 4 8 16 32 652.651 656.368
113    23.877     9.808  3.288  14 1 6 1 2 4 8 16 32 571.774 575.611
114    49.780     6.866  3.286  11 1 6 1 2 4 8 16 32 508.615 512.098
115   -53.021   -21.484  3.435   4 1 6 1 2 4 8 16 32 237.256 240.787
116    54.962     2.985  3.249  23 1 6 1 2 4 8 16 32 194.222 198.052
117     4.865   -69.586  3.328  23 1 6 1 2 4 8 16 32 507.213 510.987
118    33.948    45.209  3.148  22 1 6 1 2 4 8 16 32 620.674 624.481
119   -32.166   -23.621  2.893  11 1 6 1 2 4 8 16 32 475.294 478.977
120   -17.548   -46.765  3.240  14 1 6 1 2 4 8 16 32 843.254 846.793
121    31.744    33.972  2.919  12 1 6 1 2 4 8 16 32 375.986 379.647
122    45.374    22.131  2.918  13 1 6 1 2 4 8 16 32 693.394 697.200
123    -5.219   -23.114  3.158 -11 1 6 1 2 4 8 16 32 552.375 556.143
124   -51.056   -46.545  3.041   9 1 6 1 2 4 8 16 32 304.459 308.141
125    11.774    11.133  2.968   6 1 6 1 2 4 8 16 32 85.640 89.317
126   -39.758   -13.019  3.431  25 1 6 1 2 4 8 16 32 476.056 479.707
127    27.930    29.321  3.189 -21 1 6 1 2 4 8 16 32 836.495 840.199
128    33.740    66.595  3.274  13 1 6 1 2 4 8 16 32 612.021 615.565
129   -91.815    29.858  3.178 -23 1 6 1 2 4 8 16 32 709.648 713.344
130   -24.628   -68.701  3.372   8 1 6 1 2 4 8 16 32 278.566 282.227
131    44.659    20.465  3.411   7 1 6 1 2 4 8 16 32 436.693 440.162
132    45.447   -21.069  2.934   8 1 6 1 2 4 8 16 32 616.521 620.226
133   -37.366   -12.097  3.040   9 1 6 1 2 4 8 16 32 461.720 465.210
134    41.998     0.153  3.099   2 1 6 1 2 4 8 16 32 686.167 689.645
135   -42.822   -30.170  3.017 -24 1 6 1 2 4 8 16 32 750.596 754.379
136    34.906    -4.578  3.247  -7 1 6 1 2 4 8 16 32 276.428 280.160
137   -65.137   -43.079  2.980  23 1 6 1 2 4 8 16 32 643.075 646.563
138    20.270    -4.999  3.253  21 1 6 1 2 4 8 16 32 395.000 398.524
139   -36.731    -8.929  3.283 -12 1 6 1 2 4 8 16 32 93.051 96.554
140   -26.984   -19.568  3.167  23 1 6 1 2 4 8 16 32 464.820 468.377
141   -31.299   -83.813  3.261 -18 1 6 1 2 4 8 16 32 310.240 313.732
142   -26.794    12.506  3.352  -5 1 6 1 2 4 8 16 32 741.144 744.971
143   -39.362   -58.521  3.319  15 1 6 1 2 4 8 16 32 833.791 837.612
144   -34.369     0.610  3.284  11 1 6 1 2 4 8 16 32 678.965 682.759
145    43.372     4.187  3.088   8 1 6 1 2 4 8 16 32 633.212 636.845
146   -38.226    -9.448  3.176   2 1 6 1 2 4 8 16 32 181.869 185.436
147   -25.610   -99.237  3.439   6 1 6 1 2 4 8 16 32 443.352 447.066
148    48.059    29.517  3.348  23 1 6 1 2 4 8 16 32 612.007 615.808
149   -43.628   -32.318  3.425   9 1 6 1 2 4 8 16 32 428.705 432.448
150   -16.602   -29.327  3.343  -1 1 6 1 2 4 8 16 32 220.564 224.034
151   -29.810   -12.408  3.254 -12 1 6 1 2 4 8 16 32 585.148 588.625
152   -51.910   -28.711  3.026  17 1 6 1 2 4 8 16 32 163.678 167.484
153    -1.801   -18.671  2.940   2 1 6 1 2 4 8 16 32 889.341 893.148
154    18.738    21.399  3.326  -5 1 6 1 2 4 8 16 32 216.442 220.026
155    60.120     7.788  3.059   1 1 6 1 2 4 8 16 32 626.076 629.803
156    43.079    42.017  3.319 -20 1 6 1 2 4 8 16 32 307.432 311.152
157   -39.435    -5.902  3.304  19 1 6 1 2 4 8 16 32 158.141 161.652
158   -35.889   -16.034  2.991 -13 1 6 1 2 4 8 16 32 526.555 530.275
159   -41.827    38.995  3.071  10 1 6 1 2 4 8 16 32 534.320 537.799
160    84.497    29.822  2.961   9 1 6 1 2 4 8 16 32 543.469 546.959
161   -17.560   -10.480  3.013  14 1 6 1 2 4 8 16 32 533.127 536.756
162   -48.383   -48.920  2.976   4 1 6 1 2 4 8 16 32 725.080 728.540
163   -49.335   -17.969  3.015  20 1 6 1 2 4 8 16 32 425.287 428.963
164    16.095    -2.490  3.105  17 1 6 1 2 4 8 16 32 122.880 126.338
165    65.527    14.026  3.237  19 1 6 1 2 4 8 16 32 307.255 310.763
166    -2.930    13.220  3.173  19 1 6 1 2 4 8 16 32 881.973 885.599
167   -18.768   -23.663  3.158  16 1 6 1 2 4 8 16 32 294.812 298.437
168   -91.095   -80.737  3.296   4 1 6 1 2 4 8 16 32 523.025 526.691
169   -21.088   -13.293  2.964   1 1 6 1 2 4 8 16 32 238.685 242.225
170    46.985    17.224  3.114 -21 1 6 1 2 4 8 16 32 482.999 486.465
171   -61.957   -33.038  2.956   9 1 6 1 2 4 8 16 32 742.482 746.019
172    -9.003   -25.452  3.439   2 1 6 1 2 4 8 16 32 425.685 429.382
173    33.661    -7.666  3.211  24 1 6 1 2 4 8 16 32 323.942 327.443
174   -25.592   -10.840  3.091   1 1 6 1 2 4 8 16 32 186.752 190.289
175    36.560    -2.441  3.300  21 1 6 1 2 4 8 16 32 512.215 515.723
176     7.141    24.817  3.356  13 1 6 1 2 4 8 16 32 461.642 465.469
177   -43.170   -30.487  3.145  15 1 6 1 2 4 8 16 32 435.965 439.655
178   -21.228     0.751  3.370   4 1 6 1 2 4 8 16 32 363.848 367.437
179    19.696    10.767  3.035  10 1 6 1 2 4 8 16 32 299.885 303.697
180    -6.494   -29.425  3.252  19 1 6 1 2 4 8 16 32 367.699 371.346
181    54.388     8.630  2.922   1 1 6 1 2 4 8 16 32 435.814 439.614
182    64.203    77.612  3.166  25 1 6 1 2 4 8 16 32 408.012 411.842
183    40.381     1.611  3.332   3 1 6 1 2 4 8 16 32 235.817 239.383
184   -41.711    -5.133  3.014  21 1 6 1 2 4 8 16 32 313.138 316.762
185    74.274   -19.922  3.101   7 1 6 1 2 4 8 16 32 496.596 500.357
186   -73.999   -54.626  2.980 -18 1 6 1 2 4 8 16 32 441.761 445.486
187    29.706    15.454  2.992   3 1 6 1 2 4 8 16 32 301.830 305.515
188    23.785    12.177  3.019  -1 1 6 1 2 4 8 16 32 220.281 224.099
189    42.578    45.325  3.151   2 1 6 1 2 4 8 16 32 227.501 231.183
190   -16.730   -16.559  3.022   8 1 6 1 2 4 8 16 32 226.574 230.321
191   -14.697    -0.116  3.177  10 1 6 1 2 4 8 16 32 171.558 175.364
192   -19.769     8.392  3.021  19 1 6 1 2 4 8 16 32 362.794 366.626
193   -30.267    14.893  2.997 -17 1 6 1 2 4 8 16 32 235.349 239.047
194   -63.116   -67.462  2.986  19 1 6 1 2 4 8 16 32 528.154 531.734
195    86.029    38.916  3.369 -24 1 6 1 2 4 8 16 32 625.022 628.553
196    79.480   -24.866  3.457  24 1 6 1 2 4 8 16 32 780.481 784.011
197    35.144    14.734  3.234   6 1 6 1 2 4 8 16 32 338.950 342.751
198   -49.365    -9.052  2.966   2 1 6 1 2 4 8 16 32 844.402 847.978
199   -49.475   -17.578  2.894   7 1 6 1 2 4 8 16 32 843.719 847.210
200    57.501    16.327  2.948  10 1 6 1 2 4 8 16 32 328.699 332.494
201    54.889    12.024  3.335  13 1 6 1 2 4 8 16 32 687.094 690.648
202   -53.027   -33.179  3.243  20 1 6 1 2 4 8 16 32 675.843 679.626
203    -0.415    16.644  2.997   1 1 6 1 2 4 8 16 32 435.203 439.034
204    21.594    16.144  2.920  17 1 6 1 2 4 8 16 32 823.116 826.920
205   -46.924   -49.261  3.243 -17 1 6 1 2 4 8 16 32 659.830 663.447
206    18.457    19.733  3.122  16 1 6 1 2 4 8 16 32 103.699 107.386
207    35.822    19.763  3.035   9 1 6 1 2 4 8 16 32 435.883 439.515
208    71.869    29.034  3.292 -25 1 6 1 2 4 8 16 32 413.291 416.916
209   -56.378   -42.755  3.183   1 1 6 1 2 4 8 16 32 239.772 243.508
210   -25.800    25.159  3.327  23 1 6 1 2 4 8 16 32 458.823 462.338
211    -5.676    33.850  3.342  10 1 6 1 2 4 8 16 32 832.540 836.225
212    54.041    -5.292  3.135 -15 1 6 1 2 4 8 16 32 717.585 721.323
213   -63.074    27.380  3.051  25 1 6 1 2 4 8 16 32 445.779 449.328
214   -16.864   -49.768  3.211  25 1 6 1 2 4 8 16 32 310.771 314.381
215    47.919    13.629  2.953  16 1 6 1 2 4 8 16 32 605.443 609.269
216   -10.724    -2.075  3.198   1 1 6 1 2 4 8 16 32 636.511 640.136
217   -15.067   -23.950 0.000   0 0 0 0.000 960.420
218    38.791    22.443 0.000   0 0 0 0.000 960.420
219   -41.833   -35.361 0.000   0 0 0 0.000 960.420
220   -29.523    -4.843 0.000   0 0 0 0.000 960.420
221    49.725    11.990 0.000   0 0 0 0.000 960.420
222    21.133    14.142 0.000   0 0 0 0.000 960.420
