6 4 288 6
425 170
425 170
425 170
425 170
425 170
425 170
  1    12.805     1.886  3.321 -10 1 6 1 2 4 8 16 32 447.853 451.556
  2    18.213     1.373  3.409  21 1 6 1 2 4 8 16 32 347.952 351.615
  3    57.947   -48.779  3.052  -8 1 6 1 2 4 8 16 32 527.164 531.012
  4   -52.429   -84.088  3.100 -23 1 6 1 2 4 8 16 32 316.918 320.572
  5    60.797   -32.593  3.297 -10 1 6 1 2 4 8 16 32 152.520 156.103
  6    23.151     4.205  3.461  -9 1 6 1 2 4 8 16 32 206.251 210.094
  7    25.385    22.986  3.246  21 1 6 1 2 4 8 16 32 542.053 545.799
  8    25.513   -52.985  3.371  16 1 6 1 2 4 8 16 32 459.284 462.885
  9   -49.261   -41.718  3.401  21 1 6 1 2 4 8 16 32 420.994 424.606
 10   -37.561   -41.730  3.372   3 1 6 1 2 4 8 16 32 270.290 274.193
 11   -14.520    48.962  3.258 -24 1 6 1 2 4 8 16 32 96.042 99.757
 12    41.229   -24.500  3.377   2 1 6 1 2 4 8 16 32 551.075 554.748
 13   -21.863     0.916  3.059  -4 1 6 1 2 4 8 16 32 892.527 896.127
 14   -48.181   -16.284  3.253  18 1 6 1 2 4 8 16 32 532.329 536.107
 15    -7.776    44.348  3.344   5 1 6 1 2 4 8 16 32 183.255 187.036
 16    20.801    10.760  2.983  13 1 6 1 2 4 8 16 32 761.816 765.726
 17   -29.712   -46.326  3.222  13 1 6 1 2 4 8 16 32 163.127 166.705
 18   -20.203   -59.564  3.099  14 1 6 1 2 4 8 16 32 428.845 432.785
 19   -87.079   -52.899  3.295  10 1 6 1 2 4 8 16 32 247.068 250.750
 20     3.046    -6.305  3.311   3 1 6 1 2 4 8 16 32 914.685 918.490
 21    11.865     5.261  3.395   1 1 6 1 2 4 8 16 32 502.935 506.646
 22   -24.072   -55.927  2.997 -11 1 6 1 2 4 8 16 32 771.844 775.750
 23   -22.803     5.658  3.318  16 1 6 1 2 4 8 16 32 154.269 158.093
 24   -51.904     9.412  3.123   6 1 6 1 2 4 8 16 32 121.690 125.321
 25    12.732   -40.967  3.407  18 1 6 1 2 4 8 16 32 420.415 424.082
 26   -30.988     7.654  2.991  11 1 6 1 2 4 8 16 32 349.959 353.651
 27    37.512     0.458  3.134  15 1 6 1 2 4 8 16 32 586.393 590.334
 28     2.954    -8.563  3.209  17 1 6 1 2 4 8 16 32 419.301 423.097
 29     0.549     3.644  3.068  17 1 6 1 2 4 8 16 32 358.048 361.629
 30   -52.484     9.711  3.562   1 1 6 1 2 4 8 16 32 216.428 220.351
 31    33.936   -48.718  3.372   1 1 6 1 2 4 8 16 32 500.772 504.626
 32   -13.129   -53.601  3.044  18 1 6 1 2 4 8 16 32 393.696 397.389
 33   -99.591    23.303  3.103   3 1 6 1 2 4 8 16 32 346.691 350.494
 34     6.439    -3.516  3.410  21 1 6 1 2 4 8 16 32 890.753 894.448
 35   -14.032   -19.818  3.175  22 1 6 1 2 4 8 16 32 487.736 491.686
 36   -24.677    16.608  3.343  14 1 6 1 2 4 8 16 32 758.623 762.267
 37   -10.260   -81.769  3.287   4 1 6 1 2 4 8 16 32 365.628 369.264
 38    35.858     5.597  3.034  17 1 6 1 2 4 8 16 32 802.536 806.320
 39   -11.603    42.908  3.174  16 1 6 1 2 4 8 16 32 658.810 662.592
 40   -34.662   -15.466  3.421   8 1 6 1 2 4 8 16 32 774.852 778.500
 41    66.852     1.135  3.288  14 1 6 1 2 4 8 16 32 843.344 846.954
 42     6.866    -1.416  3.169 -23 1 6 1 2 4 8 16 32 777.791 781.647
 43     1.660    -2.234  3.226   1 1 6 1 2 4 8 16 32 231.587 235.151
 44    37.561    11.450  3.538  21 1 6 1 2 4 8 16 32 710.972 714.822
 45    51.672   -26.343  3.444 -10 1 6 1 2 4 8 16 32 126.163 129.903
 46    19.025   -10.889  3.445 -19 1 6 1 2 4 8 16 32 159.195 162.997
 47   -37.982    -6.360  3.328   6 1 6 1 2 4 8 16 32 219.951 223.825
 48   -56.537   -42.334  3.188   4 1 6 1 2 4 8 16 32 109.041 112.743
 49     1.099   -14.624  3.073  18 1 6 1 2 4 8 16 32 215.885 219.598
 50   -56.238    -3.076  3.143  23 1 6 1 2 4 8 16 32 603.521 607.183
 51   -23.669   -15.289  3.332  25 1 6 1 2 4 8 16 32 874.090 877.967
 52   -34.277    -1.410  3.141  17 1 6 1 2 4 8 16 32 153.675 157.584
 53   -64.178    63.812  3.003  11 1 6 1 2 4 8 16 32 194.715 198.283
 54   -47.083   -20.386  3.082  20 1 6 1 2 4 8 16 32 744.642 748.418
 55   -33.710     8.380  3.507  -9 1 6 1 2 4 8 16 32 574.731 578.299
 56    34.290    26.031  3.011  23 1 6 1 2 4 8 16 32 874.134 877.857
 57   -38.861    42.114  3.066  14 1 6 1 2 4 8 16 32 320.303 324.155
 58   -92.731    44.885  3.284   7 1 6 1 2 4 8 16 32 783.749 787.451
 59    23.633    27.643  2.990  15 1 6 1 2 4 8 16 32 597.010 600.582
 60   -67.139   -67.078  3.105  22 1 6 1 2 4 8 16 32 367.878 371.720
 61    25.726   -25.836  3.333   4 1 6 1 2 4 8 16 32 409.300 413.239
 62   -40.985   -16.895  3.175  14 1 6 1 2 4 8 16 32 96.639 100.586
 63    77.008    -6.097  3.357  24 1 6 1 2 4 8 16 32 178.200 181.865
 64   -54.810    -1.935  3.471  13 1 6 1 2 4 8 16 32 311.977 315.731
 65   -53.943   -29.663  3.374  -9 1 6 1 2 4 8 16 32 731.443 735.395
 66    16.089   -27.887  3.364  -3 1 6 1 2 4 8 16 32 227.008 230.593
 67   -59.436    36.487  3.395  23 1 6 1 2 4 8 16 32 215.105 219.028
 68    34.473    25.391  3.235   2 1 6 1 2 4 8 16 32 673.046 676.773
 69    -9.283    -6.689  2.972  23 1 6 1 2 4 8 16 32 270.369 274.098
 70   -85.559   -20.477  3.241  -8 1 6 1 2 4 8 16 32 745.483 749.329
 71    29.523    18.347  3.420  23 1 6 1 2 4 8 16 32 311.759 315.404
 72    27.814     6.512  3.512  13 1 6 1 2 4 8 16 32 839.581 843.510
 73    42.151   -25.580  3.503 -25 1 6 1 2 4 8 16 32 219.155 223.087
 74    82.202    85.828  2.993  25 1 6 1 2 4 8 16 32 285.952 289.773
 75   -47.766   -35.590  3.341 -20 1 6 1 2 4 8 16 32 646.026 649.632
 76    22.015   -20.349  3.248   9 1 6 1 2 4 8 16 32 824.275 827.996
 77   -55.756   -33.490  3.505 -15 1 6 1 2 4 8 16 32 254.448 258.318
 78    62.006    -1.453  3.115   4 1 6 1 2 4 8 16 32 290.154 293.870
 79    25.549    -3.796  3.018   1 1 6 1 2 4 8 16 32 601.233 605.066
 80   -43.372    -7.379  3.240   7 1 6 1 2 4 8 16 32 461.782 465.610
 81    60.297    52.637  3.123  12 1 6 1 2 4 8 16 32 804.642 808.345
 82   -96.155    34.100  3.101   5 1 6 1 2 4 8 16 32 493.455 497.379
 83   -32.806    -3.845  3.180  -8 1 6 1 2 4 8 16 32 692.786 696.425
 84   -47.827   -45.203  3.330   1 1 6 1 2 4 8 16 32 192.947 196.602
 85   -31.128   -93.848  3.416 -24 1 6 1 2 4 8 16 32 608.384 612.189
 86   -17.010   -21.857  3.494  23 1 6 1 2 4 8 16 32 364.912 368.755
 87    -8.386    -2.264  3.425  12 1 6 1 2 4 8 16 32 579.162 582.976
 88    35.834    13.147  3.423   2 1 6 1 2 4 8 16 32 510.511 514.440
 89    29.315    54.468  3.209  22 1 6 1 2 4 8 16 32 179.518 183.376
 90    48.352    -8.783  3.300  -3 1 6 1 2 4 8 16 32 157.642 161.568
 91    -2.930    27.039  3.143 -12 1 6 1 2 4 8 16 32 325.130 328.821
 92   -16.620   -55.389  3.085  16 1 6 1 2 4 8 16 32 188.714 192.389
 93   -40.851   -47.742  3.100  -8 1 6 1 2 4 8 16 32 281.379 285.325
 94   -12.878    -2.039  3.177  25 1 6 1 2 4 8 16 32 280.078 283.847
 95   -51.776     7.281  3.271   6 1 6 1 2 4 8 16 32 633.850 637.518
 96   -32.922    23.828  3.391  24 1 6 1 2 4 8 16 32 344.081 347.674
 97    13.983   -34.521  3.035  16 1 6 1 2 4 8 16 32 771.407 775.080
 98   -35.834   -23.834  3.099   7 1 6 1 2 4 8 16 32 613.844 617.785
 99    91.858     5.542  3.013   9 1 6 1 2 4 8 16 32 604.057 607.906
100   -28.442   -34.180  3.521 -23 1 6 1 2 4 8 16 32 786.219 790.050
101    33.844    27.875  3.088  24 1 6 1 2 4 8 16 32 795.193 798.785
102    98.431    31.348  2.976  19 1 6 1 2 4 8 16 32 599.643 603.530
103   -57.751   -27.753  3.491   9 1 6 1 2 4 8 16 32 696.414 700.076
104   -43.890    13.007  3.280 -10 1 6 1 2 4 8 16 32 622.882 626.820
105    37.585    49.768  3.523  23 1 6 1 2 4 8 16 32 517.856 521.519
106    -3.687     7.373  3.118   2 1 6 1 2 4 8 16 32 209.571 213.266
107   -98.242    61.658  3.197   5 1 6 1 2 4 8 16 32 796.917 800.774
108   -23.560   -32.520  3.490 -25 1 6 1 2 4 8 16 32 826.607 830.216
109    22.980   -18.109  3.224  17 1 6 1 2 4 8 16 32 641.724 645.527
110    43.915    -2.985  3.263  23 1 6 1 2 4 8 16 32 845.078 848.671
111    71.509    11.652  3.380  23 1 6 1 2 4 8 16 32 688.996 692.834
112   -43.011   -38.702  3.118  13 1 6 1 2 4 8 16 32 626.007 629.854
113   -83.954     2.179  3.098   2 1 6 1 2 4 8 16 32 631.945 635.565
114    11.090   -40.942  3.189  24 1 6 1 2 4 8 16 32 384.302 387.993
115    27.173   -13.330  3.013  22 1 6 1 2 4 8 16 32 655.282 659.107
116   -86.102   -59.808  3.200  20 1 6 1 2 4 8 16 32 476.888 480.528
117   -22.345   -78.278  3.410  15 1 6 1 2 4 8 16 32 576.530 580.259
118   -38.727   -33.588  3.324  12 1 6 1 2 4 8 16 32 809.297 813.247
119    -1.227   -28.668  3.327  17 1 6 1 2 4 8 16 32 690.363 693.939
120    81.329   -44.244  3.335  21 1 6 1 2 4 8 16 32 382.073 386.012
121    51.904    19.891  3.253  10 1 6 1 2 4 8 16 32 813.143 816.893
122   -34.973   -27.856  3.015   4 1 6 1 2 4 8 16 32 169.098 172.714
123   -51.483   -23.248  3.368  21 1 6 1 2 4 8 16 32 545.895 549.532
124    -0.647   -46.057  3.129   3 1 6 1 2 4 8 16 32 825.298 828.869
125    68.219   -66.986  3.476  17 1 6 1 2 4 8 16 32 820.586 824.509
126   -15.149   -25.482  3.047  19 1 6 1 2 4 8 16 32 480.044 483.892
127    22.412   -34.375  3.148 -10 1 6 1 2 4 8 16 32 231.778 235.686
128    36.176   -10.431  3.351  21 1 6 1 2 4 8 16 32 356.014 359.818
129   -23.639   -47.681  3.166  21 1 6 1 2 4 8 16 32 850.179 853.859
130   -14.722    32.684  3.280   6 1 6 1 2 4 8 16 32 553.448 557.214
131    16.821   -12.720  3.361   8 1 6 1 2 4 8 16 32 256.261 259.876
132    93.378    23.004  3.523   8 1 6 1 2 4 8 16 32 159.513 163.288
133    40.344   -24.176  3.136 -13 1 6 1 2 4 8 16 32 455.487 459.261
134     5.530    -4.901  3.256   7 1 6 1 2 4 8 16 32 763.429 767.223
135   -78.015     1.270  3.407  11 1 6 1 2 4 8 16 32 192.051 195.983
136    51.569   -45.673  3.276 -18 1 6 1 2 4 8 16 32 439.205 442.963
137    49.249   -30.896  3.384  10 1 6 1 2 4 8 16 32 499.721 503.367
138   -62.195   -21.399  3.351  25 1 6 1 2 4 8 16 32 618.779 622.712
139    -5.048     7.306  3.215   7 1 6 1 2 4 8 16 32 343.806 347.642
140     1.727   -70.221  3.017  17 1 6 1 2 4 8 16 32 699.867 703.656
141     1.361    -3.564  3.052  20 1 6 1 2 4 8 16 32 330.428 334.347
142   -15.521    16.425  3.227  18 1 6 1 2 4 8 16 32 857.831 861.456
143   -31.604   -60.938  3.062  21 1 6 1 2 4 8 16 32 470.284 473.974
144   -46.997   -55.560  3.210  14 1 6 1 2 4 8 16 32 406.091 410.018
145     2.301     5.536  3.305   2 1 6 1 2 4 8 16 32 808.761 812.467
146   -30.328    -0.580  3.159 -18 1 6 1 2 4 8 16 32 684.612 688.344
147   -16.821    17.664  3.080 -10 1 6 1 2 4 8 16 32 164.311 168.198
148    52.655    29.034  3.418   5 1 6 1 2 4 8 16 32 219.827 223.416
149   -11.993   -83.771  3.519  15 1 6 1 2 4 8 16 32 444.567 448.237
150    41.632    43.048  3.497 -17 1 6 1 2 4 8 16 32 160.806 164.738
151     8.508    -2.539  3.127  12 1 6 1 2 4 8 16 32 278.101 281.801
152    31.512    -8.978  3.205  14 1 6 1 2 4 8 16 32 550.706 554.363
153    -3.339   -36.243  3.364   3 1 6 1 2 4 8 16 32 835.075 838.677
154   -26.379    13.776  3.436   7 1 6 1 2 4 8 16 32 337.809 341.566
155    28.430    10.571  3.178  21 1 6 1 2 4 8 16 32 856.937 860.893
156     5.975    27.289  3.069  -7 1 6 1 2 4 8 16 32 893.504 897.092
157   -32.135   -45.068  3.341   5 1 6 1 2 4 8 16 32 234.618 238.237
158    31.097    -7.916  3.136  24 1 6 1 2 4 8 16 32 148.387 152.302
159    28.198   -29.755  3.442  13 1 6 1 2 4 8 16 32 652.683 656.521
160   -39.612   -33.594  3.074  18 1 6 1 2 4 8 16 32 538.859 542.484
161   -19.220    -5.133  3.559  19 1 6 1 2 4 8 16 32 865.328 869.047
162   -10.114    69.977  3.539  22 1 6 1 2 4 8 16 32 256.965 260.704
163    22.894   -44.348  3.210  13 1 6 1 2 4 8 16 32 318.498 322.411
164   -34.741     0.580  3.125  10 1 6 1 2 4 8 16 32 241.860 245.657
165   -44.952   -77.734  3.096  -4 1 6 1 2 4 8 16 32 271.007 274.811
166   -23.749   -56.012  3.270 -17 1 6 1 2 4 8 16 32 520.146 523.858
167    69.073   -97.125  3.311   2 1 6 1 2 4 8 16 32 270.574 274.436
168    12.170   -59.869  3.164  18 1 6 1 2 4 8 16 32 549.861 553.813
169    47.339    17.365  3.002  -2 1 6 1 2 4 8 16 32 424.900 428.567
170    -4.706    14.056  3.416  18 1 6 1 2 4 8 16 32 312.727 316.349
171   -52.374   -50.244  2.977  13 1 6 1 2 4 8 16 32 421.793 425.657
172    39.215   -29.773  3.554  24 1 6 1 2 4 8 16 32 893.324 897.246
173   -42.316   -60.602  3.163  25 1 6 1 2 4 8 16 32 569.197 572.980
174    19.135    41.150  3.493   2 1 6 1 2 4 8 16 32 708.881 712.506
175   -54.706   -17.596  3.443   2 1 6 1 2 4 8 16 32 619.451 623.173
176    11.737   -83.173  2.988   7 1 6 1 2 4 8 16 32 822.362 826.020
177   -40.582   -53.247  3.508  23 1 6 1 2 4 8 16 32 504.582 508.535
178    -6.421    21.967  3.377  21 1 6 1 2 4 8 16 32 622.414 626.205
179   -31.268   -34.613  2.977  18 1 6 1 2 4 8 16 32 686.144 689.887
180    -3.668   -26.868  3.333  21 1 6 1 2 4 8 16 32 420.867 424.810
181    13.409   -22.302  3.397  23 1 6 1 2 4 8 16 32 534.584 538.335
182   -95.892   -86.322  3.248  16 1 6 1 2 4 8 16 32 529.342 533.061
183    88.983   -53.387  3.130  22 1 6 1 2 4 8 16 32 773.146 776.887
184   -55.048   -32.538  3.469  11 1 6 1 2 4 8 16 32 160.071 163.919
185    27.850   -10.028  3.106  22 1 6 1 2 4 8 16 32 117.183 120.903
186    40.918   -36.090  3.418  10 1 6 1 2 4 8 16 32 761.160 765.068
187   -58.350    15.814  3.252 -15 1 6 1 2 4 8 16 32 297.240 300.952
188   -52.161   -74.725  3.091  23 1 6 1 2 4 8 16 32 644.729 648.632
189   -66.772   -34.943  3.429   7 1 6 1 2 4 8 16 32 216.880 220.756
190   -33.374   -62.024  3.073   1 1 6 1 2 4 8 16 32 273.989 277.701
191    -8.649    31.708  3.309  21 1 6 1 2 4 8 16 32 135.647 139.325
192   -26.166   -56.152  3.090  11 1 6 1 2 4 8 16 32 437.674 441.537
193   -39.874   -53.375  3.333  -2 1 6 1 2 4 8 16 32 860.521 864.374
194    71.643   -36.981  3.136  24 1 6 1 2 4 8 16 32 228.772 232.459
195   -96.924     8.411  3.532 -25 1 6 1 2 4 8 16 32 168.483 172.154
196    -2.911    36.200  3.345  17 1 6 1 2 4 8 16 32 781.116 785.002
197   -53.253    14.099  3.363  10 1 6 1 2 4 8 16 32 511.192 515.034
198    67.316   -39.734  3.322  18 1 6 1 2 4 8 16 32 514.433 518.059
199    -6.525    11.975  3.364   2 1 6 1 2 4 8 16 32 826.731 830.520
200    16.425    33.221  3.109 -12 1 6 1 2 4 8 16 32 647.183 650.793
201   -19.061   -56.921  3.135  -4 1 6 1 2 4 8 16 32 318.272 322.031
202    25.189   -21.045  3.200   1 1 6 1 2 4 8 16 32 143.093 146.818
203    37.854    -5.524  3.077   1 1 6 1 2 4 8 16 32 861.621 865.534
204   -16.479    48.657  3.210   6 1 6 1 2 4 8 16 32 759.833 763.671
205     2.344   -16.516  3.502  22 1 6 1 2 4 8 16 32 218.948 222.677
206   -48.621   -12.390  3.091  25 1 6 1 2 4 8 16 32 327.866 331.786
207   -42.621   -50.006  2.991  21 1 6 1 2 4 8 16 32 133.246 137.094
208    16.016    11.169  2.996  18 1 6 1 2 4 8 16 32 877.271 881.203
209   -80.408   -60.583  3.330  14 1 6 1 2 4 8 16 32 252.617 256.458
210   -95.068    44.293  2.999 -21 1 6 1 2 4 8 16 32 809.683 813.306
211    -6.885    24.884  3.125   4 1 6 1 2 4 8 16 32 408.716 412.368
212    -4.803    21.674  3.254   1 1 6 1 2 4 8 16 32 417.660 421.352
213     7.037   -45.337  3.217  18 1 6 1 2 4 8 16 32 843.003 846.651
214    31.293   -39.905  2.995   4 1 6 1 2 4 8 16 32 343.908 347.661
215    14.984    26.172  3.202   4 1 6 1 2 4 8 16 32 204.834 208.573
216    33.203   -52.289  3.394  -5 1 6 1 2 4 8 16 32 502.980 506.732
217   -59.277    39.667  3.360  15 1 6 1 2 4 8 16 32 136.645 140.244
218    30.054   -36.823  3.318   5 1 6 1 2 4 8 16 32 634.322 638.162
219     9.351   -39.044  3.152  22 1 6 1 2 4 8 16 32 182.853 186.546
220   -10.651    54.431  3.146  21 1 6 1 2 4 8 16 32 617.965 621.704
221    20.856   -26.465  3.293 -17 1 6 1 2 4 8 16 32 625.657 629.433
222    19.617    17.865  3.536  -8 1 6 1 2 4 8 16 32 428.005 431.663
223   -36.981   -92.950  3.534   4 1 6 1 2 4 8 16 32 386.648 390.249
224    -3.760    59.875  3.335   4 1 6 1 2 4 8 16 32 235.613 239.353
225    11.682   -63.336  3.507  16 1 6 1 2 4 8 16 32 706.430 710.237
226     4.468   -36.133  3.109  -5 1 6 1 2 4 8 16 32 758.966 762.555
227    47.040   -41.254  3.490  15 1 6 1 2 4 8 16 32 710.163 713.860
228    29.938   -58.710  3.032  25 1 6 1 2 4 8 16 32 681.044 684.705
229   -70.569    -7.037  3.490  15 1 6 1 2 4 8 16 32 585.194 588.958
230    56.262     1.819  3.370   7 1 6 1 2 4 8 16 32 651.437 655.165
231    46.210   -53.522  3.033 -19 1 6 1 2 4 8 16 32 233.912 237.558
232     6.366   -14.264  3.469 -11 1 6 1 2 4 8 16 32 567.935 571.509
233   -34.540   -39.502  3.112  13 1 6 1 2 4 8 16 32 497.282 500.958
234   -50.537    28.357  3.116  24 1 6 1 2 4 8 16 32 267.320 271.249
235   -61.444   -10.901  3.343   4 1 6 1 2 4 8 16 32 701.355 705.077
236   -30.823    17.902  3.493  13 1 6 1 2 4 8 16 32 477.751 481.432
237    49.658    24.469  3.476   6 1 6 1 2 4 8 16 32 703.543 707.128
238   -69.775   -41.406  3.365   4 1 6 1 2 4 8 16 32 461.924 465.618
239   -18.939    57.690  2.974  12 1 6 1 2 4 8 16 32 679.662 683.241
240   -22.449    15.771  3.465   4 1 6 1 2 4 8 16 32 255.127 258.714
241    -7.599    37.030  3.075   4 1 6 1 2 4 8 16 32 628.417 632.076
242    27.435    17.554  3.432  25 1 6 1 2 4 8 16 32 460.450 464.279
243    45.526    -5.127  3.555  25 1 6 1 2 4 8 16 32 528.569 532.206
244   -33.551   -25.586  3.161  14 1 6 1 2 4 8 16 32 144.085 147.901
245    -4.645    53.754  3.017  25 1 6 1 2 4 8 16 32 583.377 587.272
246   -41.119   -13.361  3.395 -13 1 6 1 2 4 8 16 32 194.888 198.574
247    23.010   -45.703  3.218 -13 1 6 1 2 4 8 16 32 834.937 838.642
248    17.230     5.096  3.406  11 1 6 1 2 4 8 16 32 882.513 886.349
249    -6.818   -19.873  3.401  24 1 6 1 2 4 8 16 32 865.312 869.208
250    52.966    51.410  3.537   5 1 6 1 2 4 8 16 32 672.696 676.584
251   -28.662   -50.940  3.094  12 1 6 1 2 4 8 16 32 369.862 373.468
252    69.684   -51.520  3.456  -4 1 6 1 2 4 8 16 32 818.412 822.080
253    36.884   -17.371  3.216   5 1 6 1 2 4 8 16 32 360.545 364.193
254   -19.659    42.035  3.078  24 1 6 1 2 4 8 16 32 364.111 367.844
255    72.125    65.405  3.208  17 1 6 1 2 4 8 16 32 680.908 684.782
256   -71.368    59.863  3.562   4 1 6 1 2 4 8 16 32 630.672 634.542
257    18.317   -37.750  3.394   1 1 6 1 2 4 8 16 32 664.178 667.888
258    18.121     0.482  3.049  19 1 6 1 2 4 8 16 32 646.682 650.396
259    -1.105   -30.676  3.486   7 1 6 1 2 4 8 16 32 551.851 555.480
260   -44.574   -44.055  3.291 -24 1 6 1 2 4 8 16 32 665.598 669.251
261   -28.058   -59.436  3.562  10 1 6 1 2 4 8 16 32 502.679 506.365
262    -7.953     4.639  3.058  13 1 6 1 2 4 8 16 32 482.863 486.743
263   -37.366   -28.528  3.064 -24 1 6 1 2 4 8 16 32 401.701 405.533
264     4.388   -38.489  3.173   3 1 6 1 2 4 8 16 32 106.089 109.708
265   -44.592   -35.333  3.289  14 1 6 1 2 4 8 16 32 487.895 491.593
266   -56.714   -39.252  3.098   2 1 6 1 2 4 8 16 32 512.966 516.709
267    13.452   -32.159  3.399  24 1 6 1 2 4 8 16 32 300.382 304.101
268   -20.343   -11.182  3.362  11 1 6 1 2 4 8 16 32 346.699 350.298
269     3.436   -52.734  3.026   5 1 6 1 2 4 8 16 32 368.088 372.030
270    40.576   -54.492  3.495 -14 1 6 1 2 4 8 16 32 838.315 842.245
271    31.952   -25.421  3.396  21 1 6 1 2 4 8 16 32 879.850 883.425
272   -57.434    38.525  3.110  14 1 6 1 2 4 8 16 32 785.475 789.266
273    47.510   -42.035  3.492  15 1 6 1 2 4 8 16 32 404.869 408.683
274   -28.143   -41.614  3.017   3 1 6 1 2 4 8 16 32 633.617 637.442
275    -2.258    -5.078  3.345  15 1 6 1 2 4 8 16 32 714.891 718.828
276   -27.167   -27.936  3.049  15 1 6 1 2 4 8 16 32 395.812 399.578
277   -24.048   -47.192  3.514 -21 1 6 1 2 4 8 16 32 97.055 100.744
278   -77.521   -55.084  3.556  17 1 6 1 2 4 8 16 32 514.327 518.110
279   -62.036   -43.439  3.075  18 1 6 1 2 4 8 16 32 159.647 163.581
280   -71.936   -20.160  3.083  15 1 6 1 2 4 8 16 32 326.598 330.244
281   -66.504   -39.789  3.501 -19 1 6 1 2 4 8 16 32 424.799 428.542
282    14.587    48.444  3.374   9 1 6 1 2 4 8 16 32 142.197 145.764
283    31.366   -29.462  3.290 -10 1 6 1 2 4 8 16 32 168.678 172.539
284     6.512   -46.124  2.986  13 1 6 1 2 4 8 16 32 84.741 88.614
285     9.650    39.508  3.217  25 1 6 1 2 4 8 16 32 117.009 120.613
286    16.040    16.681  3.548   1 1 6 1 2 4 8 16 32 490.145 494.034
287     7.745   -75.378  3.448  11 1 6 1 2 4 8 16 32 178.946 182.643
288   -27.173    -4.462  3.149  25 1 6 1 2 4 8 16 32 724.407 728.344
289   -40.198   -12.781 0.000   0 0 0 0.000 990.110
290   -40.488   -35.864 0.000   0 0 0 0.000 990.110
291    -1.193     2.515 0.000   0 0 0 0.000 990.110
292    18.329   -35.468 0.000   0 0 0 0.000 990.110
293    23.746    -0.522 0.000   0 0 0 0.000 990.110
294   -46.396   -39.923 0.000   0 0 0 0.000 990.110
