6 1 48 4
500 200
500 200
500 200
500 200
  1   -29.730    64.136  3.027  12 1 4 1 2 4 8 623.304 626.984
  2   -30.664     5.463  2.885  -8 1 4 1 2 4 8 362.881 366.703
  3    51.642     5.469  3.345  16 1 4 1 2 4 8 732.143 735.818
  4   -13.171    69.336  2.941   5 1 4 1 2 4 8 375.955 379.756
  5   -67.413    68.323  2.888  12 1 4 1 2 4 8 474.854 478.514
  6    48.907     6.274  3.163   5 1 4 1 2 4 8 325.250 328.758
  7     5.243    22.260  3.042  13 1 4 1 2 4 8 687.960 691.697
  8   -65.002    77.234  2.925  20 1 4 1 2 4 8 595.080 598.699
  9    -4.175    -1.569  3.218  13 1 4 1 2 4 8 635.488 639.095
 10    23.029    11.639  3.419  18 1 4 1 2 4 8 99.625 103.425
 11    25.482     6.287  3.141   7 1 4 1 2 4 8 336.522 340.270
 12   -42.615   -26.392  3.211   6 1 4 1 2 4 8 224.442 228.006
 13   -76.672    99.341  3.029  -9 1 4 1 2 4 8 500.374 504.093
 14   -20.673    57.892  3.063   9 1 4 1 2 4 8 831.138 834.958
 15   -52.039     6.567  3.042   4 1 4 1 2 4 8 725.968 729.471
 16   -41.376    50.824  3.340  25 1 4 1 2 4 8 718.425 721.956
 17   -91.943    27.588  2.955   5 1 4 1 2 4 8 206.321 209.834
 18   -65.118    30.212  2.999 -17 1 4 1 2 4 8 446.933 450.711
 19    18.597    96.716  3.165   3 1 4 1 2 4 8 528.368 532.028
 20   -40.942    83.209  2.951  16 1 4 1 2 4 8 453.553 457.074
 21   -37.756   -33.325  3.412  25 1 4 1 2 4 8 487.778 491.463
 22    23.767    29.083  2.950  21 1 4 1 2 4 8 669.265 672.983
 23   -43.030    20.453  2.995  14 1 4 1 2 4 8 841.938 845.634
 24   -35.297   -24.896  3.103  19 1 4 1 2 4 8 157.576 161.077
 25   -54.755    14.368  3.428 -14 1 4 1 2 4 8 280.185 283.701
 26   -49.329    33.374  3.056   6 1 4 1 2 4 8 820.898 824.658
 27    57.404    23.822  3.188  16 1 4 1 2 4 8 555.075 558.766
 28   -22.754    55.408  3.014   9 1 4 1 2 4 8 471.449 475.239
 29   -56.622    73.340  3.051 -20 1 4 1 2 4 8 362.490 366.124
 30   -38.562    -3.705  3.305 -13 1 4 1 2 4 8 256.031 259.602
 31   -16.779    19.537  3.302  10 1 4 1 2 4 8 416.031 419.750
 32   -11.560    11.615  2.909  16 1 4 1 2 4 8 627.187 630.792
 33   -46.545    97.974  3.248  19 1 4 1 2 4 8 500.727 504.376
 34    16.229     9.320  3.154  22 1 4 1 2 4 8 862.823 866.445
 35     1.294     7.349  3.272  14 1 4 1 2 4 8 319.558 323.193
 36   -26.404    29.529  3.372  10 1 4 1 2 4 8 513.260 516.851
 37     4.352    14.685  3.100 -11 1 4 1 2 4 8 163.060 166.753
 38   -50.665   -23.126  3.031  15 1 4 1 2 4 8 408.849 412.468
 39   -22.833    -9.814  3.165  13 1 4 1 2 4 8 835.678 839.443
 40   -71.100   -18.616  3.022 -15 1 4 1 2 4 8 164.094 167.782
 41    -7.849    32.074  3.124   8 1 4 1 2 4 8 662.507 666.118
 42    11.877   -24.933  3.074  22 1 4 1 2 4 8 234.971 238.479
 43   -18.927   -23.730  3.430  24 1 4 1 2 4 8 731.901 735.653
 44   -11.920    11.755  3.164   3 1 4 1 2 4 8 573.860 577.645
 45    29.840    11.633  3.004  25 1 4 1 2 4 8 371.557 375.189
 46    12.268   -55.811  3.126  19 1 4 1 2 4 8 650.123 653.645
 47   -37.933   -21.613  3.328 -21 1 4 1 2 4 8 252.098 255.551
 48    42.883    -2.966  2.953  10 1 4 1 2 4 8 118.177 121.875
 49     4.163    13.559 0.000   0 0 0 0.000 956.420
 50    21.387    17.105 0.000   0 0 0 0.000 956.420
 51   -36.118    49.097 0.000   0 0 0 0.000 956.420
 52   -31.201     0.235 0.000   0 0 0 0.000 956.420
