6 2 96 4
480 195
480 195
480 195
480 195
  1    33.588    30.750  2.832   4 1 4 1 2 4 8 524.556 527.998
  2    48.828    65.314  3.095 -12 1 4 1 2 4 8 776.815 780.054
  3    86.176    59.344  2.870   3 1 4 1 2 4 8 368.753 371.942
  4    39.270   -33.057  2.678  15 1 4 1 2 4 8 408.933 412.203
  5   -23.370    86.853  2.925 -13 1 4 1 2 4 8 713.829 717.002
  6    48.132    95.593  3.061 -20 1 4 1 2 4 8 488.916 492.375
  7   -16.357    93.311  3.143 -21 1 4 1 2 4 8 474.482 477.908
  8   -57.703   -65.601  3.081   4 1 4 1 2 4 8 642.639 645.874
  9     7.147    32.684  2.862  25 1 4 1 2 4 8 731.370 734.835
 10    42.950    68.701  3.086  21 1 4 1 2 4 8 795.642 798.805
 11    37.085    -2.112  2.986   7 1 4 1 2 4 8 458.975 462.277
 12    77.759    55.817  2.767   3 1 4 1 2 4 8 462.643 465.910
 13   -17.462   -56.567  2.684   9 1 4 1 2 4 8 517.813 521.280
 14    58.575    59.888  2.967  -5 1 4 1 2 4 8 77.739 81.087
 15    57.776    15.344  2.948  20 1 4 1 2 4 8 760.578 763.812
 16   -22.327    36.072  2.810 -21 1 4 1 2 4 8 699.441 702.756
 17    -7.080    30.493  2.727 -19 1 4 1 2 4 8 344.272 347.458
 18    55.658    60.425  2.672   2 1 4 1 2 4 8 102.471 105.810
 19   -14.307    11.456  3.014  16 1 4 1 2 4 8 531.663 535.053
 20   -29.724    24.268  2.795 -18 1 4 1 2 4 8 754.072 757.353
 21    43.219     0.739  3.095 -24 1 4 1 2 4 8 585.263 588.618
 22    45.184    35.474  3.075 -24 1 4 1 2 4 8 611.394 614.815
 23    64.484     2.240  2.848   8 1 4 1 2 4 8 619.725 622.974
 24    55.078    72.241  3.080  16 1 4 1 2 4 8 580.318 583.604
 25    16.925    15.741  3.072  19 1 4 1 2 4 8 390.179 393.366
 26    45.038    -3.723  3.024 -12 1 4 1 2 4 8 82.098 85.408
 27   -76.782     5.939  2.653   9 1 4 1 2 4 8 513.108 516.518
 28    36.169     0.256  2.812   3 1 4 1 2 4 8 684.095 687.259
 29    29.218     8.936  2.651  15 1 4 1 2 4 8 263.165 266.674
 30    65.057     5.225  2.883   4 1 4 1 2 4 8 423.274 426.486
 31    42.175   -22.284  3.011  24 1 4 1 2 4 8 264.472 267.657
 32    25.574    31.726  3.066  22 1 4 1 2 4 8 215.554 218.931
 33    31.561    37.262  3.020  14 1 4 1 2 4 8 745.375 748.596
 34    66.498   -54.169  3.056 -11 1 4 1 2 4 8 220.621 223.964
 35    46.576   -17.938  3.024  20 1 4 1 2 4 8 488.541 491.926
 36    65.063    40.875  2.753   5 1 4 1 2 4 8 342.986 346.252
 37    -2.716    24.768  2.972  11 1 4 1 2 4 8 635.011 638.190
 38   -40.002     3.870  3.062  12 1 4 1 2 4 8 661.189 664.403
 39   -73.505    57.043  3.071   7 1 4 1 2 4 8 335.313 338.628
 40    81.146   -25.714  2.677   1 1 4 1 2 4 8 550.427 553.784
 41    12.006    -7.965  3.141  23 1 4 1 2 4 8 710.814 714.078
 42    42.761    38.092  2.791  13 1 4 1 2 4 8 194.303 197.583
 43     3.857   -23.181  2.816   4 1 4 1 2 4 8 336.763 340.135
 44    -7.367    24.390  3.158  23 1 4 1 2 4 8 628.741 632.079
 45    35.944   -11.835  3.037  17 1 4 1 2 4 8 792.790 796.140
 46    52.075     9.692  2.908  13 1 4 1 2 4 8 322.588 325.857
 47    30.725    30.701  2.718   9 1 4 1 2 4 8 495.270 498.476
 48    41.223    77.924  3.003  10 1 4 1 2 4 8 721.640 725.104
 49    68.884   -40.546  2.784  22 1 4 1 2 4 8 754.930 758.117
 50    76.312    86.670  2.784  21 1 4 1 2 4 8 144.027 147.315
 51    63.934    78.540  2.887  13 1 4 1 2 4 8 723.606 727.005
 52    29.150    -9.961  3.001  25 1 4 1 2 4 8 301.347 304.618
 53    85.522    39.954  2.928   8 1 4 1 2 4 8 393.268 396.440
 54    31.775     3.870  2.969 -20 1 4 1 2 4 8 620.741 623.931
 55   -20.544    19.086  2.887   3 1 4 1 2 4 8 289.207 292.424
 56    55.353    43.817  2.658   4 1 4 1 2 4 8 356.656 359.848
 57    35.406    10.278  3.141  13 1 4 1 2 4 8 738.742 742.132
 58    25.464    -0.287  3.085  18 1 4 1 2 4 8 96.545 99.954
 59    12.396     0.244  2.920   1 1 4 1 2 4 8 361.563 364.806
 60    18.359    20.917  3.013  10 1 4 1 2 4 8 64.376 67.665
 61    27.960   -15.039  2.733  16 1 4 1 2 4 8 289.976 293.446
 62    -3.192    19.879  2.849   9 1 4 1 2 4 8 667.755 671.061
 63     9.332   -41.351  2.748  13 1 4 1 2 4 8 670.045 673.523
 64   -20.581    38.177  2.635  23 1 4 1 2 4 8 687.087 690.569
 65    27.820    28.729  2.752  14 1 4 1 2 4 8 778.093 781.303
 66    59.027    42.310  3.074   5 1 4 1 2 4 8 180.586 184.016
 67    56.311    58.734  3.097  -1 1 4 1 2 4 8 255.495 258.693
 68   -51.654    -0.342  2.662   6 1 4 1 2 4 8 498.331 501.690
 69     2.576    32.721  2.774  20 1 4 1 2 4 8 786.806 790.189
 70    15.131    -3.046  2.868 -10 1 4 1 2 4 8 687.917 691.106
 71    66.595    34.937  3.100  19 1 4 1 2 4 8 524.806 528.058
 72    19.476    20.142  3.101  24 1 4 1 2 4 8 473.612 477.003
 73    -1.172    20.648  2.705   3 1 4 1 2 4 8 708.405 711.900
 74   -21.204    13.660  2.991  -5 1 4 1 2 4 8 605.294 608.491
 75    98.846     1.257  3.087  13 1 4 1 2 4 8 293.784 296.989
 76    82.593    72.003  3.037   5 1 4 1 2 4 8 581.998 585.506
 77    30.017   -30.896  3.114   4 1 4 1 2 4 8 665.180 668.546
 78    33.228    41.663  3.061  12 1 4 1 2 4 8 261.332 264.567
 79    39.490    -8.539  3.003  11 1 4 1 2 4 8 563.346 566.670
 80    54.498    70.813  3.069  20 1 4 1 2 4 8 542.729 546.228
 81     3.058    10.248  2.737  13 1 4 1 2 4 8 632.532 635.765
 82    51.831   -16.870  2.857   1 1 4 1 2 4 8 414.033 417.413
 83    76.416    11.346  3.041   3 1 4 1 2 4 8 303.727 307.009
 84     5.243     0.238  3.160  -2 1 4 1 2 4 8 130.700 134.021
 85    50.592    34.247  2.738 -23 1 4 1 2 4 8 614.860 618.160
 86    -5.231    -2.081  2.894   8 1 4 1 2 4 8 624.453 627.643
 87    24.194    25.836  3.077  25 1 4 1 2 4 8 777.395 780.609
 88    33.630    37.585  2.794  18 1 4 1 2 4 8 424.136 427.409
 89    31.445    -7.001  2.865   4 1 4 1 2 4 8 474.562 478.060
 90    30.707   -28.168  3.057   5 1 4 1 2 4 8 307.296 310.718
 91    49.860     1.038  2.783  21 1 4 1 2 4 8 235.167 238.519
 92   -35.767    14.142  3.123 -23 1 4 1 2 4 8 464.060 467.424
 93   -29.309     4.889  2.712  19 1 4 1 2 4 8 290.978 294.424
 94    19.049    41.974  3.160   2 1 4 1 2 4 8 580.813 584.322
 95    27.600    13.934  2.890  21 1 4 1 2 4 8 366.211 369.543
 96    52.832    50.684  3.036  10 1 4 1 2 4 8 213.173 216.656
 97     6.229    10.590 0.000   0 0 0 0.000 878.140
 98    32.663    44.730 0.000   0 0 0 0.000 878.140
 99    48.807    48.792 0.000   0 0 0 0.000 878.140
100    33.179    -4.968 0.000   0 0 0 0.000 878.140
