6 3 144 4
460 190
460 190
460 190
460 190
  1   -55.280   -24.371  3.008   9 1 4 1 2 4 8 353.710 357.153
  2   -48.297    53.314  3.105  22 1 4 1 2 4 8 617.368 621.081
  3   -49.072   -38.489  2.931  10 1 4 1 2 4 8 784.063 787.476
  4    25.311   -18.561  3.351  24 1 4 1 2 4 8 109.678 113.423
  5   -24.469    -3.815  2.929  25 1 4 1 2 4 8 549.250 552.713
  6    24.591   -17.896  2.815   6 1 4 1 2 4 8 592.202 595.916
  7   -10.419    60.364  3.193  22 1 4 1 2 4 8 744.831 748.331
  8    38.177   -35.175  3.260   1 1 4 1 2 4 8 195.599 199.035
  9   -68.280    93.073  3.176  19 1 4 1 2 4 8 429.856 433.521
 10   -30.792   -57.336  3.188  19 1 4 1 2 4 8 691.626 695.040
 11   -37.061   -12.122  3.254   5 1 4 1 2 4 8 203.956 207.483
 12   -15.741   -47.638  3.360  -9 1 4 1 2 4 8 395.068 398.805
 13   -63.379   -22.919  3.335   8 1 4 1 2 4 8 99.443 102.997
 14   -43.109   -43.439  3.011  14 1 4 1 2 4 8 150.534 154.244
 15   -25.623    13.599  3.345  -4 1 4 1 2 4 8 128.965 132.368
 16    -2.625    16.632  2.938   7 1 4 1 2 4 8 321.906 325.656
 17   -41.577   -28.497  3.016  10 1 4 1 2 4 8 308.483 311.917
 18     2.081    12.885  2.830 -22 1 4 1 2 4 8 511.473 515.085
 19     3.925   -47.845  3.173  17 1 4 1 2 4 8 257.150 260.697
 20   -83.295    26.324  3.374  10 1 4 1 2 4 8 331.763 335.379
 21    -6.458    26.355  2.866   8 1 4 1 2 4 8 384.109 387.597
 22     3.290     6.732  2.966  14 1 4 1 2 4 8 351.382 354.893
 23   -34.869    30.426  2.943  12 1 4 1 2 4 8 516.748 520.308
 24    15.546   -36.273  3.298  17 1 4 1 2 4 8 635.764 639.474
 25    12.842     5.127  2.979  19 1 4 1 2 4 8 751.542 754.965
 26   -48.450   -24.426  2.821  25 1 4 1 2 4 8 92.803 96.317
 27   -88.538   -10.461  3.001  25 1 4 1 2 4 8 433.134 436.763
 28   -29.773     0.995  2.930   6 1 4 1 2 4 8 691.617 695.139
 29     9.827    38.416  2.951  21 1 4 1 2 4 8 611.722 615.398
 30     1.410    92.938  3.203   3 1 4 1 2 4 8 329.281 332.862
 31   -79.303    15.381  3.028 -19 1 4 1 2 4 8 154.361 158.074
 32   -30.652    40.063  3.068  16 1 4 1 2 4 8 758.213 761.870
 33    18.927    21.637  3.113  21 1 4 1 2 4 8 792.054 795.701
 34    45.087   -59.906  3.133  17 1 4 1 2 4 8 252.800 256.503
 35   -34.949    -3.815  2.888 -19 1 4 1 2 4 8 592.759 596.250
 36    81.201   -74.744  3.005   6 1 4 1 2 4 8 374.370 377.871
 37    15.594   -28.455  2.918  10 1 4 1 2 4 8 574.185 577.770
 38   -72.192    29.547  3.027  22 1 4 1 2 4 8 263.224 266.891
 39   -42.914   -22.675  3.198 -17 1 4 1 2 4 8 121.200 124.678
 40   -76.392   -57.489  3.366  16 1 4 1 2 4 8 159.335 162.809
 41   -28.540    12.073  2.964   5 1 4 1 2 4 8 741.927 745.565
 42   -61.389    26.526  2.964   1 1 4 1 2 4 8 616.737 620.205
 43    -8.472    12.616  2.910  21 1 4 1 2 4 8 189.511 193.152
 44   -61.475    33.392  3.152 -20 1 4 1 2 4 8 351.933 355.481
 45   -34.674   -27.588  3.064   6 1 4 1 2 4 8 678.091 681.619
 46    10.315   -12.518  2.870   1 1 4 1 2 4 8 257.517 260.904
 47   -83.014    77.002  2.838 -11 1 4 1 2 4 8 453.348 456.868
 48   -40.417    49.988  3.345  22 1 4 1 2 4 8 406.438 409.973
 49    83.832    33.905  2.853  25 1 4 1 2 4 8 299.985 303.395
 50   -20.563   -75.830  3.294  18 1 4 1 2 4 8 252.947 256.641
 51    15.442   -18.719  2.899   9 1 4 1 2 4 8 224.388 228.081
 52   -59.937   -65.802  2.904  23 1 4 1 2 4 8 159.752 163.372
 53     5.151    47.815  3.148  17 1 4 1 2 4 8 181.685 185.233
 54    46.008    14.990  2.866   4 1 4 1 2 4 8 166.310 169.815
 55    82.977    -1.660  2.844   1 1 4 1 2 4 8 488.103 491.503
 56    39.893   -38.916  3.097  14 1 4 1 2 4 8 598.161 601.602
 57    90.839   -83.539  3.124  11 1 4 1 2 4 8 725.083 728.760
 58     7.068     0.067  3.266   7 1 4 1 2 4 8 739.932 743.375
 59    18.958    40.088  3.065  21 1 4 1 2 4 8 294.637 298.036
 60   -80.487    58.209  3.353  -3 1 4 1 2 4 8 353.689 357.345
 61    64.459   -62.946  2.834  18 1 4 1 2 4 8 247.633 251.234
 62   -43.616   -26.117  3.358   5 1 4 1 2 4 8 844.769 848.363
 63   -18.408    10.303  2.951   6 1 4 1 2 4 8 330.366 333.855
 64   -43.921    63.251  3.122  22 1 4 1 2 4 8 518.015 521.754
 65    11.353    26.221  2.966  13 1 4 1 2 4 8 575.100 578.753
 66    -6.995    38.239  3.012  17 1 4 1 2 4 8 401.377 404.778
 67    74.084   -34.216  3.029  -5 1 4 1 2 4 8 312.191 315.732
 68    14.301    -0.800  3.184   7 1 4 1 2 4 8 541.115 544.818
 69   -94.141   -48.779  3.308   1 1 4 1 2 4 8 279.694 283.256
 70    15.332   -42.169  3.126   3 1 4 1 2 4 8 558.176 561.743
 71   -46.637   -16.461  2.959  10 1 4 1 2 4 8 320.744 324.275
 72    -0.958   -81.000  2.913  -5 1 4 1 2 4 8 476.036 479.673
 73   -37.445   -42.505  3.064  -1 1 4 1 2 4 8 469.548 472.934
 74    -3.680   -69.073  3.043  17 1 4 1 2 4 8 759.232 762.732
 75    34.894   -20.898  3.062  14 1 4 1 2 4 8 357.748 361.408
 76    45.544    51.410  3.270   4 1 4 1 2 4 8 586.044 589.450
 77   -31.927    88.239  3.046 -10 1 4 1 2 4 8 556.509 560.243
 78   -13.580   -26.959  2.839  25 1 4 1 2 4 8 444.235 447.831
 79    12.653   -48.340  3.030  11 1 4 1 2 4 8 229.909 233.452
 80   -46.179   -38.269  3.191 -16 1 4 1 2 4 8 323.255 326.926
 81   -29.620    35.083  3.132  25 1 4 1 2 4 8 699.607 703.052
 82    13.696    43.988  2.840 -20 1 4 1 2 4 8 624.304 627.686
 83    38.342   -46.338  3.168   3 1 4 1 2 4 8 750.797 754.250
 84   -26.227    24.506  2.856   7 1 4 1 2 4 8 628.072 631.638
 85    90.009   -43.640  3.179   2 1 4 1 2 4 8 724.096 727.838
 86    -6.995    22.522  3.272   6 1 4 1 2 4 8 648.532 652.139
 87   -29.993   -28.851  3.150  14 1 4 1 2 4 8 414.364 418.019
 88   -56.268   -64.740  2.938  14 1 4 1 2 4 8 126.364 129.931
 89   -87.415    90.796  3.127  -2 1 4 1 2 4 8 222.139 225.588
 90    -5.762    54.034  3.210  15 1 4 1 2 4 8 411.150 414.767
 91   -34.845   -27.185  3.221  22 1 4 1 2 4 8 799.302 803.031
 92   -16.479    16.180  2.983   4 1 4 1 2 4 8 157.404 160.889
 93    23.712    29.492  3.080  22 1 4 1 2 4 8 199.938 203.522
 94   -40.991    46.594  2.965  19 1 4 1 2 4 8 407.185 410.730
 95   -53.516   -21.619  2.836  -5 1 4 1 2 4 8 175.311 178.872
 96   -17.560    37.494  2.817  10 1 4 1 2 4 8 82.414 85.896
 97   -37.311    56.836  3.112  -4 1 4 1 2 4 8 701.752 705.322
 98    71.515    22.510  3.322  -7 1 4 1 2 4 8 251.060 254.685
 99   -41.864    27.710  2.887  11 1 4 1 2 4 8 615.182 618.803
100    14.819   -82.117  3.344 -14 1 4 1 2 4 8 228.288 232.013
101    30.316   -55.322  3.249  -2 1 4 1 2 4 8 196.042 199.500
102   -39.172    47.998  3.119  12 1 4 1 2 4 8 375.488 379.110
103   -94.415    15.192  2.959  12 1 4 1 2 4 8 382.453 385.975
104    -7.806    11.273  2.897  24 1 4 1 2 4 8 667.575 670.961
105    28.571   -49.908  3.173   8 1 4 1 2 4 8 235.110 238.491
106   -20.654    24.554  2.976   4 1 4 1 2 4 8 128.114 131.724
107   -30.963   -18.903  3.161  25 1 4 1 2 4 8 203.903 207.371
108     1.721   -20.447  3.028   6 1 4 1 2 4 8 449.178 452.590
109   -31.012   -21.106  3.015   9 1 4 1 2 4 8 829.841 833.288
110   -85.718   -28.015  2.929  23 1 4 1 2 4 8 239.001 242.696
111    58.826   -63.043  3.305  15 1 4 1 2 4 8 574.437 578.099
112   -15.753   -52.686  2.869  -7 1 4 1 2 4 8 201.353 204.875
113   -71.661    51.184  3.337   6 1 4 1 2 4 8 182.197 185.780
114   -92.633    -6.598  3.006  -5 1 4 1 2 4 8 472.791 476.350
115    33.508   -49.255  3.217  12 1 4 1 2 4 8 743.055 746.783
116    59.314    54.095  2.963   3 1 4 1 2 4 8 165.015 168.410
117    30.737   -28.436  3.084  22 1 4 1 2 4 8 774.201 777.601
118   -55.896    18.457  3.105  18 1 4 1 2 4 8 662.163 665.881
119   -89.960   -39.532  3.041  16 1 4 1 2 4 8 274.940 278.585
120    36.438    20.819  3.055   5 1 4 1 2 4 8 711.818 715.211
121   -53.674   -56.427  3.093   1 1 4 1 2 4 8 398.037 401.547
122   -31.866    32.538  3.175   8 1 4 1 2 4 8 445.707 449.350
123     5.658    12.756  2.817  20 1 4 1 2 4 8 758.619 762.221
124   -52.905    42.804  3.149  17 1 4 1 2 4 8 153.099 156.729
125    47.131   -45.465  3.030  11 1 4 1 2 4 8 568.892 572.488
126    30.792     9.869  2.902   8 1 4 1 2 4 8 593.426 597.126
127   -45.209   -56.293  3.069  15 1 4 1 2 4 8 770.258 773.780
128    10.919    13.306  2.851 -16 1 4 1 2 4 8 753.376 756.861
129   -32.990   -34.003  2.905   6 1 4 1 2 4 8 311.368 315.095
130   -40.869    30.579  3.103 -24 1 4 1 2 4 8 284.289 287.806
131   -69.348    80.408  3.226  10 1 4 1 2 4 8 197.268 200.754
132   -58.966   -29.541  2.982   4 1 4 1 2 4 8 653.263 656.910
133   -36.847   -33.710  3.242  10 1 4 1 2 4 8 450.329 453.948
134   -21.820    65.369  3.228  17 1 4 1 2 4 8 456.184 459.860
135    22.980   -41.010  2.863   5 1 4 1 2 4 8 186.382 190.113
136   -77.557    59.814  3.155 -14 1 4 1 2 4 8 361.617 365.157
137   -47.205    67.725  2.940  16 1 4 1 2 4 8 362.698 366.391
138   -21.606    35.168  3.335  11 1 4 1 2 4 8 430.618 434.103
139   -55.676   -31.384  3.207  25 1 4 1 2 4 8 581.864 585.479
140   -85.229    88.788  3.139   4 1 4 1 2 4 8 379.130 382.618
141    -3.918   -63.525  3.280  12 1 4 1 2 4 8 347.215 350.858
142   -58.557    59.375  3.232 -19 1 4 1 2 4 8 766.619 770.144
143   -24.542    14.935  3.132  -6 1 4 1 2 4 8 741.559 745.141
144   -48.779    16.968  3.319  23 1 4 1 2 4 8 326.773 330.510
145   -40.082   -24.780 0.000   0 0 0 0.000 937.440
146    24.292   -27.704 0.000   0 0 0 0.000 937.440
147   -45.877    41.092 0.000   0 0 0 0.000 937.440
148   -11.896    15.875 0.000   0 0 0 0.000 937.440
