6 4 192 4
440 185
440 185
440 185
440 185
  1   -44.629   -55.640  3.125  11 1 4 1 2 4 8 526.878 530.538
  2    36.096    64.935  3.078  11 1 4 1 2 4 8 152.459 155.960
  3   -25.470    44.580  2.971 -23 1 4 1 2 4 8 375.098 378.590
  4   -33.954   -73.059  3.257  16 1 4 1 2 4 8 644.493 647.978
  5    45.654    35.730  2.978  16 1 4 1 2 4 8 197.457 201.212
  6    14.954   -36.719  3.463   2 1 4 1 2 4 8 801.077 804.902
  7    -1.477    47.205  3.140   1 1 4 1 2 4 8 157.459 161.299
  8     2.155   -40.912  3.330  25 1 4 1 2 4 8 112.584 116.291
  9    22.992     1.398  3.428  24 1 4 1 2 4 8 626.633 630.438
 10   -28.857     5.957  3.308  14 1 4 1 2 4 8 292.632 296.478
 11   -48.120    94.116  3.357   6 1 4 1 2 4 8 611.952 615.723
 12     7.239    17.322  3.020  20 1 4 1 2 4 8 624.543 628.327
 13     4.614    27.051  3.401  10 1 4 1 2 4 8 713.571 717.405
 14   -13.971    28.198  3.022 -11 1 4 1 2 4 8 423.615 427.222
 15    12.946   -11.688  2.926   2 1 4 1 2 4 8 827.861 831.526
 16   -36.670    23.102  3.431  22 1 4 1 2 4 8 706.886 710.397
 17    -4.224   -49.310  3.195   2 1 4 1 2 4 8 244.785 248.510
 18     1.093    -7.135  3.069 -12 1 4 1 2 4 8 868.785 872.324
 19   -56.958    27.905  3.171   9 1 4 1 2 4 8 546.702 550.532
 20   -80.994   -77.686  3.151  21 1 4 1 2 4 8 737.498 741.142
 21    72.260    59.027  3.251 -10 1 4 1 2 4 8 792.415 796.051
 22   -21.655     1.636  3.327  13 1 4 1 2 4 8 435.831 439.384
 23   -20.154   -62.415  2.921 -25 1 4 1 2 4 8 399.425 403.051
 24   -48.157     6.287  3.090   9 1 4 1 2 4 8 546.103 549.811
 25    -5.078    61.597  3.273  19 1 4 1 2 4 8 730.394 734.115
 26    17.145   -47.046  3.128  22 1 4 1 2 4 8 512.715 516.540
 27   -16.064     8.557  3.362   4 1 4 1 2 4 8 403.786 407.319
 28     6.683   -27.069  3.148   4 1 4 1 2 4 8 129.308 132.880
 29    15.027   -34.979  3.258  -7 1 4 1 2 4 8 107.756 111.310
 30    37.946    73.914  3.036  20 1 4 1 2 4 8 363.771 367.485
 31   -41.199   -43.018  3.157  17 1 4 1 2 4 8 310.806 314.541
 32    32.538    11.786  2.968  19 1 4 1 2 4 8 203.986 207.633
 33   -20.306   -20.239  3.290  12 1 4 1 2 4 8 85.537 89.335
 34   -35.480    19.135  3.086  -2 1 4 1 2 4 8 748.786 752.522
 35    58.038    56.659  2.938 -13 1 4 1 2 4 8 265.583 269.330
 36   -36.694    -6.256  3.212  24 1 4 1 2 4 8 663.625 667.433
 37     0.446   -46.735  3.011  22 1 4 1 2 4 8 546.013 549.724
 38   -19.690    38.977  3.447  17 1 4 1 2 4 8 635.128 638.700
 39   -47.339    20.911  3.360  19 1 4 1 2 4 8 183.483 186.959
 40   -79.236   -57.678  3.390  -4 1 4 1 2 4 8 584.414 588.257
 41     5.597   -34.076  3.270 -12 1 4 1 2 4 8 562.110 565.912
 42    34.454    -8.289  3.120  22 1 4 1 2 4 8 559.102 562.670
 43    18.500   -51.154  3.017   2 1 4 1 2 4 8 481.409 485.146
 44    -4.346   -44.525  3.354  19 1 4 1 2 4 8 188.133 191.824
 45   -14.148   -74.164  3.439   3 1 4 1 2 4 8 123.927 127.400
 46    19.867    77.515  3.456  -5 1 4 1 2 4 8 289.285 293.067
 47   -50.079    17.871  2.963  22 1 4 1 2 4 8 131.664 135.347
 48    42.786   -79.883  2.917   6 1 4 1 2 4 8 380.694 384.493
 49     1.520   -29.034  3.259   9 1 4 1 2 4 8 802.987 806.690
 50    14.728    -3.436  3.347  -8 1 4 1 2 4 8 818.763 822.525
 51   -26.166   -48.999  2.952 -24 1 4 1 2 4 8 429.625 433.463
 52   -63.873    -5.273  2.949 -15 1 4 1 2 4 8 560.775 564.429
 53   -54.138     7.086  2.937  16 1 4 1 2 4 8 389.902 393.526
 54    17.932   -34.094  3.168   9 1 4 1 2 4 8 418.757 422.498
 55   -98.706    34.552  3.389   1 1 4 1 2 4 8 253.271 256.894
 56    28.802    -8.582  3.037  18 1 4 1 2 4 8 138.254 142.055
 57     2.716    90.594  2.949  17 1 4 1 2 4 8 622.594 626.122
 58   -31.024    48.938  3.251  18 1 4 1 2 4 8 417.767 421.596
 59   -46.545    42.316  3.239   2 1 4 1 2 4 8 727.636 731.301
 60    27.289    58.179  3.343  25 1 4 1 2 4 8 576.916 580.535
 61    28.815   -28.027  3.046 -21 1 4 1 2 4 8 181.168 184.967
 62   -26.099    11.328  3.423  19 1 4 1 2 4 8 296.925 300.624
 63     0.537   -26.221  3.465  10 1 4 1 2 4 8 208.479 212.144
 64   -50.458     7.812  3.020   2 1 4 1 2 4 8 876.012 879.703
 65    30.005    19.092  3.161  21 1 4 1 2 4 8 314.231 317.886
 66   -12.604    22.058  3.187  20 1 4 1 2 4 8 687.884 691.632
 67    22.009    -8.636  3.371  21 1 4 1 2 4 8 235.310 238.995
 68     8.942     2.875  3.354   2 1 4 1 2 4 8 457.915 461.476
 69   -19.812     0.922  2.969   6 1 4 1 2 4 8 276.357 280.127
 70    -4.230    31.250  3.288   2 1 4 1 2 4 8 706.218 709.986
 71    17.975    -0.409  3.035 -12 1 4 1 2 4 8 423.583 427.199
 72    -2.350    42.938  3.036 -12 1 4 1 2 4 8 150.512 154.023
 73   -16.516    68.085  3.069   5 1 4 1 2 4 8 625.607 629.141
 74    -1.190    42.023  3.053   5 1 4 1 2 4 8 485.761 489.585
 75    56.635   -44.019  3.080   8 1 4 1 2 4 8 125.570 129.217
 76    57.483    35.504  3.396  15 1 4 1 2 4 8 204.983 208.689
 77   -26.099     7.477  3.235   8 1 4 1 2 4 8 685.149 688.772
 78     7.489   -57.239  2.922   7 1 4 1 2 4 8 358.113 361.895
 79   -22.095    55.780  3.039  14 1 4 1 2 4 8 361.528 365.374
 80    19.867    38.824  3.272  18 1 4 1 2 4 8 533.725 537.215
 81     5.310    49.219  3.301  17 1 4 1 2 4 8 740.710 744.566
 82    15.155     6.299  3.314  -5 1 4 1 2 4 8 311.424 315.129
 83     5.481   -31.500  3.076  -6 1 4 1 2 4 8 797.837 801.456
 84     7.959   -28.662  3.077   9 1 4 1 2 4 8 386.113 389.802
 85   -75.812     4.010  3.236  24 1 4 1 2 4 8 442.841 446.543
 86   -43.671   -61.646  3.016 -13 1 4 1 2 4 8 368.652 372.125
 87    -2.576   -62.140  3.385   5 1 4 1 2 4 8 271.654 275.425
 88   -18.842   -36.884  3.069   4 1 4 1 2 4 8 558.112 561.937
 89    20.844    21.167  3.062 -22 1 4 1 2 4 8 368.628 372.353
 90     3.137   -19.220  3.081  24 1 4 1 2 4 8 619.944 623.523
 91   -20.361    18.878  2.987  25 1 4 1 2 4 8 75.571 79.123
 92    -0.897   -54.938  3.470  -9 1 4 1 2 4 8 334.458 338.142
 93   -29.553     9.277  2.954   8 1 4 1 2 4 8 527.277 531.000
 94     5.048   -35.046  3.404   8 1 4 1 2 4 8 636.445 639.982
 95    27.759    48.712  3.378  25 1 4 1 2 4 8 190.572 194.058
 96    12.079   -42.346  3.415   7 1 4 1 2 4 8 765.381 768.885
 97   -51.270    41.144  2.988  24 1 4 1 2 4 8 749.529 753.168
 98   -29.077     4.291  3.113  16 1 4 1 2 4 8 454.889 458.575
 99   -18.555   -14.819  2.913 -15 1 4 1 2 4 8 654.958 658.465
100     7.855   -49.451  3.363   7 1 4 1 2 4 8 297.827 301.426
101   -19.116   -32.086  3.320  17 1 4 1 2 4 8 871.973 875.595
102    17.651   -52.271  2.937   9 1 4 1 2 4 8 505.688 509.430
103    16.907   -62.964  3.110  14 1 4 1 2 4 8 800.798 804.427
104    18.988     6.219  2.987  20 1 4 1 2 4 8 610.458 614.023
105   -68.878   -64.539  3.054   6 1 4 1 2 4 8 440.052 443.692
106   -13.361    20.264  3.076 -17 1 4 1 2 4 8 818.010 821.515
107   -44.440    63.721  2.974  23 1 4 1 2 4 8 690.131 693.638
108    -6.500    71.436  3.105  14 1 4 1 2 4 8 651.796 655.379
109   -51.978    25.409  2.930  19 1 4 1 2 4 8 125.282 128.940
110    -0.739    59.491  3.229  21 1 4 1 2 4 8 528.577 532.354
111   -64.679    83.038  3.297   6 1 4 1 2 4 8 221.849 225.638
112   -11.273   -35.944  3.327   1 1 4 1 2 4 8 661.109 664.805
113   -16.864     7.776  3.339  22 1 4 1 2 4 8 459.925 463.471
114    19.843   -49.805  3.178   7 1 4 1 2 4 8 541.176 544.853
115   -16.284    -2.936  3.181  14 1 4 1 2 4 8 692.330 695.899
116     8.356    67.041  3.023   7 1 4 1 2 4 8 312.284 315.806
117    30.878    24.316  3.303  25 1 4 1 2 4 8 428.541 432.095
118    93.524   -20.233  3.031  17 1 4 1 2 4 8 447.074 450.888
119    -9.332   -56.177  3.383  10 1 4 1 2 4 8 660.559 664.096
120   -34.442   -63.312  2.984  23 1 4 1 2 4 8 683.877 687.410
121    20.941    -5.646  3.329  22 1 4 1 2 4 8 244.307 247.859
122    -3.418    89.594  3.226   3 1 4 1 2 4 8 691.240 694.901
123   -18.738    45.227  2.985  14 1 4 1 2 4 8 263.726 267.474
124     2.435   -30.524  3.328  14 1 4 1 2 4 8 821.619 825.354
125   -28.864    56.616  3.231   2 1 4 1 2 4 8 481.183 484.762
126    76.880   -29.901  3.060   2 1 4 1 2 4 8 138.145 141.918
127   -90.466    10.278  3.316  21 1 4 1 2 4 8 818.340 822.083
128   -35.101    46.545  3.347  10 1 4 1 2 4 8 790.424 794.216
129   -48.395    43.854  3.206  10 1 4 1 2 4 8 499.534 503.022
130   -40.997    26.703  3.111   5 1 4 1 2 4 8 737.078 740.884
131    13.696    34.607  3.304  -9 1 4 1 2 4 8 530.090 533.765
132   -71.472    11.450  2.948  15 1 4 1 2 4 8 817.146 820.910
133   -36.230    51.904  3.068  19 1 4 1 2 4 8 663.245 666.748
134   -39.465     4.907  3.413   7 1 4 1 2 4 8 147.287 150.862
135   -16.565    23.773  2.954  11 1 4 1 2 4 8 399.609 403.129
136    10.754   -28.552  3.405  -2 1 4 1 2 4 8 281.627 285.148
137   -23.029    47.015  3.023  25 1 4 1 2 4 8 624.896 628.698
138    -8.807    21.216  3.072  14 1 4 1 2 4 8 607.141 610.929
139   -40.039    27.435  3.052 -15 1 4 1 2 4 8 179.080 182.693
140   -37.445   -41.040  3.276  12 1 4 1 2 4 8 745.513 749.016
141    48.224     0.085  3.048  11 1 4 1 2 4 8 627.760 631.258
142    -0.323    68.237  3.085  17 1 4 1 2 4 8 653.128 656.601
143   -14.294   -33.423  3.451   4 1 4 1 2 4 8 864.450 868.072
144    -1.440   -34.814  3.219  24 1 4 1 2 4 8 302.100 305.730
145   -34.454    42.346  3.054  -8 1 4 1 2 4 8 395.464 399.047
146     8.679   -66.180  3.442  20 1 4 1 2 4 8 421.479 425.333
147   -61.249   -51.367  3.157 -12 1 4 1 2 4 8 357.129 360.668
148    -1.093     9.912  3.451  10 1 4 1 2 4 8 778.065 781.853
149   -16.565    66.547  3.072  12 1 4 1 2 4 8 207.806 211.644
150     8.435    52.838  3.154  -9 1 4 1 2 4 8 738.385 742.212
151   -22.034   -36.896  3.116  16 1 4 1 2 4 8 574.277 578.097
152    15.765    17.322  3.313  23 1 4 1 2 4 8 137.649 141.386
153     9.003   -18.695  3.461  15 1 4 1 2 4 8 881.175 884.939
154    -4.584     3.491  3.267  10 1 4 1 2 4 8 406.792 410.525
155     8.875    40.662  3.369 -21 1 4 1 2 4 8 179.502 183.327
156    26.093   -33.966  3.280   2 1 4 1 2 4 8 636.000 639.507
157   -32.501    39.526  2.950  16 1 4 1 2 4 8 428.452 432.234
158   -32.629   -82.581  3.244  15 1 4 1 2 4 8 416.670 420.359
159   -98.486    22.021  2.946  11 1 4 1 2 4 8 559.359 563.025
160   -59.052     4.163  2.977 -11 1 4 1 2 4 8 108.927 112.518
161     7.428    -2.570  3.450 -17 1 4 1 2 4 8 158.270 161.993
162   -59.601    12.469  3.413  -3 1 4 1 2 4 8 812.348 815.858
163   -11.224   -31.830  2.969   9 1 4 1 2 4 8 130.790 134.410
164   -16.809   -35.040  3.119   1 1 4 1 2 4 8 86.689 90.179
165    21.863    18.140  3.320  13 1 4 1 2 4 8 180.888 184.641
166    45.038   -61.316  3.211  -1 1 4 1 2 4 8 736.465 740.265
167   -48.816    25.568  2.895   2 1 4 1 2 4 8 540.118 543.834
168   -32.184   -16.736  2.984  22 1 4 1 2 4 8 803.214 807.013
169    12.439   -41.492  3.430  10 1 4 1 2 4 8 622.808 626.580
170   -21.082   -77.075  2.963   4 1 4 1 2 4 8 728.885 732.630
171   -17.822   -18.518  3.141   9 1 4 1 2 4 8 162.343 166.192
172    48.334    93.518  3.148  11 1 4 1 2 4 8 626.134 629.948
173   -18.677    49.005  3.248   3 1 4 1 2 4 8 820.147 823.938
174    12.140    30.042  3.033 -19 1 4 1 2 4 8 641.516 645.076
175     3.113   -40.302  3.024  19 1 4 1 2 4 8 406.573 410.122
176    17.133    37.079  3.146   4 1 4 1 2 4 8 216.423 220.174
177    22.577     0.836  3.066  19 1 4 1 2 4 8 700.546 704.316
178   -30.426    52.942  3.319  15 1 4 1 2 4 8 199.512 203.196
179    33.765   -67.108  3.450  21 1 4 1 2 4 8 159.611 163.196
180     5.414     1.532  3.162  25 1 4 1 2 4 8 182.616 186.297
181    72.156    30.103  2.912  -4 1 4 1 2 4 8 432.813 436.455
182   -24.109   -34.625  3.281   3 1 4 1 2 4 8 252.589 256.346
183    17.413    75.146  3.189   6 1 4 1 2 4 8 156.042 159.706
184    10.638   -60.052  3.311   6 1 4 1 2 4 8 606.722 610.330
185    -5.176   -48.999  3.376  21 1 4 1 2 4 8 537.277 540.940
186   -19.342    21.118  3.412  25 1 4 1 2 4 8 273.150 276.818
187   -46.802   -14.661  3.141  10 1 4 1 2 4 8 150.776 154.446
188   -16.779    43.439  3.186  25 1 4 1 2 4 8 852.682 856.476
189    14.093   -13.605  3.023  19 1 4 1 2 4 8 522.209 525.781
190   -21.063    26.019  3.152  19 1 4 1 2 4 8 792.321 795.986
191    39.813   -40.668  3.272  22 1 4 1 2 4 8 142.476 146.181
192    52.057    30.334  3.058  -5 1 4 1 2 4 8 743.221 746.775
193    -0.140     7.266 0.000   0 0 0 0.000 964.110
194   -23.138    48.450 0.000   0 0 0 0.000 964.110
195   -26.102    16.809 0.000   0 0 0 0.000 964.110
196     0.244   -35.892 0.000   0 0 0 0.000 964.110
