6 5 240 4
420 180
420 180
420 180
420 180
  1    65.991   -49.829  2.989  10 1 4 1 2 4 8 825.557 829.208
  2   -36.938   -36.743  3.209  25 1 4 1 2 4 8 358.034 361.641
  3    -2.734    18.774  3.344  18 1 4 1 2 4 8 646.731 650.316
  4    31.116   -35.907  3.403  16 1 4 1 2 4 8 799.742 803.196
  5     2.789     8.008  2.917  14 1 4 1 2 4 8 872.314 876.111
  6    31.152    43.665  3.346   7 1 4 1 2 4 8 292.737 296.327
  7   -36.304   -21.307  3.034   9 1 4 1 2 4 8 83.224 86.779
  8    52.814    35.046  3.193  16 1 4 1 2 4 8 568.388 572.004
  9    11.267    20.660  3.072 -24 1 4 1 2 4 8 636.662 640.102
 10    -0.623    23.114  3.173   6 1 4 1 2 4 8 526.349 530.043
 11    43.091   -12.360  3.213  22 1 4 1 2 4 8 144.920 148.717
 12     6.854    19.073  3.063  11 1 4 1 2 4 8 772.047 775.586
 13    -6.848    25.317  2.947  19 1 4 1 2 4 8 730.747 734.190
 14   -27.930   -23.712  3.262  20 1 4 1 2 4 8 621.630 625.279
 15    33.240   -30.487  2.950  20 1 4 1 2 4 8 740.183 743.980
 16    63.885   -52.881  3.288  16 1 4 1 2 4 8 714.121 717.898
 17   -13.672   -43.945  3.397   5 1 4 1 2 4 8 106.987 110.427
 18    -0.647   -27.502  3.268  21 1 4 1 2 4 8 179.902 183.565
 19    59.406   -49.261  3.158  19 1 4 1 2 4 8 288.567 292.156
 20    27.167    -5.713  3.218  18 1 4 1 2 4 8 230.423 234.182
 21    70.001   -20.844  2.894  22 1 4 1 2 4 8 706.871 710.475
 22    35.327   -65.167  2.944  19 1 4 1 2 4 8 773.225 776.714
 23   -14.386   -42.236  2.935  15 1 4 1 2 4 8 256.287 259.743
 24    19.366    30.273  2.912  24 1 4 1 2 4 8 674.061 677.544
 25   -39.789    10.101  3.324 -20 1 4 1 2 4 8 758.280 761.789
 26   -15.753   -40.204  2.901 -17 1 4 1 2 4 8 411.403 415.090
 27   -28.418   -40.503  2.912  20 1 4 1 2 4 8 291.156 294.725
 28    27.081     9.735  2.993  12 1 4 1 2 4 8 135.052 138.784
 29    22.205    -9.216  3.151  23 1 4 1 2 4 8 372.105 375.569
 30    -0.830    -6.525  3.114  15 1 4 1 2 4 8 321.032 324.606
 31    10.217    75.531  3.311 -19 1 4 1 2 4 8 307.769 311.328
 32     7.446    18.500  3.214  23 1 4 1 2 4 8 68.120 71.785
 33    48.914   -20.294  3.258  -9 1 4 1 2 4 8 229.699 233.339
 34   -18.958   -29.675  2.958  21 1 4 1 2 4 8 695.641 699.068
 35    16.815    -6.659  2.934  17 1 4 1 2 4 8 795.050 798.667
 36     2.509   -30.420  3.080  -6 1 4 1 2 4 8 752.184 755.673
 37    15.424     4.913  2.892  10 1 4 1 2 4 8 164.991 168.701
 38    60.315    89.801  2.914   9 1 4 1 2 4 8 175.232 178.664
 39    40.405   -45.367  3.426  19 1 4 1 2 4 8 717.900 721.538
 40   -26.837   -54.272  2.996  17 1 4 1 2 4 8 374.467 378.256
 41    69.171    72.577  3.041  22 1 4 1 2 4 8 395.768 399.559
 42   -22.815    46.173  2.975   8 1 4 1 2 4 8 718.385 721.973
 43   -14.258   -30.249  3.282  25 1 4 1 2 4 8 538.192 541.834
 44    76.050    12.073  3.051  13 1 4 1 2 4 8 352.625 356.388
 45    63.043    60.022  3.076   1 1 4 1 2 4 8 262.081 265.768
 46   -20.239   -81.970  3.172  15 1 4 1 2 4 8 489.805 493.313
 47   -41.168   -42.023  2.984  16 1 4 1 2 4 8 276.099 279.864
 48    79.199   -29.016  3.234 -20 1 4 1 2 4 8 336.696 340.386
 49   -20.728    -7.068  3.325  14 1 4 1 2 4 8 260.454 263.924
 50    -4.163   -53.497  3.368  -2 1 4 1 2 4 8 656.159 659.835
 51    39.594   -40.460  3.181   5 1 4 1 2 4 8 223.711 227.162
 52   -47.125   -77.850  3.316  16 1 4 1 2 4 8 776.462 780.017
 53    -1.233    49.182  2.948 -12 1 4 1 2 4 8 749.202 752.971
 54    -0.372   -27.264  3.254   1 1 4 1 2 4 8 460.540 463.966
 55    31.537    -8.722  3.038 -15 1 4 1 2 4 8 724.604 728.308
 56    -0.134   -20.264  3.285   5 1 4 1 2 4 8 790.769 794.479
 57    66.394   -26.691  3.421   9 1 4 1 2 4 8 274.217 277.889
 58     6.104   -64.093  3.208   8 1 4 1 2 4 8 150.773 154.289
 59    13.544   -20.874  3.074   2 1 4 1 2 4 8 834.111 837.650
 60    54.211    -6.537  3.092  10 1 4 1 2 4 8 298.317 301.778
 61    22.046   -34.137  2.950  25 1 4 1 2 4 8 783.287 786.737
 62    -9.723     4.706  2.991 -24 1 4 1 2 4 8 346.665 350.212
 63   -11.584   -46.857  3.101   7 1 4 1 2 4 8 714.944 718.677
 64    -2.905    -0.305  3.036  14 1 4 1 2 4 8 548.408 552.131
 65    13.837   -44.452  3.008   3 1 4 1 2 4 8 868.352 871.812
 66    17.480    27.747  2.976  23 1 4 1 2 4 8 863.917 867.619
 67     2.972   -43.689  3.390  21 1 4 1 2 4 8 561.757 565.437
 68   -44.354   -38.202  3.297  13 1 4 1 2 4 8 216.587 220.372
 69   -59.399     1.514  3.141 -15 1 4 1 2 4 8 473.172 476.822
 70   -13.452   -75.531  3.028  14 1 4 1 2 4 8 204.049 207.833
 71    -5.518   -51.947  3.189  -7 1 4 1 2 4 8 270.186 273.620
 72    -9.589   -26.880  3.207  20 1 4 1 2 4 8 612.254 615.737
 73    19.318    29.498  3.324   6 1 4 1 2 4 8 757.216 761.013
 74    26.245    36.743  3.098  24 1 4 1 2 4 8 153.887 157.607
 75    43.707   -28.033  3.046  17 1 4 1 2 4 8 224.826 228.495
 76   -52.026   -35.339  3.146   3 1 4 1 2 4 8 772.644 776.275
 77    -8.435    -0.116  3.256  15 1 4 1 2 4 8 755.622 759.072
 78    89.111    62.122  3.231   6 1 4 1 2 4 8 482.852 486.382
 79     6.067   -16.132  3.416  21 1 4 1 2 4 8 581.648 585.442
 80    27.094    -5.103  3.395  25 1 4 1 2 4 8 205.647 209.404
 81    27.527   -15.344  3.057  18 1 4 1 2 4 8 701.804 705.540
 82    42.511    32.056  3.388   1 1 4 1 2 4 8 369.430 372.862
 83    25.311    12.689  3.416  19 1 4 1 2 4 8 499.409 502.847
 84    47.778   -12.769  3.037  17 1 4 1 2 4 8 393.142 396.905
 85    -3.143   -13.837  3.069  20 1 4 1 2 4 8 797.414 800.999
 86    12.482   -78.101  3.076   1 1 4 1 2 4 8 195.729 199.526
 87   -21.039    -3.430  3.134  13 1 4 1 2 4 8 369.196 372.883
 88    -3.149   -55.432  3.391  25 1 4 1 2 4 8 249.212 252.966
 89    53.009    84.900  2.984  16 1 4 1 2 4 8 462.965 466.547
 90    35.638   -47.552  3.180  -5 1 4 1 2 4 8 366.698 370.451
 91    43.427   -18.439  3.300  18 1 4 1 2 4 8 107.974 111.530
 92     6.598   -54.578  3.422  17 1 4 1 2 4 8 825.416 829.011
 93    87.952    94.012  3.119  15 1 4 1 2 4 8 571.589 575.185
 94    39.105   -48.743  3.161  13 1 4 1 2 4 8 539.660 543.109
 95   -48.340   -26.477  2.863  15 1 4 1 2 4 8 293.707 297.330
 96    72.003    -9.253  3.385   2 1 4 1 2 4 8 627.390 631.090
 97   -37.732     3.351  3.229   1 1 4 1 2 4 8 570.366 574.077
 98   -65.967   -36.749  3.079   9 1 4 1 2 4 8 370.192 373.952
 99   -16.669   -35.284  2.950 -16 1 4 1 2 4 8 519.678 523.266
100    10.742    -4.669  3.354   6 1 4 1 2 4 8 82.135 85.624
101    15.594    -5.817  3.304 -18 1 4 1 2 4 8 313.216 316.765
102    21.606   -18.109  2.898  24 1 4 1 2 4 8 243.136 246.831
103     9.784    49.280  2.980  24 1 4 1 2 4 8 453.847 457.329
104    94.147    -4.492  3.132  -9 1 4 1 2 4 8 791.711 795.173
105    10.382   -16.302  3.000  19 1 4 1 2 4 8 358.406 362.203
106    -1.453    -0.861  3.257  12 1 4 1 2 4 8 793.133 796.683
107    -6.219    25.305  3.135 -22 1 4 1 2 4 8 621.496 625.243
108    -6.250    10.217  3.247 -13 1 4 1 2 4 8 547.600 551.151
109   -17.444   -70.795  2.901  20 1 4 1 2 4 8 155.634 159.418
110   -55.090   -43.854  3.190  25 1 4 1 2 4 8 692.430 695.995
111    -9.442    23.724  3.171  -1 1 4 1 2 4 8 605.864 609.432
112     8.978    35.406  3.203  24 1 4 1 2 4 8 796.566 800.364
113   -16.754    -0.812  2.878  10 1 4 1 2 4 8 197.089 200.572
114    66.852   -37.842  3.131  22 1 4 1 2 4 8 349.684 353.124
115    14.716   -23.724  2.886  14 1 4 1 2 4 8 693.537 697.000
116    33.472    20.026  3.214  12 1 4 1 2 4 8 448.789 452.431
117    66.394   -70.111  3.001 -23 1 4 1 2 4 8 663.725 667.435
118    -5.664     8.881  3.213  14 1 4 1 2 4 8 425.549 429.245
119    -5.103   -46.729  3.065  23 1 4 1 2 4 8 319.752 323.229
120    -8.826    55.743  3.142  25 1 4 1 2 4 8 329.971 333.548
121     5.847    -3.186  3.318  -5 1 4 1 2 4 8 443.908 447.599
122   -25.726   -37.695  3.281  -7 1 4 1 2 4 8 811.132 814.854
123   -15.363   -24.548  3.186  25 1 4 1 2 4 8 104.354 107.899
124    43.793   -11.102  3.244 -11 1 4 1 2 4 8 190.592 194.248
125    17.664   -25.604  2.886  18 1 4 1 2 4 8 739.266 742.922
126   -39.624    54.883  3.235  18 1 4 1 2 4 8 283.846 287.592
127   -24.554   -43.225  3.086   1 1 4 1 2 4 8 673.802 677.550
128   -26.892   -12.738  2.962  -7 1 4 1 2 4 8 131.375 134.889
129    34.155   -38.458  3.047  22 1 4 1 2 4 8 801.500 805.022
130   -47.314   -29.468  3.153   7 1 4 1 2 4 8 459.623 463.320
131    49.365   -25.592  3.359  -3 1 4 1 2 4 8 73.814 77.341
132     3.705   -16.449  3.371  18 1 4 1 2 4 8 355.283 358.881
133    22.430   -23.273  3.096  -8 1 4 1 2 4 8 515.127 518.581
134   -37.549   -29.608  3.002   6 1 4 1 2 4 8 151.144 154.903
135    25.549     3.674  3.240  -7 1 4 1 2 4 8 509.950 513.640
136   -15.216     3.284  3.218  20 1 4 1 2 4 8 721.432 725.086
137   -12.939    -7.495  3.394  10 1 4 1 2 4 8 440.013 443.792
138   -22.107    26.434  3.030   2 1 4 1 2 4 8 123.356 126.786
139   -17.944     7.733  3.392   3 1 4 1 2 4 8 230.125 233.706
140   -21.234    14.490  3.040  10 1 4 1 2 4 8 340.421 344.189
141     3.503   -19.708  2.985  -5 1 4 1 2 4 8 361.026 364.806
142    32.599   -14.935  2.892  25 1 4 1 2 4 8 700.476 703.974
143    -5.737   -28.296  3.216  23 1 4 1 2 4 8 723.504 727.228
144    -6.128   -39.624  3.023 -21 1 4 1 2 4 8 820.150 823.745
145    -2.460    12.817  2.918  13 1 4 1 2 4 8 126.759 130.288
146    -6.470     8.466  3.147   1 1 4 1 2 4 8 216.129 219.604
147   -37.891   -36.115  3.121  11 1 4 1 2 4 8 592.038 595.581
148    10.852   -18.750  3.281   6 1 4 1 2 4 8 885.235 888.987
149    50.104     8.636  3.259   9 1 4 1 2 4 8 283.364 286.992
150    46.844     4.712  3.306  17 1 4 1 2 4 8 841.154 844.808
151    19.598   -10.406  3.241  13 1 4 1 2 4 8 899.632 903.275
152   -38.947    52.942  3.124  23 1 4 1 2 4 8 723.825 727.601
153    -0.641   -21.289  3.074  19 1 4 1 2 4 8 729.939 733.584
154    40.906   -33.765  2.899 -11 1 4 1 2 4 8 877.541 881.241
155    -0.574   -62.299  3.384 -12 1 4 1 2 4 8 279.254 282.691
156    -9.778    26.794  2.950  18 1 4 1 2 4 8 427.393 430.938
157    34.265   -23.895  3.095  25 1 4 1 2 4 8 108.711 112.156
158    29.572   -24.561  3.280  13 1 4 1 2 4 8 753.180 756.814
159    16.376   -58.887  3.173  24 1 4 1 2 4 8 671.029 674.673
160    61.877   -15.167  3.353   5 1 4 1 2 4 8 228.743 232.238
161    40.088    -9.625  3.402  14 1 4 1 2 4 8 660.691 664.449
162     0.122    -4.645  3.300  18 1 4 1 2 4 8 218.586 222.238
163    -8.929   -43.903  3.081  25 1 4 1 2 4 8 169.089 172.569
164    -7.135   -57.434  3.266  11 1 4 1 2 4 8 683.162 686.899
165     7.550   -21.210  3.048 -18 1 4 1 2 4 8 650.222 654.004
166     3.949     7.300  3.126  23 1 4 1 2 4 8 861.648 865.202
167   -15.118    92.023  3.079  22 1 4 1 2 4 8 427.664 431.405
168    84.821   -24.518  3.370  20 1 4 1 2 4 8 732.347 736.123
169   -52.325    30.682  3.397 -11 1 4 1 2 4 8 618.358 622.129
170     7.538    13.818  2.992  11 1 4 1 2 4 8 712.803 716.381
171   -21.484    30.359  3.324  19 1 4 1 2 4 8 285.675 289.374
172    36.047    29.883  3.017  13 1 4 1 2 4 8 331.341 334.950
173    12.781   -40.942  3.353  24 1 4 1 2 4 8 654.844 658.556
174   -17.291   -10.254  3.220   6 1 4 1 2 4 8 158.111 161.918
175   -10.541    12.402  3.421   5 1 4 1 2 4 8 816.950 820.708
176   -15.845   -59.460  3.114  24 1 4 1 2 4 8 780.905 784.690
177    29.266    -2.222  3.211   7 1 4 1 2 4 8 798.006 801.626
178   -12.598   -58.929  3.136  13 1 4 1 2 4 8 295.741 299.172
179   -17.303   -35.297  3.227  25 1 4 1 2 4 8 629.475 633.097
180    57.050   -50.354  3.282 -15 1 4 1 2 4 8 157.044 160.839
181    26.941    17.444  3.403  15 1 4 1 2 4 8 869.597 873.137
182    -6.195    -8.881  3.251  16 1 4 1 2 4 8 163.391 166.839
183    16.980   -16.321  3.258   5 1 4 1 2 4 8 890.166 893.824
184    83.710   -32.520  3.073  15 1 4 1 2 4 8 417.968 421.436
185    12.451    34.589  2.973  24 1 4 1 2 4 8 548.780 552.434
186    15.057    67.004  3.176  15 1 4 1 2 4 8 646.081 649.517
187    25.818    -5.835  3.031   9 1 4 1 2 4 8 550.320 553.851
188    13.666   -14.832  3.071 -19 1 4 1 2 4 8 154.345 158.022
189    48.322    -5.164  3.313 -15 1 4 1 2 4 8 361.783 365.438
190    13.489    19.739  3.348  -2 1 4 1 2 4 8 102.324 105.958
191   -18.512    65.405  3.205   3 1 4 1 2 4 8 812.929 816.682
192    17.554    38.379  3.374  18 1 4 1 2 4 8 422.329 425.927
193    37.775   -16.003  3.216  20 1 4 1 2 4 8 614.984 618.580
194    47.968   -30.310  3.376 -14 1 4 1 2 4 8 781.528 785.210
195    38.806    36.243  3.403  10 1 4 1 2 4 8 360.797 364.592
196   -16.089   -42.841  3.421   6 1 4 1 2 4 8 72.540 76.227
197    28.656    -1.990  3.142  17 1 4 1 2 4 8 492.612 496.149
198    -5.859    -1.862  3.038  20 1 4 1 2 4 8 779.612 783.392
199    60.516    63.416  3.182  -3 1 4 1 2 4 8 488.636 492.137
200    63.196   -47.766  3.183 -14 1 4 1 2 4 8 694.616 698.359
201   -15.308   -23.285  3.148  12 1 4 1 2 4 8 491.606 495.355
202    -2.875     0.787  2.967   2 1 4 1 2 4 8 834.412 838.073
203    32.056   -10.175  2.952 -11 1 4 1 2 4 8 192.262 195.726
204   -18.634   -25.665  2.947  16 1 4 1 2 4 8 210.412 214.080
205    -3.632    25.433  2.967  18 1 4 1 2 4 8 514.598 518.084
206    10.480    22.888  3.383  14 1 4 1 2 4 8 394.310 397.826
207     1.819    -3.009  2.962   6 1 4 1 2 4 8 71.534 75.066
208   -25.275   -12.183  3.314 -12 1 4 1 2 4 8 669.632 673.146
209    56.927   -75.507  3.415  21 1 4 1 2 4 8 747.185 750.940
210    13.885   -36.230  3.413   1 1 4 1 2 4 8 707.810 711.350
211    32.520   -29.523  2.956  18 1 4 1 2 4 8 238.364 241.890
212     4.803    -7.288  2.933  17 1 4 1 2 4 8 74.065 77.766
213    11.365    -8.344  3.153  15 1 4 1 2 4 8 735.668 739.224
214    17.126   -24.646  3.003  -4 1 4 1 2 4 8 792.132 795.923
215   -33.661   -41.241  3.055 -18 1 4 1 2 4 8 564.016 567.754
216   -32.391   -50.885  3.192  22 1 4 1 2 4 8 343.960 347.502
217    23.041   -14.496  3.313  16 1 4 1 2 4 8 455.672 459.360
218   -21.857   -39.502  3.394  14 1 4 1 2 4 8 103.369 106.979
219    32.013    77.332  3.099 -25 1 4 1 2 4 8 722.826 726.505
220    13.831   -76.190  3.259  15 1 4 1 2 4 8 153.929 157.674
221    -8.051   -21.179  2.907   6 1 4 1 2 4 8 879.814 883.559
222    25.391    46.613  2.910   7 1 4 1 2 4 8 578.471 582.068
223    49.536   -54.639  3.039  21 1 4 1 2 4 8 336.190 339.650
224    63.416    -8.636  3.155   3 1 4 1 2 4 8 507.839 511.543
225     2.301    -5.536  3.403  15 1 4 1 2 4 8 754.244 757.921
226    52.423    29.895  3.296 -24 1 4 1 2 4 8 199.633 203.334
227     9.296   -16.254  3.375   2 1 4 1 2 4 8 534.111 537.686
228    34.845   -96.185  3.304  17 1 4 1 2 4 8 765.921 769.679
229   -21.063   -41.498  3.235   2 1 4 1 2 4 8 821.154 824.631
230    28.448    10.242  3.126  25 1 4 1 2 4 8 540.938 544.635
231    16.254   -22.583  2.891  15 1 4 1 2 4 8 43.775 47.398
232   -36.639   -34.033  3.413   3 1 4 1 2 4 8 229.584 233.083
233   -27.356   -50.177  3.144   1 1 4 1 2 4 8 587.262 591.011
234   -53.705    11.334  3.238   1 1 4 1 2 4 8 112.385 116.003
235    26.276    -5.994  3.360  20 1 4 1 2 4 8 890.400 893.863
236   -31.519    34.589  3.126  19 1 4 1 2 4 8 450.083 453.611
237   -14.612   -31.506  2.959  -2 1 4 1 2 4 8 545.964 549.561
238    -4.242   -30.865  3.294   9 1 4 1 2 4 8 671.275 675.011
239   -18.524   -29.486  2.974   4 1 4 1 2 4 8 714.239 718.043
240   -17.133   -19.397  3.358  16 1 4 1 2 4 8 494.606 498.303
241    34.430   -17.151 0.000   0 0 0 0.000 951.660
242     0.269    -8.154 0.000   0 0 0 0.000 951.660
243     3.140    13.297 0.000   0 0 0 0.000 951.660
244    -3.113   -29.745 0.000   0 0 0 0.000 951.660
