6 6 288 4
400 175
400 175
400 175
400 175
  1   -66.174   -37.811  3.095  19 1 4 1 2 4 8 673.782 677.545
  2     2.673   -35.223  3.127  21 1 4 1 2 4 8 904.893 908.497
  3    38.751     8.618  3.307  17 1 4 1 2 4 8 239.740 243.359
  4    62.653    20.667  2.948   6 1 4 1 2 4 8 324.314 328.191
  5    60.974    -6.110  3.240   6 1 4 1 2 4 8 511.063 514.629
  6   -98.535   -39.532  2.991 -19 1 4 1 2 4 8 483.147 487.046
  7     8.411   -81.274  3.489  17 1 4 1 2 4 8 779.935 783.475
  8   -14.569    26.056  3.503  19 1 4 1 2 4 8 586.903 590.727
  9   -34.186   -76.697  3.378   2 1 4 1 2 4 8 436.581 440.383
 10    55.145   -33.911  3.268   3 1 4 1 2 4 8 147.921 151.821
 11    15.869     8.716  3.521  24 1 4 1 2 4 8 420.236 423.948
 12   -63.416   -20.282  3.379   5 1 4 1 2 4 8 120.191 124.012
 13    -9.357   -42.212  3.268   9 1 4 1 2 4 8 531.168 534.969
 14   -53.619     3.729  3.397  20 1 4 1 2 4 8 759.712 763.312
 15    53.491    -3.308  2.978  19 1 4 1 2 4 8 538.200 541.981
 16   -22.614   -32.794  3.083 -20 1 4 1 2 4 8 597.023 600.692
 17    39.612    -1.550  3.007   4 1 4 1 2 4 8 744.387 748.217
 18    16.705   -22.748  3.104   3 1 4 1 2 4 8 418.170 421.974
 19   -51.245   -13.757  3.290   2 1 4 1 2 4 8 453.793 457.362
 20   -29.907    14.380  2.966 -23 1 4 1 2 4 8 800.677 804.294
 21   -70.441   -27.911  3.468   6 1 4 1 2 4 8 591.200 594.815
 22   -75.385   -30.811  3.114  17 1 4 1 2 4 8 426.888 430.441
 23    10.590   -28.931  2.953  17 1 4 1 2 4 8 471.524 475.390
 24    86.340   -45.935  3.369   3 1 4 1 2 4 8 663.351 667.232
 25     3.864    34.583  3.322  16 1 4 1 2 4 8 413.504 417.191
 26   -37.598   -42.114  2.992  15 1 4 1 2 4 8 410.662 414.338
 27    69.440     1.379  3.213  23 1 4 1 2 4 8 730.189 734.080
 28   -13.818     1.245  3.184  15 1 4 1 2 4 8 338.239 342.111
 29   -27.124   -38.037  3.286  12 1 4 1 2 4 8 494.865 498.459
 30   -69.348   -14.734  3.465  19 1 4 1 2 4 8 593.222 596.971
 31    58.575    29.346  3.466  23 1 4 1 2 4 8 719.133 722.686
 32    58.105    31.702  3.315  10 1 4 1 2 4 8 709.586 713.481
 33   -62.250   -16.425  3.350 -23 1 4 1 2 4 8 106.654 110.314
 34   -66.382    13.586  3.275  22 1 4 1 2 4 8 620.693 624.221
 35    68.030   -12.482  3.466  -4 1 4 1 2 4 8 642.080 645.854
 36   -30.701   -41.681  3.488   5 1 4 1 2 4 8 203.828 207.518
 37   -55.389   -51.050  3.354  -1 1 4 1 2 4 8 225.740 229.482
 38    36.237    -2.655  2.970  11 1 4 1 2 4 8 281.726 285.330
 39    -1.215     5.591  3.486  20 1 4 1 2 4 8 514.722 518.526
 40    10.278   -23.950  3.040  25 1 4 1 2 4 8 316.351 319.904
 41    -7.159    36.859  3.147  18 1 4 1 2 4 8 530.776 534.306
 42   -90.204    61.169  3.200   4 1 4 1 2 4 8 618.214 621.987
 43    46.368    65.082  3.377  10 1 4 1 2 4 8 421.681 425.417
 44    13.348    31.372  2.943 -17 1 4 1 2 4 8 429.091 432.701
 45   -73.566   -28.839  3.035  -7 1 4 1 2 4 8 697.541 701.131
 46   -41.528   -37.097  3.031  -4 1 4 1 2 4 8 224.187 227.934
 47   -60.938   -27.246  3.445   3 1 4 1 2 4 8 453.059 456.779
 48    38.312    54.376  3.408  12 1 4 1 2 4 8 714.391 718.039
 49    26.306    11.975  2.995 -13 1 4 1 2 4 8 823.761 827.493
 50    10.297   -48.346  2.950  24 1 4 1 2 4 8 145.954 149.829
 51    52.417   -28.363  3.071  16 1 4 1 2 4 8 841.716 845.541
 52   -43.756   -39.343  3.098   2 1 4 1 2 4 8 711.758 715.482
 53    49.316    11.395  3.181   7 1 4 1 2 4 8 361.076 364.776
 54    45.593     4.346  3.198  15 1 4 1 2 4 8 452.222 455.979
 55   -25.989   -15.814  3.164  12 1 4 1 2 4 8 265.895 269.709
 56    65.253   -59.631  3.344  15 1 4 1 2 4 8 561.626 565.433
 57    12.109   -34.387  3.448  17 1 4 1 2 4 8 358.728 362.363
 58    12.390   -16.254  2.984 -16 1 4 1 2 4 8 240.006 243.900
 59     0.525    69.611  3.491   1 1 4 1 2 4 8 398.129 402.040
 60    -8.679     7.770  3.318   9 1 4 1 2 4 8 556.382 560.185
 61    41.467   -35.016  2.982   4 1 4 1 2 4 8 155.423 159.188
 62    11.859   -34.973  3.140   3 1 4 1 2 4 8 222.015 225.876
 63    -1.306   -58.063  2.996  -1 1 4 1 2 4 8 248.145 251.970
 64     6.024   -31.018  3.227   4 1 4 1 2 4 8 587.672 591.523
 65     1.788   -32.544  3.121  -6 1 4 1 2 4 8 884.600 888.271
 66    29.272    -6.494  3.351   1 1 4 1 2 4 8 710.340 713.965
 67    23.950    10.742  3.501  19 1 4 1 2 4 8 207.934 211.707
 68   -65.887    40.912  3.329   1 1 4 1 2 4 8 668.813 672.690
 69   -10.095    26.257  3.212  -2 1 4 1 2 4 8 642.418 646.334
 70    58.093    67.352  3.289  25 1 4 1 2 4 8 761.802 765.700
 71    90.015     9.485  3.455   4 1 4 1 2 4 8 214.488 218.030
 72    -6.622    15.216  3.040  -4 1 4 1 2 4 8 480.595 484.384
 73    -2.875   -42.841  3.114  13 1 4 1 2 4 8 591.042 594.911
 74   -37.714    -7.306  3.146 -18 1 4 1 2 4 8 421.285 425.173
 75    44.171   -11.224  2.951   9 1 4 1 2 4 8 406.351 410.215
 76   -58.704    -2.808  3.102  -5 1 4 1 2 4 8 192.802 196.694
 77    -3.912    10.071  3.438  12 1 4 1 2 4 8 198.222 202.014
 78   -41.370    -1.495  3.469  22 1 4 1 2 4 8 634.113 637.928
 79    58.179    27.563  3.201   9 1 4 1 2 4 8 133.322 136.929
 80   -63.861    26.147  3.283  11 1 4 1 2 4 8 755.010 758.860
 81   -56.793   -15.918  3.288   6 1 4 1 2 4 8 376.012 379.674
 82    22.217   -27.509  2.999  19 1 4 1 2 4 8 276.849 280.675
 83    -1.031   -14.838  2.975  10 1 4 1 2 4 8 742.892 746.575
 84   -57.703   -10.480  3.136  -1 1 4 1 2 4 8 491.256 494.854
 85    80.847     6.299  3.085  10 1 4 1 2 4 8 325.890 329.774
 86     2.887    10.822  3.487  20 1 4 1 2 4 8 293.121 296.838
 87   -37.390    -7.800  3.487  18 1 4 1 2 4 8 389.403 393.119
 88   -33.600   -26.740  3.039   1 1 4 1 2 4 8 625.119 628.947
 89    95.197    24.231  3.349  11 1 4 1 2 4 8 515.358 518.893
 90   -13.904    29.327  3.395  20 1 4 1 2 4 8 535.103 538.986
 91   -53.461     9.296  3.071  12 1 4 1 2 4 8 773.501 777.065
 92    67.578    13.007  2.999  17 1 4 1 2 4 8 617.631 621.341
 93   -83.881   -53.265  3.385  16 1 4 1 2 4 8 299.046 302.922
 94    30.255   -72.430  3.248   3 1 4 1 2 4 8 748.026 751.829
 95   -22.333   -20.538  3.294  14 1 4 1 2 4 8 888.093 891.654
 96     3.741   -35.461  3.008  12 1 4 1 2 4 8 423.813 427.361
 97   -20.093   -43.982  3.265   9 1 4 1 2 4 8 159.560 163.377
 98   -47.687   -21.100  3.299   1 1 4 1 2 4 8 627.082 630.646
 99   -20.447   -13.849  3.300  -7 1 4 1 2 4 8 563.045 566.830
100    34.515     3.967  3.158   7 1 4 1 2 4 8 221.984 225.659
101    20.514   -11.884  3.003   5 1 4 1 2 4 8 807.817 811.498
102   -46.039   -22.565  3.224   9 1 4 1 2 4 8 130.744 134.389
103   -39.630    25.385  3.145  15 1 4 1 2 4 8 318.253 322.083
104    -1.025    50.433  3.080   4 1 4 1 2 4 8 862.155 865.795
105   -28.632    23.486  3.060  10 1 4 1 2 4 8 400.180 403.721
106   -52.997   -16.248  3.514  21 1 4 1 2 4 8 327.264 330.996
107    -3.345   -22.955  3.024   2 1 4 1 2 4 8 334.111 337.800
108   -62.640   -26.349  3.202   6 1 4 1 2 4 8 405.303 409.064
109    25.403     0.531  3.497   1 1 4 1 2 4 8 684.247 687.881
110   -29.895    72.919  3.328  23 1 4 1 2 4 8 113.375 116.931
111    26.630     1.971  3.304  24 1 4 1 2 4 8 314.580 318.172
112    -9.814    35.004  3.452  16 1 4 1 2 4 8 642.839 646.575
113    -7.758   -42.426  3.388 -18 1 4 1 2 4 8 187.593 191.477
114    28.918    -7.117  3.442  -1 1 4 1 2 4 8 369.987 373.562
115    47.693    36.108  3.117   1 1 4 1 2 4 8 336.961 340.550
116   -53.168     5.206  3.263  21 1 4 1 2 4 8 158.250 161.821
117    17.560    13.214  3.080   8 1 4 1 2 4 8 415.378 419.199
118     6.836    -2.496  3.368  22 1 4 1 2 4 8 506.860 510.578
119   -17.322    97.260  3.004 -23 1 4 1 2 4 8 826.327 829.997
120    22.406    26.532  3.429  11 1 4 1 2 4 8 139.174 143.022
121   -73.090   -13.251  3.286  15 1 4 1 2 4 8 671.212 675.024
122   -64.996    -4.578  3.157  14 1 4 1 2 4 8 503.831 507.745
123   -34.906   -43.903  3.191  16 1 4 1 2 4 8 101.691 105.273
124   -92.346    -4.517  3.104  25 1 4 1 2 4 8 751.666 755.338
125     0.647    -8.496  3.163 -12 1 4 1 2 4 8 284.943 288.842
126     5.048   -37.323  3.003   9 1 4 1 2 4 8 128.055 131.721
127   -19.080   -14.178  3.346 -20 1 4 1 2 4 8 165.458 169.229
128   -71.704   -11.450  3.198  22 1 4 1 2 4 8 765.753 769.333
129   -45.581   -28.717  3.186  13 1 4 1 2 4 8 464.076 467.775
130   -28.351   -23.914  3.140 -24 1 4 1 2 4 8 399.572 403.488
131   -16.486    30.920  3.208  13 1 4 1 2 4 8 819.555 823.328
132   -83.423   -20.935  3.519   4 1 4 1 2 4 8 404.802 408.644
133   -12.054   -20.612  3.195  22 1 4 1 2 4 8 448.956 452.696
134    -7.184   -63.721  3.116  18 1 4 1 2 4 8 574.017 577.816
135    34.546    -8.881  3.356  25 1 4 1 2 4 8 214.698 218.404
136    -4.865    73.694  3.386  19 1 4 1 2 4 8 336.475 340.113
137   -36.005    -3.876  3.267   8 1 4 1 2 4 8 499.422 503.122
138   -28.400   -21.820  2.966  13 1 4 1 2 4 8 567.329 571.226
139   -56.281   -15.112  3.518   1 1 4 1 2 4 8 576.992 580.627
140   -11.017    42.151  3.494   1 1 4 1 2 4 8 294.276 298.018
141   -63.092   -62.573  3.444   5 1 4 1 2 4 8 725.539 729.102
142    29.486    79.944  2.954   2 1 4 1 2 4 8 465.663 469.207
143   -65.674    -0.238  3.242  22 1 4 1 2 4 8 108.440 112.056
144    46.130   -20.416  3.261   3 1 4 1 2 4 8 586.724 590.449
145     1.575   -16.364  3.468   2 1 4 1 2 4 8 776.737 780.372
146    40.277    -1.379  3.285   6 1 4 1 2 4 8 717.579 721.145
147   -15.271    42.249  3.371  19 1 4 1 2 4 8 687.617 691.332
148    33.215   -16.614  3.198   5 1 4 1 2 4 8 610.378 613.937
149   -72.388    13.074  2.967  25 1 4 1 2 4 8 771.812 775.703
150   -24.487     5.273  3.065   9 1 4 1 2 4 8 885.492 889.397
151    -6.598   -30.957  3.301 -20 1 4 1 2 4 8 753.564 757.097
152    31.287    21.332  3.287  11 1 4 1 2 4 8 203.982 207.676
153    20.557     0.378  3.153  18 1 4 1 2 4 8 416.390 420.180
154   -67.200   -41.339  3.118  25 1 4 1 2 4 8 261.479 265.380
155    22.168   -40.375  2.953 -22 1 4 1 2 4 8 807.145 810.972
156    31.165     2.222  3.494  25 1 4 1 2 4 8 825.840 829.672
157    74.634    30.219  3.381  14 1 4 1 2 4 8 279.393 283.146
158    60.699    81.116  3.105  21 1 4 1 2 4 8 294.384 298.284
159   -60.736    24.133  3.300   1 1 4 1 2 4 8 140.978 144.734
160     1.978    17.517  3.484   9 1 4 1 2 4 8 790.691 794.455
161   -80.566   -38.196  3.063   2 1 4 1 2 4 8 274.846 278.554
162   -49.927   -36.713  2.954   2 1 4 1 2 4 8 264.987 268.809
163   -60.449   -27.820  3.151  -4 1 4 1 2 4 8 147.213 151.083
164   -78.748   -44.226  3.181  15 1 4 1 2 4 8 334.743 338.319
165    54.260    -9.259  3.121  11 1 4 1 2 4 8 120.779 124.381
166   -42.059   -26.636  3.091  15 1 4 1 2 4 8 489.466 493.201
167   -57.336   -16.718  3.424  15 1 4 1 2 4 8 338.732 342.439
168    -1.276   -13.330  3.149  16 1 4 1 2 4 8 358.759 362.350
169   -24.158    39.197  3.201  14 1 4 1 2 4 8 106.679 110.267
170    17.908   -40.442  3.217 -25 1 4 1 2 4 8 717.230 721.057
171    59.833    -3.674  3.150   9 1 4 1 2 4 8 523.924 527.833
172    -3.510     6.256  3.061  23 1 4 1 2 4 8 148.817 152.463
173    40.167     8.594  3.486  16 1 4 1 2 4 8 734.239 738.019
174    -1.691   -54.376  3.011  10 1 4 1 2 4 8 70.966 74.493
175   -36.035   -17.065  3.478   4 1 4 1 2 4 8 230.597 234.337
176     7.275    -4.144  3.354  25 1 4 1 2 4 8 213.851 217.462
177    30.219    -6.830  3.071  20 1 4 1 2 4 8 658.002 661.669
178   -26.379   -63.055  3.289  -5 1 4 1 2 4 8 296.951 300.794
179    28.772    -0.031  3.244 -19 1 4 1 2 4 8 565.714 569.276
180     2.625     5.072  3.227   2 1 4 1 2 4 8 903.791 907.553
181     3.595   -21.600  3.059  13 1 4 1 2 4 8 436.516 440.131
182   -64.948   -10.956  3.337  19 1 4 1 2 4 8 172.748 176.526
183    18.671   -41.010  3.352  -2 1 4 1 2 4 8 464.912 468.699
184    29.291    12.799  3.463 -16 1 4 1 2 4 8 701.485 705.266
185     4.529    26.654  3.206   2 1 4 1 2 4 8 381.907 385.659
186    25.360    29.718  3.365   6 1 4 1 2 4 8 816.290 820.064
187    57.349   -15.405  3.036  -3 1 4 1 2 4 8 353.065 356.826
188   -11.566   -19.012  3.344  20 1 4 1 2 4 8 790.768 794.494
189   -45.441   -71.808  3.334  13 1 4 1 2 4 8 396.559 400.252
190     2.197    -3.564  3.087   9 1 4 1 2 4 8 409.512 413.172
191    -1.855   -24.475  3.306   5 1 4 1 2 4 8 635.676 639.335
192   -59.851   -48.938  3.436 -15 1 4 1 2 4 8 443.879 447.651
193    70.081   -17.816  3.521 -22 1 4 1 2 4 8 466.620 470.216
194    -4.932    28.754  3.241  18 1 4 1 2 4 8 514.982 518.891
195   -46.625   -23.529  3.076  21 1 4 1 2 4 8 519.316 522.944
196   -49.872   -35.339  3.004 -16 1 4 1 2 4 8 130.721 134.346
197   -67.499     8.142  3.508  22 1 4 1 2 4 8 783.815 787.593
198    31.195   -18.243  3.029 -23 1 4 1 2 4 8 879.197 882.778
199   -42.139   -52.704  3.436   1 1 4 1 2 4 8 574.358 578.011
200   -15.094    18.933  3.038   1 1 4 1 2 4 8 396.869 400.519
201   -78.625   -24.341  3.204  13 1 4 1 2 4 8 737.637 741.184
202    51.471    -9.607  3.501  14 1 4 1 2 4 8 723.555 727.125
203    29.987   -31.061  3.217  18 1 4 1 2 4 8 502.879 506.456
204    46.741     1.453  3.091   5 1 4 1 2 4 8 832.852 836.497
205   -52.954    31.738  3.422  24 1 4 1 2 4 8 250.402 254.114
206    10.535   -61.432  3.259  11 1 4 1 2 4 8 768.551 772.405
207   -15.948   -56.012  3.391  -5 1 4 1 2 4 8 88.795 92.362
208    -7.776   -54.730  2.975   1 1 4 1 2 4 8 704.013 707.773
209    11.047   -20.905  3.149  21 1 4 1 2 4 8 150.127 153.843
210   -24.359   -23.047  3.000   6 1 4 1 2 4 8 489.071 492.702
211     2.948   -20.398  3.171   6 1 4 1 2 4 8 360.418 363.954
212   -82.654    24.323  3.273   5 1 4 1 2 4 8 246.573 250.204
213   -12.134    42.065  2.961  23 1 4 1 2 4 8 865.998 869.813
214   -98.035   -36.359  3.496 -16 1 4 1 2 4 8 372.564 376.410
215   -61.102   -13.477  3.411  18 1 4 1 2 4 8 731.212 734.955
216   -39.136     6.287  3.417  10 1 4 1 2 4 8 693.203 696.745
217    41.180     7.971  3.220   9 1 4 1 2 4 8 558.751 562.508
218     4.254    19.830  3.036  18 1 4 1 2 4 8 388.808 392.564
219   -34.143   -37.915  3.054  22 1 4 1 2 4 8 892.993 896.750
220    -4.559    23.566  3.124  24 1 4 1 2 4 8 138.238 142.150
221    37.891    -1.947  3.417  15 1 4 1 2 4 8 862.417 866.191
222    78.259    15.936  3.380   6 1 4 1 2 4 8 214.225 217.782
223    -8.661   -25.110  3.144  12 1 4 1 2 4 8 520.890 524.705
224    10.071    37.164  3.444 -19 1 4 1 2 4 8 308.946 312.474
225   -42.621   -46.985  3.173  19 1 4 1 2 4 8 697.855 701.650
226    92.157   -94.183  3.166  17 1 4 1 2 4 8 615.307 618.862
227    32.202   -39.844  3.142  22 1 4 1 2 4 8 628.787 632.365
228   -55.231   -15.027  3.403  25 1 4 1 2 4 8 519.656 523.565
229   -26.746   -21.490  3.408  11 1 4 1 2 4 8 764.169 767.818
230   -75.513    -0.708  3.152 -23 1 4 1 2 4 8 150.431 154.139
231    34.021    12.665  3.207 -10 1 4 1 2 4 8 871.364 875.028
232    -2.643   -20.831  3.501  17 1 4 1 2 4 8 344.951 348.665
233    53.369    13.770  3.136  -6 1 4 1 2 4 8 776.818 780.383
234   -14.948   -40.259  3.368 -20 1 4 1 2 4 8 675.188 678.712
235    67.828     5.750  3.391   6 1 4 1 2 4 8 504.124 507.938
236   -13.220   -26.031  3.311   4 1 4 1 2 4 8 662.088 665.890
237     4.169   -32.617  3.327  25 1 4 1 2 4 8 632.688 636.383
238   -26.050   -33.313  3.222  -7 1 4 1 2 4 8 864.120 867.740
239    31.964   -45.703  3.353  11 1 4 1 2 4 8 865.463 869.371
240    96.820    26.208  2.997  14 1 4 1 2 4 8 774.068 777.627
241   -44.696   -37.854  3.052  14 1 4 1 2 4 8 430.988 434.803
242    33.417    11.792  3.451 -15 1 4 1 2 4 8 590.714 594.336
243   -35.187    19.226  3.506   2 1 4 1 2 4 8 847.859 851.679
244   -14.233   -74.988  3.087  14 1 4 1 2 4 8 693.464 697.327
245    37.158    -0.836  3.379 -17 1 4 1 2 4 8 712.176 715.871
246   -51.697   -26.447  3.349 -24 1 4 1 2 4 8 725.272 728.909
247    23.535     5.896  3.230  10 1 4 1 2 4 8 886.525 890.426
248   -18.433    53.711  3.094 -20 1 4 1 2 4 8 335.933 339.790
249   -11.340   -17.621  3.278  11 1 4 1 2 4 8 61.314 64.952
250    -7.812   -35.895  3.305 -16 1 4 1 2 4 8 211.912 215.780
251     3.522    26.941  3.223   3 1 4 1 2 4 8 752.285 755.897
252   -46.588   -22.266  2.948  11 1 4 1 2 4 8 733.321 737.233
253    -2.997    -0.549  3.036  10 1 4 1 2 4 8 164.323 167.909
254    32.147    17.151  3.047 -18 1 4 1 2 4 8 169.482 173.102
255    32.019    13.007  3.187  20 1 4 1 2 4 8 339.166 342.916
256    -6.628    29.889  3.068  24 1 4 1 2 4 8 227.602 231.318
257    77.777   -25.397  3.096  16 1 4 1 2 4 8 339.464 343.066
258    30.707    65.704  3.508   2 1 4 1 2 4 8 806.426 810.317
259   -43.811   -43.036  3.487  14 1 4 1 2 4 8 282.823 286.723
260    49.561    16.827  3.246  10 1 4 1 2 4 8 786.451 790.046
261   -28.931    -0.439  3.299  22 1 4 1 2 4 8 210.357 214.114
262    40.363    16.382  3.154  14 1 4 1 2 4 8 800.639 804.355
263    22.748    40.674  3.288  15 1 4 1 2 4 8 102.881 106.523
264    -1.471     6.567  3.277   7 1 4 1 2 4 8 186.175 189.979
265    -1.190    16.864  3.248  20 1 4 1 2 4 8 490.275 494.000
266     8.032    41.821  3.448   1 1 4 1 2 4 8 134.514 138.304
267   -44.019   -22.784  3.319 -24 1 4 1 2 4 8 498.193 501.797
268    12.366   -11.353  3.324  22 1 4 1 2 4 8 508.559 512.298
269    33.276    15.881  3.371  23 1 4 1 2 4 8 848.937 852.682
270   -34.790   -15.045  3.131  20 1 4 1 2 4 8 280.179 283.722
271   -96.857   -19.391  3.274  15 1 4 1 2 4 8 518.310 522.020
272    38.434    -5.353  2.941  14 1 4 1 2 4 8 161.113 164.728
273   -25.391     0.220  3.066  12 1 4 1 2 4 8 155.805 159.492
274     0.848   -31.860  3.123   4 1 4 1 2 4 8 790.815 794.479
275   -24.023    95.691  3.209  15 1 4 1 2 4 8 261.222 264.895
276    -4.272    35.468  3.397  12 1 4 1 2 4 8 292.410 296.026
277    -6.927     1.855  3.334  -8 1 4 1 2 4 8 323.234 326.935
278   -70.953    -3.217  3.108   2 1 4 1 2 4 8 689.278 692.907
279   -32.648   -16.522  3.175  24 1 4 1 2 4 8 542.016 545.563
280    42.859   -21.680  2.955   5 1 4 1 2 4 8 374.091 377.749
281     5.182     6.403  3.465   8 1 4 1 2 4 8 365.408 369.181
282    36.920    -4.987  3.481  21 1 4 1 2 4 8 417.576 421.344
283    49.591    27.783  3.140  -5 1 4 1 2 4 8 767.193 770.790
284    45.038    10.785  3.218  16 1 4 1 2 4 8 421.243 424.835
285     7.690    14.056  3.067   8 1 4 1 2 4 8 615.573 619.440
286   -60.907    18.640  3.295  24 1 4 1 2 4 8 445.295 449.143
287   -64.496     8.923  3.266 -23 1 4 1 2 4 8 315.585 319.378
288    37.158   -14.990  2.963  -6 1 4 1 2 4 8 645.574 649.426
289     2.277     7.840 0.000   0 0 0 0.000 978.975
290    32.883    -1.779 0.000   0 0 0 0.000 978.975
291   -49.554   -17.828 0.000   0 0 0 0.000 978.975
292     3.690   -26.099 0.000   0 0 0 0.000 978.975
