6 1 72 6
500 200
500 200
500 200
500 200
500 200
500 200
  1   -92.700   -59.180  3.027  20 1 6 1 2 4 8 16 32 310.982 314.384
  2    71.179    12.543  2.876   6 1 6 1 2 4 8 16 32 672.294 675.709
  3    31.537    66.638  2.987 -19 1 6 1 2 4 8 16 32 520.921 524.221
  4    -4.694    25.537  2.625  10 1 6 1 2 4 8 16 32 526.502 529.733
  5   -30.194    67.773  2.691 -18 1 6 1 2 4 8 16 32 518.407 521.775
  6    12.677   -57.471  2.995   1 1 6 1 2 4 8 16 32 447.810 451.204
  7   -32.355   -20.966  2.638  15 1 6 1 2 4 8 16 32 651.332 654.513
  8    19.910    48.975  3.100  23 1 6 1 2 4 8 16 32 182.121 185.463
  9    13.202   -19.135  2.743  13 1 6 1 2 4 8 16 32 205.645 208.975
 10    54.877   -41.168  3.018  12 1 6 1 2 4 8 16 32 209.116 212.503
 11    15.063   -25.171  2.729  -7 1 6 1 2 4 8 16 32 533.242 536.520
 12   -50.598   -16.418  2.958  25 1 6 1 2 4 8 16 32 717.902 721.274
 13   -29.730    17.078  2.850   5 1 6 1 2 4 8 16 32 640.359 643.639
 14    17.542     1.575  2.635   1 1 6 1 2 4 8 16 32 660.560 663.932
 15    11.127    77.216  2.847  25 1 6 1 2 4 8 16 32 669.054 672.222
 16    33.752    71.259  2.895  10 1 6 1 2 4 8 16 32 507.764 511.075
 17   -56.012   -10.394  2.879  -2 1 6 1 2 4 8 16 32 345.592 348.863
 18    57.874   -16.290  2.687   7 1 6 1 2 4 8 16 32 149.073 152.364
 19    10.718   -18.787  2.638  11 1 6 1 2 4 8 16 32 472.442 475.591
 20    53.088   -18.750  3.096   4 1 6 1 2 4 8 16 32 552.463 555.617
 21     1.569     7.532  3.072   6 1 6 1 2 4 8 16 32 678.207 681.527
 22    31.531    48.944  3.008  15 1 6 1 2 4 8 16 32 591.083 594.420
 23   -66.833   -37.854  2.665   7 1 6 1 2 4 8 16 32 476.717 479.902
 24   -70.740    62.244  3.067   8 1 6 1 2 4 8 16 32 613.712 617.040
 25    32.538    23.096  2.711  10 1 6 1 2 4 8 16 32 493.465 496.641
 26   -51.453   -36.444  2.960   9 1 6 1 2 4 8 16 32 620.297 623.689
 27    36.456   -22.638  2.843  -4 1 6 1 2 4 8 16 32 639.941 643.150
 28   -31.207    43.494  2.599   6 1 6 1 2 4 8 16 32 740.256 743.415
 29   -10.388    34.491  2.818  22 1 6 1 2 4 8 16 32 740.373 743.742
 30    14.722   -10.834  2.787  17 1 6 1 2 4 8 16 32 370.485 373.844
 31    47.095   -21.387  2.614   9 1 6 1 2 4 8 16 32 144.012 147.456
 32    43.781    34.766  2.635 -25 1 6 1 2 4 8 16 32 335.697 338.923
 33    53.546   -67.487  3.073  10 1 6 1 2 4 8 16 32 199.535 202.786
 34    26.801    46.515  2.779  18 1 6 1 2 4 8 16 32 236.193 239.465
 35    63.385    11.981  2.890  21 1 6 1 2 4 8 16 32 258.593 261.845
 36    47.192    -5.475  2.754  10 1 6 1 2 4 8 16 32 375.183 378.408
 37   -16.315   -11.267  2.972  23 1 6 1 2 4 8 16 32 743.740 747.045
 38    78.900    17.651  3.062  23 1 6 1 2 4 8 16 32 489.286 492.642
 39    79.822    22.272  2.637  11 1 6 1 2 4 8 16 32 506.120 509.361
 40    12.878    16.919  2.699   1 1 6 1 2 4 8 16 32 644.130 647.552
 41   -67.981    -3.754  2.777 -23 1 6 1 2 4 8 16 32 497.653 500.937
 42     9.198   -18.597  2.725  16 1 6 1 2 4 8 16 32 170.884 174.288
 43   -35.950   -19.141  2.680  10 1 6 1 2 4 8 16 32 556.668 560.014
 44    28.766    45.276  3.077  12 1 6 1 2 4 8 16 32 488.693 491.997
 45    11.469    68.231  2.742  12 1 6 1 2 4 8 16 32 409.026 412.197
 46   -22.760    45.496  2.822   3 1 6 1 2 4 8 16 32 238.989 242.350
 47   -65.674   -23.120  2.994  22 1 6 1 2 4 8 16 32 726.475 729.877
 48     7.239     1.599  2.659 -21 1 6 1 2 4 8 16 32 341.758 345.189
 49   -29.785   -11.285  2.680  13 1 6 1 2 4 8 16 32 82.638 86.063
 50   -89.050    16.211  2.960  15 1 6 1 2 4 8 16 32 669.013 672.197
 51   -46.887    -3.363  2.892  13 1 6 1 2 4 8 16 32 752.146 755.441
 52   -14.972    30.621  2.862 -20 1 6 1 2 4 8 16 32 537.271 540.608
 53   -17.035    49.774  3.099  10 1 6 1 2 4 8 16 32 380.658 383.876
 54    31.635    53.619  2.648  25 1 6 1 2 4 8 16 32 329.821 333.070
 55    -3.577    13.342  3.093   7 1 6 1 2 4 8 16 32 794.868 798.156
 56    33.008    58.960  2.774  15 1 6 1 2 4 8 16 32 312.671 315.899
 57   -92.950    63.263  2.857   2 1 6 1 2 4 8 16 32 393.721 396.888
 58    -9.137   -22.931  3.055  23 1 6 1 2 4 8 16 32 437.162 440.538
 59   -39.960     6.195  2.642   5 1 6 1 2 4 8 16 32 346.539 349.717
 60    28.430   -19.214  2.701  25 1 6 1 2 4 8 16 32 129.512 132.921
 61   -28.540    -3.485  2.991  -9 1 6 1 2 4 8 16 32 439.036 442.367
 62    31.415    36.859  2.628   2 1 6 1 2 4 8 16 32 160.101 163.307
 63   -49.426    60.602  2.952 -24 1 6 1 2 4 8 16 32 729.516 732.782
 64   -72.827   -27.765  2.897 -13 1 6 1 2 4 8 16 32 454.793 458.112
 65    60.083   -45.905  2.938 -20 1 6 1 2 4 8 16 32 432.403 435.520
 66    10.870    -3.900  2.956  13 1 6 1 2 4 8 16 32 77.439 80.788
 67    25.122     7.672  2.861  15 1 6 1 2 4 8 16 32 231.633 235.072
 68   -46.997   -17.474  2.661   4 1 6 1 2 4 8 16 32 110.019 113.402
 69    16.058    33.020  2.821  20 1 6 1 2 4 8 16 32 181.048 184.450
 70    25.409   -11.700  2.874   8 1 6 1 2 4 8 16 32 556.695 560.015
 71    68.323    -5.145  2.604  19 1 6 1 2 4 8 16 32 541.082 544.486
 72   -13.104    62.158  2.878 -20 1 6 1 2 4 8 16 32 612.609 615.989
 73    42.395    -8.344 0.000   0 0 0 0.000 863.860
 74   -42.175   -14.554 0.000   0 0 0 0.000 863.860
 75    16.034    40.726 0.000   0 0 0 0.000 863.860
 76   -14.639    29.633 0.000   0 0 0 0.000 863.860
 77    16.049    -3.934 0.000   0 0 0 0.000 863.860
 78    46.112    12.430 0.000   0 0 0 0.000 863.860
