6 2 144 6
475 190
475 190
475 190
475 190
475 190
475 190
  1   -40.289   -42.303  3.054  20 1 6 1 2 4 8 16 32 776.517 779.966
  2   -64.709   -17.389  2.986  10 1 6 1 2 4 8 16 32 100.849 104.360
  3     5.060   -14.349  3.158   8 1 6 1 2 4 8 16 32 387.699 391.072
  4    72.095    20.233  3.146   6 1 6 1 2 4 8 16 32 549.818 553.215
  5     2.594   -15.002  2.671   1 1 6 1 2 4 8 16 32 367.198 370.549
  6   -24.176   -72.894  3.066 -19 1 6 1 2 4 8 16 32 695.867 699.182
  7   -13.190    66.498  3.099  13 1 6 1 2 4 8 16 32 653.677 656.892
  8    33.191    13.690  3.004 -24 1 6 1 2 4 8 16 32 427.478 430.712
  9    66.827   -30.554  2.850  15 1 6 1 2 4 8 16 32 309.763 312.957
 10    19.934    35.883  3.100  13 1 6 1 2 4 8 16 32 475.230 478.560
 11   -27.771    32.269  3.096  10 1 6 1 2 4 8 16 32 229.488 232.931
 12    51.154   -16.827  3.027   4 1 6 1 2 4 8 16 32 252.230 255.435
 13   -19.214    23.749  2.697  12 1 6 1 2 4 8 16 32 587.326 590.820
 14   -46.643   -52.954  2.900 -21 1 6 1 2 4 8 16 32 435.224 438.737
 15   -10.590   -16.626  2.962   2 1 6 1 2 4 8 16 32 570.426 573.834
 16    35.150    12.622  2.761  10 1 6 1 2 4 8 16 32 466.283 469.688
 17   -37.378    12.256  2.837 -20 1 6 1 2 4 8 16 32 393.072 396.474
 18    82.794    25.836  3.095   9 1 6 1 2 4 8 16 32 472.272 475.613
 19     8.936    -3.723  3.135  24 1 6 1 2 4 8 16 32 404.458 407.882
 20   -56.659    25.555  3.052 -19 1 6 1 2 4 8 16 32 482.108 485.281
 21   -52.020   -40.137  2.912  13 1 6 1 2 4 8 16 32 126.172 129.516
 22    39.270    12.787  2.972  14 1 6 1 2 4 8 16 32 157.920 161.350
 23    19.757    21.228  3.146  17 1 6 1 2 4 8 16 32 121.846 125.049
 24   -23.071   -12.659  2.960 -25 1 6 1 2 4 8 16 32 789.135 792.530
 25    15.686    52.374  2.709   1 1 6 1 2 4 8 16 32 558.869 562.196
 26    58.771    -7.056  2.945   9 1 6 1 2 4 8 16 32 124.659 128.167
 27   -33.087    72.266  3.122  12 1 6 1 2 4 8 16 32 575.891 579.232
 28     2.551    46.851  2.764  22 1 6 1 2 4 8 16 32 387.945 391.184
 29   -18.719    73.126  2.735   2 1 6 1 2 4 8 16 32 514.004 517.322
 30   -67.627   -20.679  2.644  21 1 6 1 2 4 8 16 32 151.466 154.858
 31   -76.862   -11.365  2.751   8 1 6 1 2 4 8 16 32 158.152 161.465
 32   -24.194   -38.263  2.920  19 1 6 1 2 4 8 16 32 369.412 372.831
 33   -20.374   -31.903  3.093  24 1 6 1 2 4 8 16 32 667.724 671.131
 34     9.290    39.618  2.924  24 1 6 1 2 4 8 16 32 456.406 459.882
 35    26.044    35.974  2.948   2 1 6 1 2 4 8 16 32 359.152 362.546
 36   -57.385   -45.264  2.651  20 1 6 1 2 4 8 16 32 576.542 579.910
 37     1.489   -62.592  3.141  20 1 6 1 2 4 8 16 32 418.648 422.113
 38    34.937    13.672  2.651   5 1 6 1 2 4 8 16 32 603.605 607.124
 39   -22.290    45.648  2.818  17 1 6 1 2 4 8 16 32 685.044 688.443
 40    -5.920    44.061  3.039   4 1 6 1 2 4 8 16 32 361.256 364.515
 41   -38.446   -23.541  2.995  21 1 6 1 2 4 8 16 32 492.969 496.356
 42    28.894    33.936  3.154   3 1 6 1 2 4 8 16 32 398.860 402.190
 43   -35.388    -5.341  2.970  16 1 6 1 2 4 8 16 32 754.675 758.013
 44   -19.501    13.519  2.797  14 1 6 1 2 4 8 16 32 594.821 598.170
 45    -9.216   -30.988  2.902   6 1 6 1 2 4 8 16 32 419.866 423.198
 46   -22.131   -17.065  2.805   5 1 6 1 2 4 8 16 32 400.361 403.616
 47   -22.827    36.810  2.885  12 1 6 1 2 4 8 16 32 740.983 744.481
 48   -61.365   -18.463  3.036  23 1 6 1 2 4 8 16 32 208.670 212.031
 49    50.128   -66.046  2.710  12 1 6 1 2 4 8 16 32 580.006 583.472
 50    25.647    24.139  2.729  18 1 6 1 2 4 8 16 32 126.084 129.576
 51    65.521    42.810  3.114  24 1 6 1 2 4 8 16 32 482.680 486.013
 52   -60.956   -47.925  3.109   3 1 6 1 2 4 8 16 32 281.197 284.696
 53    -9.070    42.798  3.126   3 1 6 1 2 4 8 16 32 554.563 557.940
 54   -19.061     4.480  2.835  25 1 6 1 2 4 8 16 32 315.177 318.451
 55   -54.071    -3.870  2.738  22 1 6 1 2 4 8 16 32 334.148 337.316
 56   -25.598   -18.866  2.840  25 1 6 1 2 4 8 16 32 254.037 257.260
 57   -18.707    84.296  2.858  15 1 6 1 2 4 8 16 32 566.653 569.852
 58   -70.184   -39.166  2.751  18 1 6 1 2 4 8 16 32 725.094 728.548
 59   -14.636    -0.446  2.990   8 1 6 1 2 4 8 16 32 58.284 61.795
 60   -76.465   -38.922  2.662  20 1 6 1 2 4 8 16 32 384.985 388.315
 61    44.092    12.433  2.720  18 1 6 1 2 4 8 16 32 332.046 335.382
 62   -22.772   -50.867  3.058   5 1 6 1 2 4 8 16 32 116.924 120.442
 63    19.104    44.672  3.115  25 1 6 1 2 4 8 16 32 145.175 148.660
 64   -44.019   -39.935  2.839  16 1 6 1 2 4 8 16 32 312.698 316.008
 65    -2.972    -4.059  2.953  14 1 6 1 2 4 8 16 32 106.516 109.820
 66   -24.261    35.907  2.899   1 1 6 1 2 4 8 16 32 550.085 553.347
 67   -61.877   -73.901  2.757  15 1 6 1 2 4 8 16 32 364.776 367.977
 68    -5.640   -26.721  2.697  22 1 6 1 2 4 8 16 32 690.446 693.720
 69    45.844   -36.835  3.006   6 1 6 1 2 4 8 16 32 97.515 100.921
 70   -51.746   -79.840  3.153  24 1 6 1 2 4 8 16 32 385.764 389.201
 71   -33.008    10.992  2.922  19 1 6 1 2 4 8 16 32 71.190 74.692
 72   -25.653    -0.372  2.963  12 1 6 1 2 4 8 16 32 711.584 714.782
 73   -21.497    61.487  3.094 -13 1 6 1 2 4 8 16 32 712.682 716.132
 74     2.032    26.727  3.037 -10 1 6 1 2 4 8 16 32 337.324 340.836
 75   -26.758    14.807  3.146  12 1 6 1 2 4 8 16 32 81.342 84.564
 76   -37.256   -44.861  2.928 -13 1 6 1 2 4 8 16 32 340.300 343.567
 77    -0.861   -16.418  2.794 -25 1 6 1 2 4 8 16 32 187.146 190.579
 78   -51.160    34.967  3.028  12 1 6 1 2 4 8 16 32 481.173 484.564
 79   -41.266   -76.886  2.676   2 1 6 1 2 4 8 16 32 565.636 569.097
 80   -30.255    74.701  2.989  11 1 6 1 2 4 8 16 32 216.993 220.497
 81   -46.368    -1.514  2.666  10 1 6 1 2 4 8 16 32 599.765 603.096
 82   -71.619    73.077  2.879   9 1 6 1 2 4 8 16 32 534.569 538.024
 83   -46.606   -39.948  3.005 -21 1 6 1 2 4 8 16 32 590.020 593.498
 84   -30.243    67.102  2.728  14 1 6 1 2 4 8 16 32 649.985 653.373
 85   -40.997   -43.036  3.147  15 1 6 1 2 4 8 16 32 664.626 667.832
 86   -74.286   -52.307  2.981   6 1 6 1 2 4 8 16 32 591.169 594.681
 87   -17.609   -71.851  2.989  25 1 6 1 2 4 8 16 32 680.052 683.386
 88     2.350   -81.805  2.784  14 1 6 1 2 4 8 16 32 186.003 189.287
 89   -85.486   -54.059  2.924  17 1 6 1 2 4 8 16 32 427.895 431.192
 90    23.822    10.571  2.891   8 1 6 1 2 4 8 16 32 230.915 234.315
 91   -24.530   -31.726  2.779  -4 1 6 1 2 4 8 16 32 537.976 541.432
 92   -42.474   -15.009  3.002 -17 1 6 1 2 4 8 16 32 85.229 88.699
 93   -33.624    50.330  2.698 -23 1 6 1 2 4 8 16 32 655.602 658.932
 94   -81.458   -41.565  2.788   4 1 6 1 2 4 8 16 32 698.318 701.799
 95   -73.505   -48.279  2.917  -4 1 6 1 2 4 8 16 32 484.735 487.993
 96    -3.052    70.898  3.031   9 1 6 1 2 4 8 16 32 570.921 574.147
 97     0.946    25.458  2.704   9 1 6 1 2 4 8 16 32 385.696 388.875
 98   -54.144    13.525  2.912 -19 1 6 1 2 4 8 16 32 267.523 270.939
 99   -30.634     7.526  2.734  12 1 6 1 2 4 8 16 32 327.779 330.968
100   -68.335   -34.277  2.794 -25 1 6 1 2 4 8 16 32 244.733 248.203
101     7.178    57.935  2.904   8 1 6 1 2 4 8 16 32 185.083 188.581
102     4.712    48.669  2.726  13 1 6 1 2 4 8 16 32 355.914 359.420
103    58.087    26.379  2.727   3 1 6 1 2 4 8 16 32 479.947 483.400
104    18.347    34.784  3.107   6 1 6 1 2 4 8 16 32 316.265 319.609
105   -44.629   -61.975  2.683 -11 1 6 1 2 4 8 16 32 491.189 494.516
106     5.231    26.068  3.066 -24 1 6 1 2 4 8 16 32 624.797 628.267
107   -48.065   -36.755  2.808  16 1 6 1 2 4 8 16 32 416.709 419.886
108    -3.589   -27.734  2.955  21 1 6 1 2 4 8 16 32 91.933 95.316
109     9.808    36.896  3.104  25 1 6 1 2 4 8 16 32 758.707 762.108
110    59.460     1.233  2.699  10 1 6 1 2 4 8 16 32 233.487 236.949
111   -47.522    19.873  2.764   2 1 6 1 2 4 8 16 32 650.468 653.732
112   -48.431   -50.317  2.678 -13 1 6 1 2 4 8 16 32 451.700 455.163
113    44.666    20.953  2.972  14 1 6 1 2 4 8 16 32 707.513 710.976
114   -19.226    32.770  2.757 -19 1 6 1 2 4 8 16 32 175.546 178.829
115   -15.662    17.462  3.073  16 1 6 1 2 4 8 16 32 220.268 223.502
116   -91.669    77.722  2.957  23 1 6 1 2 4 8 16 32 220.469 223.951
117   -30.035   -78.284  2.893  13 1 6 1 2 4 8 16 32 233.115 236.420
118    73.663    32.941  3.066  24 1 6 1 2 4 8 16 32 691.893 695.147
119    22.400   -60.083  2.974  17 1 6 1 2 4 8 16 32 236.200 239.674
120    61.206   -13.501  3.082  -8 1 6 1 2 4 8 16 32 636.785 640.297
121    22.131   -50.012  2.762  12 1 6 1 2 4 8 16 32 499.056 502.461
122    -6.317    56.665  3.025   6 1 6 1 2 4 8 16 32 461.396 464.770
123   -20.471    12.885  3.116  20 1 6 1 2 4 8 16 32 258.906 262.186
124   -61.084   -44.769  2.955  20 1 6 1 2 4 8 16 32 280.269 283.489
125    -9.576   -19.366  2.768 -24 1 6 1 2 4 8 16 32 647.883 651.078
126     5.627   -88.501  2.771  10 1 6 1 2 4 8 16 32 685.522 688.723
127    -2.618    22.131  2.763 -18 1 6 1 2 4 8 16 32 159.052 162.282
128    40.497    32.343  2.882  10 1 6 1 2 4 8 16 32 573.566 576.863
129    -3.296    36.774  2.902  15 1 6 1 2 4 8 16 32 498.070 501.459
130   -50.995    19.781  2.729  12 1 6 1 2 4 8 16 32 604.510 607.888
131   -70.520    -3.809  2.652  22 1 6 1 2 4 8 16 32 572.660 576.140
132     4.205     0.812  2.690  11 1 6 1 2 4 8 16 32 706.170 709.601
133     9.955    26.337  3.116  14 1 6 1 2 4 8 16 32 337.639 341.001
134    13.538   -21.313  3.160   9 1 6 1 2 4 8 16 32 516.379 519.680
135   -21.869   -18.768  2.744  -6 1 6 1 2 4 8 16 32 658.374 661.820
136   -37.158   -30.768  2.937 -23 1 6 1 2 4 8 16 32 364.241 367.445
137   -86.975    10.345  3.031   8 1 6 1 2 4 8 16 32 156.521 159.805
138   -47.272   -46.326  2.811  22 1 6 1 2 4 8 16 32 642.321 645.548
139     4.095   -19.354  2.715   7 1 6 1 2 4 8 16 32 623.123 626.628
140     4.205    30.292  2.723  15 1 6 1 2 4 8 16 32 465.568 469.054
141   -42.017    53.986  2.917 -22 1 6 1 2 4 8 16 32 708.052 711.564
142    35.095   -10.895  2.747   7 1 6 1 2 4 8 16 32 317.605 321.011
143    61.188   -59.875  3.094 -14 1 6 1 2 4 8 16 32 633.244 636.585
144   -34.674    -1.337  2.716  21 1 6 1 2 4 8 16 32 696.513 699.852
145    -3.799    44.290 0.000   0 0 0 0.000 879.825
146    14.233    21.173 0.000   0 0 0 0.000 879.825
147   -23.334   -28.397 0.000   0 0 0 0.000 879.825
148    10.065     1.822 0.000   0 0 0 0.000 879.825
149   -49.115   -43.549 0.000   0 0 0 0.000 879.825
150   -21.054     4.144 0.000   0 0 0 0.000 879.825
