6 3 216 6
450 180
450 180
450 180
450 180
450 180
450 180
  1   -41.235   -66.357  2.947  -3 1 6 1 2 4 8 16 32 378.243 381.968
  2    34.064   -59.357  3.267  16 1 6 1 2 4 8 16 32 533.356 536.969
  3    20.917   -52.582  3.160   8 1 6 1 2 4 8 16 32 831.077 834.809
  4   -38.538   -37.396  3.386  15 1 6 1 2 4 8 16 32 840.546 844.032
  5    41.058    22.931  3.245 -12 1 6 1 2 4 8 16 32 715.903 719.585
  6   -54.034   -53.131  2.980  13 1 6 1 2 4 8 16 32 186.990 190.536
  7     8.099    80.725  3.309   8 1 6 1 2 4 8 16 32 800.272 803.772
  8    81.299    13.409  3.418 -24 1 6 1 2 4 8 16 32 385.009 388.723
  9    14.459    -2.972  3.130  14 1 6 1 2 4 8 16 32 815.488 819.215
 10   -52.539    60.107  3.222  17 1 6 1 2 4 8 16 32 534.474 538.012
 11   -57.202   -34.229  3.375   8 1 6 1 2 4 8 16 32 800.706 804.320
 12   -65.552   -40.222  3.138  11 1 6 1 2 4 8 16 32 231.342 234.858
 13   -19.751   -10.278  2.929   8 1 6 1 2 4 8 16 32 266.981 270.687
 14   -26.965   -87.012  3.032  17 1 6 1 2 4 8 16 32 526.827 530.580
 15     3.192   -88.654  3.057  19 1 6 1 2 4 8 16 32 129.742 133.533
 16    34.521    32.837  3.212 -13 1 6 1 2 4 8 16 32 649.500 653.183
 17    80.035     5.273  3.371   2 1 6 1 2 4 8 16 32 774.307 778.111
 18   -39.838   -67.731  3.183   8 1 6 1 2 4 8 16 32 177.194 180.675
 19    14.600    11.365  3.091  21 1 6 1 2 4 8 16 32 146.085 149.671
 20   -20.990   -80.511  3.046  13 1 6 1 2 4 8 16 32 552.273 556.071
 21    48.242    47.284  3.047  17 1 6 1 2 4 8 16 32 468.268 471.928
 22    59.338   -31.860  3.380   4 1 6 1 2 4 8 16 32 826.542 830.299
 23   -13.995   -45.624  3.261  22 1 6 1 2 4 8 16 32 786.919 790.382
 24    32.397   -32.532  3.405 -24 1 6 1 2 4 8 16 32 439.750 443.359
 25     2.826    50.824  3.137  11 1 6 1 2 4 8 16 32 802.916 806.703
 26   -66.077   -34.686  2.939  -6 1 6 1 2 4 8 16 32 600.085 603.796
 27   -13.660    18.640  3.216  19 1 6 1 2 4 8 16 32 510.168 513.992
 28   -59.344    12.769  3.037 -11 1 6 1 2 4 8 16 32 380.997 384.707
 29    -5.133   -18.463  3.302  23 1 6 1 2 4 8 16 32 207.098 210.670
 30   -22.961   -21.729  3.204   4 1 6 1 2 4 8 16 32 681.775 685.472
 31    58.130    46.606  3.322   5 1 6 1 2 4 8 16 32 257.529 261.052
 32   -49.603   -76.624  3.003 -16 1 6 1 2 4 8 16 32 313.932 317.647
 33    -4.803    43.036  3.289   2 1 6 1 2 4 8 16 32 303.050 306.608
 34    68.616   -19.623  3.208 -13 1 6 1 2 4 8 16 32 606.895 610.736
 35    37.915    63.599  3.011  11 1 6 1 2 4 8 16 32 205.360 209.158
 36     1.251   -26.550  3.052  -9 1 6 1 2 4 8 16 32 277.746 281.268
 37   -37.952     1.685  3.379  18 1 6 1 2 4 8 16 32 360.173 363.759
 38   -40.503     8.038  3.009   7 1 6 1 2 4 8 16 32 376.084 379.834
 39    -8.392   -38.678  3.086  24 1 6 1 2 4 8 16 32 784.159 787.904
 40   -36.725    25.494  3.131   5 1 6 1 2 4 8 16 32 670.802 674.443
 41   -47.754   -50.073  3.001   2 1 6 1 2 4 8 16 32 141.516 145.300
 42    22.595   -28.357  2.900   5 1 6 1 2 4 8 16 32 370.703 374.250
 43   -36.365   -48.163  3.295   5 1 6 1 2 4 8 16 32 168.657 172.200
 44    75.452   -13.422  3.182   3 1 6 1 2 4 8 16 32 319.815 323.335
 45   -64.520   -13.232  3.055  13 1 6 1 2 4 8 16 32 399.649 403.210
 46     1.257    29.156  3.442   2 1 6 1 2 4 8 16 32 265.126 268.829
 47    -1.569   -35.974  3.031  10 1 6 1 2 4 8 16 32 118.857 122.423
 48    46.747     6.696  2.966  12 1 6 1 2 4 8 16 32 333.460 337.264
 49    82.080    27.057  3.257  24 1 6 1 2 4 8 16 32 635.312 638.812
 50    74.695    19.366  2.950 -21 1 6 1 2 4 8 16 32 137.853 141.549
 51    47.015     9.338  3.329  18 1 6 1 2 4 8 16 32 660.654 664.360
 52   -62.036   -21.326  3.132   5 1 6 1 2 4 8 16 32 664.183 667.795
 53     9.192    20.038  3.004  15 1 6 1 2 4 8 16 32 140.980 144.664
 54    -3.094    21.582  3.015 -11 1 6 1 2 4 8 16 32 317.669 321.273
 55   -75.446    13.086  2.893   7 1 6 1 2 4 8 16 32 307.098 310.607
 56    10.034   -63.739  3.067   3 1 6 1 2 4 8 16 32 486.494 490.068
 57    71.814    26.501  3.413  17 1 6 1 2 4 8 16 32 241.824 245.628
 58    18.842   -38.019  3.154  14 1 6 1 2 4 8 16 32 203.089 206.790
 59   -10.541   -31.305  3.000  14 1 6 1 2 4 8 16 32 189.609 193.120
 60     8.252   -91.150  3.012   7 1 6 1 2 4 8 16 32 553.685 557.288
 61    72.821   -38.916  2.934  12 1 6 1 2 4 8 16 32 806.806 810.640
 62   -30.157    38.776  3.319   5 1 6 1 2 4 8 16 32 450.220 453.963
 63   -56.256    -5.548  3.024  11 1 6 1 2 4 8 16 32 488.075 491.565
 64    -8.398   -37.604  2.921  17 1 6 1 2 4 8 16 32 736.290 739.750
 65    15.021    13.708  3.426   3 1 6 1 2 4 8 16 32 586.505 590.207
 66   -60.199    24.292  2.994   7 1 6 1 2 4 8 16 32 478.665 482.220
 67   -13.794   -27.106  2.899  13 1 6 1 2 4 8 16 32 85.596 89.426
 68   -34.796   -22.205  2.945 -20 1 6 1 2 4 8 16 32 361.717 365.490
 69    69.641    83.057  3.419  13 1 6 1 2 4 8 16 32 771.535 775.192
 70   -44.440    30.090  3.158   4 1 6 1 2 4 8 16 32 854.061 857.834
 71    48.633     3.021  3.111   3 1 6 1 2 4 8 16 32 754.772 758.276
 72   -15.314    51.709  3.009  24 1 6 1 2 4 8 16 32 161.692 165.376
 73    36.261    26.782  3.233  23 1 6 1 2 4 8 16 32 820.455 823.963
 74    59.961    24.310  3.065  21 1 6 1 2 4 8 16 32 137.330 140.904
 75    55.304     6.628  3.170  23 1 6 1 2 4 8 16 32 738.470 742.052
 76    39.960    48.297  3.424 -10 1 6 1 2 4 8 16 32 447.576 451.318
 77   -48.895   -71.100  3.018  21 1 6 1 2 4 8 16 32 616.494 620.312
 78    -2.338   -62.909  3.164  24 1 6 1 2 4 8 16 32 277.812 281.322
 79     9.491   -41.901  3.199   9 1 6 1 2 4 8 16 32 840.458 844.098
 80   -54.675   -18.439  3.240 -22 1 6 1 2 4 8 16 32 745.952 749.623
 81    10.980    -7.605  3.414   3 1 6 1 2 4 8 16 32 426.447 429.984
 82   -69.824   -50.354  3.002   6 1 6 1 2 4 8 16 32 571.382 574.911
 83   -40.308    -7.452  3.244  11 1 6 1 2 4 8 16 32 474.159 477.726
 84    62.244    43.628  3.072  10 1 6 1 2 4 8 16 32 277.333 281.035
 85    29.077    63.116  2.999  15 1 6 1 2 4 8 16 32 397.904 401.614
 86   -12.067   -21.509  3.319  -9 1 6 1 2 4 8 16 32 130.674 134.335
 87    14.728    28.906  2.990  20 1 6 1 2 4 8 16 32 364.798 368.386
 88   -63.086   -60.114  3.189 -19 1 6 1 2 4 8 16 32 632.690 636.319
 89    33.655    -0.928  3.090  19 1 6 1 2 4 8 16 32 236.586 240.274
 90   -12.225    14.148  3.035  19 1 6 1 2 4 8 16 32 801.579 805.310
 91   -89.966    51.514  3.214  20 1 6 1 2 4 8 16 32 177.218 180.974
 92    -0.763    41.339  2.915   1 1 6 1 2 4 8 16 32 837.999 841.817
 93    80.695    32.983  3.366  15 1 6 1 2 4 8 16 32 811.772 815.559
 94   -53.394   -14.240  3.160  18 1 6 1 2 4 8 16 32 152.531 156.361
 95   -53.284   -64.136  2.932   2 1 6 1 2 4 8 16 32 579.194 582.708
 96    73.260    10.669  3.041  25 1 6 1 2 4 8 16 32 278.374 281.849
 97    59.613    13.452  3.232 -20 1 6 1 2 4 8 16 32 259.810 263.455
 98   -37.012     6.476  3.217  18 1 6 1 2 4 8 16 32 682.307 686.040
 99   -53.656    21.692  3.282   8 1 6 1 2 4 8 16 32 250.827 254.425
100   -36.890    18.372  3.367   3 1 6 1 2 4 8 16 32 538.904 542.419
101    -4.608   -13.806  3.416   2 1 6 1 2 4 8 16 32 767.599 771.122
102    53.802    36.993  3.257  15 1 6 1 2 4 8 16 32 622.738 626.241
103    48.468   -66.040  2.896  21 1 6 1 2 4 8 16 32 249.147 252.870
104   -46.393   -20.929  3.336   6 1 6 1 2 4 8 16 32 404.590 408.408
105   -15.045   -40.845  3.214  24 1 6 1 2 4 8 16 32 793.912 797.529
106   -73.621    -9.552  3.098  19 1 6 1 2 4 8 16 32 504.000 507.579
107    92.847    45.587  3.146  23 1 6 1 2 4 8 16 32 517.982 521.718
108    33.557    28.064  3.350  16 1 6 1 2 4 8 16 32 488.657 492.167
109    47.321    24.414  2.884  16 1 6 1 2 4 8 16 32 156.373 160.053
110    -6.610   -30.157  3.377  -9 1 6 1 2 4 8 16 32 816.337 820.004
111    12.103    23.840  3.329   1 1 6 1 2 4 8 16 32 835.197 838.837
112   -61.963    26.239  3.332  10 1 6 1 2 4 8 16 32 259.304 263.016
113    23.877     9.808  3.150  14 1 6 1 2 4 8 16 32 259.448 263.021
114    49.780     6.866  2.986  11 1 6 1 2 4 8 16 32 209.678 213.252
115   -53.021   -21.484  3.020  -4 1 6 1 2 4 8 16 32 828.436 831.983
116    54.962     2.985  3.038  23 1 6 1 2 4 8 16 32 641.355 644.901
117     4.865   -69.586  3.267  23 1 6 1 2 4 8 16 32 132.940 136.702
118    33.948    45.209  3.321  22 1 6 1 2 4 8 16 32 648.385 651.941
119   -32.166   -23.621  2.942 -11 1 6 1 2 4 8 16 32 534.323 537.951
120   -17.548   -46.765  3.265  14 1 6 1 2 4 8 16 32 481.721 485.375
121    31.744    33.972  3.356  12 1 6 1 2 4 8 16 32 224.776 228.389
122    45.374    22.131  3.355  13 1 6 1 2 4 8 16 32 700.304 703.835
123    -5.219   -23.114  3.080  11 1 6 1 2 4 8 16 32 389.594 393.233
124   -51.056   -46.545  3.090   9 1 6 1 2 4 8 16 32 303.051 306.766
125    11.774    11.133  3.343   6 1 6 1 2 4 8 16 32 379.977 383.586
126   -39.758   -13.019  3.299 -25 1 6 1 2 4 8 16 32 435.039 438.794
127    27.930    29.321  3.114  21 1 6 1 2 4 8 16 32 695.217 698.744
128    33.740    66.595  3.052  13 1 6 1 2 4 8 16 32 475.137 478.761
129   -91.815    29.858  2.891  23 1 6 1 2 4 8 16 32 276.637 280.242
130   -24.628   -68.701  3.453  -8 1 6 1 2 4 8 16 32 223.774 227.397
131    44.659    20.465  3.067  -7 1 6 1 2 4 8 16 32 791.465 794.961
132    45.447   -21.069  2.985  -8 1 6 1 2 4 8 16 32 132.273 136.046
133   -37.366   -12.097  3.225   9 1 6 1 2 4 8 16 32 539.634 543.168
134    41.998     0.153  2.883   2 1 6 1 2 4 8 16 32 442.534 446.086
135   -42.822   -30.170  3.257 -24 1 6 1 2 4 8 16 32 471.499 474.995
136    34.906    -4.578  3.154   7 1 6 1 2 4 8 16 32 815.819 819.654
137   -65.137   -43.079  3.153  23 1 6 1 2 4 8 16 32 424.186 427.996
138    20.270    -4.999  2.947 -21 1 6 1 2 4 8 16 32 457.514 461.025
139   -36.731    -8.929  3.129  12 1 6 1 2 4 8 16 32 142.882 146.395
140   -26.984   -19.568  3.020  23 1 6 1 2 4 8 16 32 93.630 97.430
141   -31.299   -83.813  3.174  18 1 6 1 2 4 8 16 32 723.838 727.342
142   -26.794    12.506  3.072   5 1 6 1 2 4 8 16 32 810.031 813.778
143   -39.362   -58.521  3.030 -15 1 6 1 2 4 8 16 32 148.412 152.106
144   -34.369     0.610  2.974  11 1 6 1 2 4 8 16 32 811.460 815.170
145    43.372     4.187  3.122   8 1 6 1 2 4 8 16 32 145.863 149.535
146   -38.226    -9.448  3.285   2 1 6 1 2 4 8 16 32 486.336 490.134
147   -25.610   -99.237  3.260  -6 1 6 1 2 4 8 16 32 607.435 610.971
148    48.059    29.517  3.334  23 1 6 1 2 4 8 16 32 643.733 647.236
149   -43.628   -32.318  3.358   9 1 6 1 2 4 8 16 32 799.434 802.981
150   -16.602   -29.327  3.109   1 1 6 1 2 4 8 16 32 365.577 369.318
151   -29.810   -12.408  2.966 -12 1 6 1 2 4 8 16 32 469.357 472.853
152   -51.910   -28.711  2.997 -17 1 6 1 2 4 8 16 32 709.712 713.209
153    -1.801   -18.671  3.387   2 1 6 1 2 4 8 16 32 545.673 549.192
154    18.738    21.399  3.073   5 1 6 1 2 4 8 16 32 725.847 729.622
155    60.120     7.788  2.898   1 1 6 1 2 4 8 16 32 319.309 322.830
156    43.079    42.017  3.440  20 1 6 1 2 4 8 16 32 434.283 437.954
157   -39.435    -5.902  3.340  19 1 6 1 2 4 8 16 32 282.062 285.664
158   -35.889   -16.034  3.215  13 1 6 1 2 4 8 16 32 820.600 824.284
159   -41.827    38.995  3.217  10 1 6 1 2 4 8 16 32 111.984 115.624
160    84.497    29.822  2.900   9 1 6 1 2 4 8 16 32 795.061 798.699
161   -17.560   -10.480  3.020  14 1 6 1 2 4 8 16 32 781.480 784.985
162   -48.383   -48.920  3.001   4 1 6 1 2 4 8 16 32 676.828 680.541
163   -49.335   -17.969  3.123  20 1 6 1 2 4 8 16 32 222.622 226.132
164    16.095    -2.490  3.111  17 1 6 1 2 4 8 16 32 810.800 814.593
165    65.527    14.026  3.284 -19 1 6 1 2 4 8 16 32 142.193 145.832
166    -2.930    13.220  3.102  19 1 6 1 2 4 8 16 32 507.084 510.557
167   -18.768   -23.663  2.946  16 1 6 1 2 4 8 16 32 681.047 684.882
168   -91.095   -80.737  2.928   4 1 6 1 2 4 8 16 32 393.488 397.144
169   -21.088   -13.293  3.073   1 1 6 1 2 4 8 16 32 259.066 262.640
170    46.985    17.224  3.338  21 1 6 1 2 4 8 16 32 643.214 646.693
171   -61.957   -33.038  3.232   9 1 6 1 2 4 8 16 32 179.200 182.695
172    -9.003   -25.452  3.046   2 1 6 1 2 4 8 16 32 71.792 75.266
173    33.661    -7.666  2.958  24 1 6 1 2 4 8 16 32 529.776 533.251
174   -25.592   -10.840  3.127  -1 1 6 1 2 4 8 16 32 519.538 523.032
175    36.560    -2.441  3.417 -21 1 6 1 2 4 8 16 32 424.813 428.470
176     7.141    24.817  3.271  13 1 6 1 2 4 8 16 32 710.844 714.683
177   -43.170   -30.487  3.208  15 1 6 1 2 4 8 16 32 150.715 154.498
178   -21.228     0.751  2.885   4 1 6 1 2 4 8 16 32 353.861 357.607
179    19.696    10.767  3.362 -10 1 6 1 2 4 8 16 32 190.250 193.823
180    -6.494   -29.425  3.221 -19 1 6 1 2 4 8 16 32 703.622 707.167
181    54.388     8.630  3.062   1 1 6 1 2 4 8 16 32 382.667 386.228
182    64.203    77.612  3.015  25 1 6 1 2 4 8 16 32 725.095 728.673
183    40.381     1.611  2.971   3 1 6 1 2 4 8 16 32 759.819 763.637
184   -41.711    -5.133  3.181  21 1 6 1 2 4 8 16 32 639.412 642.884
185    74.274   -19.922  3.456   7 1 6 1 2 4 8 16 32 697.744 701.262
186   -73.999   -54.626  3.408  18 1 6 1 2 4 8 16 32 423.872 427.443
187    29.706    15.454  3.168   3 1 6 1 2 4 8 16 32 412.703 416.236
188    23.785    12.177  3.162  -1 1 6 1 2 4 8 16 32 496.812 500.534
189    42.578    45.325  3.345  -2 1 6 1 2 4 8 16 32 641.300 644.945
190   -16.730   -16.559  3.409   8 1 6 1 2 4 8 16 32 557.345 561.093
191   -14.697    -0.116  2.932  10 1 6 1 2 4 8 16 32 614.779 618.378
192   -19.769     8.392  3.232  19 1 6 1 2 4 8 16 32 611.771 615.606
193   -30.267    14.893  2.919  17 1 6 1 2 4 8 16 32 831.494 835.156
194   -63.116   -67.462  3.217  19 1 6 1 2 4 8 16 32 613.455 617.111
195    86.029    38.916  3.151  24 1 6 1 2 4 8 16 32 211.832 215.366
196    79.480   -24.866  3.390  24 1 6 1 2 4 8 16 32 815.362 819.077
197    35.144    14.734  3.401   6 1 6 1 2 4 8 16 32 853.136 856.895
198   -49.365    -9.052  2.927  -2 1 6 1 2 4 8 16 32 804.533 808.051
199   -49.475   -17.578  3.205   7 1 6 1 2 4 8 16 32 684.183 687.700
200    57.501    16.327  2.958  10 1 6 1 2 4 8 16 32 272.426 275.957
201    54.889    12.024  3.191 -13 1 6 1 2 4 8 16 32 379.140 382.734
202   -53.027   -33.179  3.261  20 1 6 1 2 4 8 16 32 212.165 215.758
203    -0.415    16.644  3.350   1 1 6 1 2 4 8 16 32 399.562 403.141
204    21.594    16.144  3.124  17 1 6 1 2 4 8 16 32 226.925 230.582
205   -46.924   -49.261  2.931  17 1 6 1 2 4 8 16 32 180.269 184.090
206    18.457    19.733  3.181  16 1 6 1 2 4 8 16 32 467.087 470.772
207    35.822    19.763  2.923   9 1 6 1 2 4 8 16 32 386.337 389.990
208    71.869    29.034  3.081  25 1 6 1 2 4 8 16 32 392.103 395.675
209   -56.378   -42.755  3.185  -1 1 6 1 2 4 8 16 32 146.486 150.139
210   -25.800    25.159  3.116 -23 1 6 1 2 4 8 16 32 573.226 577.050
211    -5.676    33.850  3.370 -10 1 6 1 2 4 8 16 32 348.648 352.311
212    54.041    -5.292  3.056  15 1 6 1 2 4 8 16 32 225.552 229.181
213   -63.074    27.380  3.111  25 1 6 1 2 4 8 16 32 337.883 341.637
214   -16.864   -49.768  3.023  25 1 6 1 2 4 8 16 32 170.500 174.323
215    47.919    13.629  3.447  16 1 6 1 2 4 8 16 32 766.528 770.198
216   -10.724    -2.075  2.973   1 1 6 1 2 4 8 16 32 330.243 334.034
217   -15.067   -23.950 0.000   0 0 0 0.000 960.420
218    38.791    22.443 0.000   0 0 0 0.000 960.420
219   -41.833   -35.361 0.000   0 0 0 0.000 960.420
220   -29.523    -4.843 0.000   0 0 0 0.000 960.420
221    49.725    11.990 0.000   0 0 0 0.000 960.420
222    21.133    14.142 0.000   0 0 0 0.000 960.420
