6 4 288 6
425 170
425 170
425 170
425 170
425 170
425 170
  1    12.805     1.886  3.106  10 1 6 1 2 4 8 16 32 300.848 304.566
  2    18.213     1.373  3.178  21 1 6 1 2 4 8 16 32 670.084 674.022
  3    57.947   -48.779  3.338   8 1 6 1 2 4 8 16 32 154.177 157.851
  4   -52.429   -84.088  3.428  23 1 6 1 2 4 8 16 32 740.450 744.172
  5    60.797   -32.593  3.129  10 1 6 1 2 4 8 16 32 215.048 218.900
  6    23.151     4.205  3.418   9 1 6 1 2 4 8 16 32 625.559 629.209
  7    25.385    22.986  3.068  21 1 6 1 2 4 8 16 32 565.322 568.979
  8    25.513   -52.985  3.016  16 1 6 1 2 4 8 16 32 332.974 336.859
  9   -49.261   -41.718  3.177  21 1 6 1 2 4 8 16 32 454.002 457.800
 10   -37.561   -41.730  3.484   3 1 6 1 2 4 8 16 32 337.952 341.773
 11   -14.520    48.962  3.207 -24 1 6 1 2 4 8 16 32 494.125 497.807
 12    41.229   -24.500  3.077   2 1 6 1 2 4 8 16 32 844.431 848.143
 13   -21.863     0.916  2.979   4 1 6 1 2 4 8 16 32 260.916 264.675
 14   -48.181   -16.284  3.272  18 1 6 1 2 4 8 16 32 444.506 448.316
 15    -7.776    44.348  3.420   5 1 6 1 2 4 8 16 32 124.990 128.903
 16    20.801    10.760  3.314  13 1 6 1 2 4 8 16 32 673.799 677.754
 17   -29.712   -46.326  3.350  13 1 6 1 2 4 8 16 32 426.746 430.671
 18   -20.203   -59.564  3.327  14 1 6 1 2 4 8 16 32 224.414 228.230
 19   -87.079   -52.899  3.238  10 1 6 1 2 4 8 16 32 506.994 510.947
 20     3.046    -6.305  3.263  -3 1 6 1 2 4 8 16 32 160.876 164.569
 21    11.865     5.261  3.469   1 1 6 1 2 4 8 16 32 825.870 829.439
 22   -24.072   -55.927  3.291  11 1 6 1 2 4 8 16 32 834.368 838.313
 23   -22.803     5.658  3.400 -16 1 6 1 2 4 8 16 32 463.945 467.530
 24   -51.904     9.412  2.982  -6 1 6 1 2 4 8 16 32 589.404 593.262
 25    12.732   -40.967  3.316 -18 1 6 1 2 4 8 16 32 211.427 215.002
 26   -30.988     7.654  3.525  11 1 6 1 2 4 8 16 32 900.542 904.225
 27    37.512     0.458  3.238  15 1 6 1 2 4 8 16 32 361.544 365.341
 28     2.954    -8.563  3.395  17 1 6 1 2 4 8 16 32 224.059 227.789
 29     0.549     3.644  3.290 -17 1 6 1 2 4 8 16 32 897.334 901.113
 30   -52.484     9.711  3.515   1 1 6 1 2 4 8 16 32 307.069 310.927
 31    33.936   -48.718  3.539  -1 1 6 1 2 4 8 16 32 452.614 456.391
 32   -13.129   -53.601  3.029  18 1 6 1 2 4 8 16 32 798.181 801.995
 33   -99.591    23.303  3.293  -3 1 6 1 2 4 8 16 32 420.588 424.404
 34     6.439    -3.516  3.545  21 1 6 1 2 4 8 16 32 535.348 539.304
 35   -14.032   -19.818  3.089  22 1 6 1 2 4 8 16 32 226.437 230.290
 36   -24.677    16.608  3.082  14 1 6 1 2 4 8 16 32 310.350 314.119
 37   -10.260   -81.769  3.107   4 1 6 1 2 4 8 16 32 172.483 176.253
 38    35.858     5.597  3.398  17 1 6 1 2 4 8 16 32 464.287 468.171
 39   -11.603    42.908  3.485  16 1 6 1 2 4 8 16 32 719.353 723.050
 40   -34.662   -15.466  3.221   8 1 6 1 2 4 8 16 32 467.639 471.382
 41    66.852     1.135  3.552  14 1 6 1 2 4 8 16 32 530.514 534.200
 42     6.866    -1.416  3.293  23 1 6 1 2 4 8 16 32 747.078 750.860
 43     1.660    -2.234  3.549   1 1 6 1 2 4 8 16 32 568.286 572.026
 44    37.561    11.450  3.522  21 1 6 1 2 4 8 16 32 150.242 153.859
 45    51.672   -26.343  3.019  10 1 6 1 2 4 8 16 32 249.772 253.637
 46    19.025   -10.889  2.997  19 1 6 1 2 4 8 16 32 786.509 790.452
 47   -37.982    -6.360  3.136  -6 1 6 1 2 4 8 16 32 858.880 862.452
 48   -56.537   -42.334  3.169   4 1 6 1 2 4 8 16 32 401.895 405.638
 49     1.099   -14.624  3.362  18 1 6 1 2 4 8 16 32 793.299 797.130
 50   -56.238    -3.076  2.990 -23 1 6 1 2 4 8 16 32 460.860 464.630
 51   -23.669   -15.289  3.483  25 1 6 1 2 4 8 16 32 349.993 353.944
 52   -34.277    -1.410  3.528  17 1 6 1 2 4 8 16 32 337.553 341.125
 53   -64.178    63.812  3.012  11 1 6 1 2 4 8 16 32 806.645 810.336
 54   -47.083   -20.386  3.153  20 1 6 1 2 4 8 16 32 481.109 484.971
 55   -33.710     8.380  3.447   9 1 6 1 2 4 8 16 32 650.331 654.175
 56    34.290    26.031  3.062  23 1 6 1 2 4 8 16 32 858.417 862.142
 57   -38.861    42.114  3.302 -14 1 6 1 2 4 8 16 32 746.079 749.907
 58   -92.731    44.885  3.361  -7 1 6 1 2 4 8 16 32 664.252 668.157
 59    23.633    27.643  3.327  15 1 6 1 2 4 8 16 32 141.250 145.154
 60   -67.139   -67.078  3.359  22 1 6 1 2 4 8 16 32 790.038 793.610
 61    25.726   -25.836  3.040   4 1 6 1 2 4 8 16 32 202.590 206.550
 62   -40.985   -16.895  3.148  14 1 6 1 2 4 8 16 32 266.542 270.284
 63    77.008    -6.097  3.548  24 1 6 1 2 4 8 16 32 156.110 159.761
 64   -54.810    -1.935  3.272  13 1 6 1 2 4 8 16 32 732.964 736.886
 65   -53.943   -29.663  3.130   9 1 6 1 2 4 8 16 32 274.044 277.971
 66    16.089   -27.887  3.364  -3 1 6 1 2 4 8 16 32 127.637 131.281
 67   -59.436    36.487  3.015  23 1 6 1 2 4 8 16 32 850.717 854.330
 68    34.473    25.391  3.389  -2 1 6 1 2 4 8 16 32 673.712 677.312
 69    -9.283    -6.689  3.560  23 1 6 1 2 4 8 16 32 105.374 109.220
 70   -85.559   -20.477  3.268   8 1 6 1 2 4 8 16 32 709.419 713.158
 71    29.523    18.347  3.238 -23 1 6 1 2 4 8 16 32 512.543 516.385
 72    27.814     6.512  3.056  13 1 6 1 2 4 8 16 32 141.461 145.413
 73    42.151   -25.580  3.205  25 1 6 1 2 4 8 16 32 754.463 758.056
 74    82.202    85.828  3.229 -25 1 6 1 2 4 8 16 32 449.791 453.551
 75   -47.766   -35.590  3.507 -20 1 6 1 2 4 8 16 32 748.663 752.259
 76    22.015   -20.349  3.351  -9 1 6 1 2 4 8 16 32 167.896 171.756
 77   -55.756   -33.490  3.227  15 1 6 1 2 4 8 16 32 388.315 392.022
 78    62.006    -1.453  3.433   4 1 6 1 2 4 8 16 32 166.057 169.645
 79    25.549    -3.796  3.267   1 1 6 1 2 4 8 16 32 148.835 152.748
 80   -43.372    -7.379  3.559   7 1 6 1 2 4 8 16 32 174.944 178.546
 81    60.297    52.637  3.130  12 1 6 1 2 4 8 16 32 746.204 750.089
 82   -96.155    34.100  3.425   5 1 6 1 2 4 8 16 32 717.309 720.911
 83   -32.806    -3.845  3.351   8 1 6 1 2 4 8 16 32 865.580 869.467
 84   -47.827   -45.203  3.100   1 1 6 1 2 4 8 16 32 602.781 606.561
 85   -31.128   -93.848  3.427  24 1 6 1 2 4 8 16 32 294.884 298.461
 86   -17.010   -21.857  3.412  23 1 6 1 2 4 8 16 32 576.958 580.804
 87    -8.386    -2.264  3.066  12 1 6 1 2 4 8 16 32 415.262 418.975
 88    35.834    13.147  3.100   2 1 6 1 2 4 8 16 32 540.002 543.705
 89    29.315    54.468  3.419  22 1 6 1 2 4 8 16 32 441.772 445.574
 90    48.352    -8.783  3.545   3 1 6 1 2 4 8 16 32 779.915 783.778
 91    -2.930    27.039  3.456  12 1 6 1 2 4 8 16 32 711.623 715.407
 92   -16.620   -55.389  3.463  16 1 6 1 2 4 8 16 32 261.788 265.746
 93   -40.851   -47.742  3.126   8 1 6 1 2 4 8 16 32 608.039 611.832
 94   -12.878    -2.039  3.511  25 1 6 1 2 4 8 16 32 906.798 910.431
 95   -51.776     7.281  3.015   6 1 6 1 2 4 8 16 32 708.788 712.726
 96   -32.922    23.828  3.256 -24 1 6 1 2 4 8 16 32 655.449 659.282
 97    13.983   -34.521  2.990  16 1 6 1 2 4 8 16 32 370.070 373.647
 98   -35.834   -23.834  3.293   7 1 6 1 2 4 8 16 32 662.070 665.737
 99    91.858     5.542  3.503   9 1 6 1 2 4 8 16 32 781.283 785.014
100   -28.442   -34.180  2.996  23 1 6 1 2 4 8 16 32 91.880 95.735
101    33.844    27.875  3.121  24 1 6 1 2 4 8 16 32 445.382 449.137
102    98.431    31.348  3.027  19 1 6 1 2 4 8 16 32 691.490 695.381
103   -57.751   -27.753  3.078   9 1 6 1 2 4 8 16 32 570.656 574.538
104   -43.890    13.007  3.347  10 1 6 1 2 4 8 16 32 447.896 451.533
105    37.585    49.768  3.423  23 1 6 1 2 4 8 16 32 798.383 802.306
106    -3.687     7.373  2.994   2 1 6 1 2 4 8 16 32 641.537 645.331
107   -98.242    61.658  3.266   5 1 6 1 2 4 8 16 32 563.861 567.617
108   -23.560   -32.520  3.319  25 1 6 1 2 4 8 16 32 240.590 244.195
109    22.980   -18.109  3.392  17 1 6 1 2 4 8 16 32 480.112 484.017
110    43.915    -2.985  3.416 -23 1 6 1 2 4 8 16 32 132.209 135.900
111    71.509    11.652  3.463  23 1 6 1 2 4 8 16 32 755.632 759.298
112   -43.011   -38.702  3.544 -13 1 6 1 2 4 8 16 32 262.834 266.768
113   -83.954     2.179  3.449   2 1 6 1 2 4 8 16 32 220.731 224.516
114    11.090   -40.942  3.120  24 1 6 1 2 4 8 16 32 279.473 283.321
115    27.173   -13.330  3.052  22 1 6 1 2 4 8 16 32 688.076 691.766
116   -86.102   -59.808  3.285  20 1 6 1 2 4 8 16 32 819.394 822.976
117   -22.345   -78.278  3.396  15 1 6 1 2 4 8 16 32 155.349 159.144
118   -38.727   -33.588  3.160  12 1 6 1 2 4 8 16 32 847.502 851.068
119    -1.227   -28.668  3.463  17 1 6 1 2 4 8 16 32 772.018 775.824
120    81.329   -44.244  3.139  21 1 6 1 2 4 8 16 32 708.956 712.760
121    51.904    19.891  3.447 -10 1 6 1 2 4 8 16 32 209.147 213.078
122   -34.973   -27.856  3.073   4 1 6 1 2 4 8 16 32 596.376 600.304
123   -51.483   -23.248  3.460  21 1 6 1 2 4 8 16 32 792.822 796.570
124    -0.647   -46.057  3.472   3 1 6 1 2 4 8 16 32 66.374 70.310
125    68.219   -66.986  2.996 -17 1 6 1 2 4 8 16 32 325.666 329.621
126   -15.149   -25.482  3.106  19 1 6 1 2 4 8 16 32 309.925 313.594
127    22.412   -34.375  3.487  10 1 6 1 2 4 8 16 32 719.919 723.749
128    36.176   -10.431  3.036  21 1 6 1 2 4 8 16 32 579.152 582.993
129   -23.639   -47.681  3.537 -21 1 6 1 2 4 8 16 32 817.623 821.251
130   -14.722    32.684  3.289  -6 1 6 1 2 4 8 16 32 633.437 637.110
131    16.821   -12.720  3.174  -8 1 6 1 2 4 8 16 32 195.492 199.390
132    93.378    23.004  2.973  -8 1 6 1 2 4 8 16 32 752.370 756.279
133    40.344   -24.176  3.438  13 1 6 1 2 4 8 16 32 511.240 515.070
134     5.530    -4.901  3.203  -7 1 6 1 2 4 8 16 32 536.589 540.381
135   -78.015     1.270  3.060  11 1 6 1 2 4 8 16 32 122.441 126.071
136    51.569   -45.673  3.446 -18 1 6 1 2 4 8 16 32 774.303 778.177
137    49.249   -30.896  3.006  10 1 6 1 2 4 8 16 32 787.507 791.393
138   -62.195   -21.399  3.408  25 1 6 1 2 4 8 16 32 364.034 367.858
139    -5.048     7.306  3.185   7 1 6 1 2 4 8 16 32 376.872 380.490
140     1.727   -70.221  3.091  17 1 6 1 2 4 8 16 32 103.948 107.872
141     1.361    -3.564  3.511 -20 1 6 1 2 4 8 16 32 60.312 64.097
142   -15.521    16.425  3.371  18 1 6 1 2 4 8 16 32 730.467 734.113
143   -31.604   -60.938  3.021  21 1 6 1 2 4 8 16 32 830.035 833.930
144   -46.997   -55.560  3.045  14 1 6 1 2 4 8 16 32 596.096 599.851
145     2.301     5.536  3.186   2 1 6 1 2 4 8 16 32 415.158 418.774
146   -30.328    -0.580  3.200  18 1 6 1 2 4 8 16 32 296.024 299.929
147   -16.821    17.664  3.155 -10 1 6 1 2 4 8 16 32 76.326 80.279
148    52.655    29.034  2.983   5 1 6 1 2 4 8 16 32 771.303 775.099
149   -11.993   -83.771  3.010  15 1 6 1 2 4 8 16 32 163.689 167.594
150    41.632    43.048  3.166  17 1 6 1 2 4 8 16 32 747.648 751.373
151     8.508    -2.539  3.252  12 1 6 1 2 4 8 16 32 121.025 124.895
152    31.512    -8.978  3.020  14 1 6 1 2 4 8 16 32 508.340 512.055
153    -3.339   -36.243  3.122   3 1 6 1 2 4 8 16 32 399.234 403.079
154   -26.379    13.776  3.549   7 1 6 1 2 4 8 16 32 629.883 633.631
155    28.430    10.571  3.181  21 1 6 1 2 4 8 16 32 875.576 879.334
156     5.975    27.289  3.066   7 1 6 1 2 4 8 16 32 792.059 795.913
157   -32.135   -45.068  3.284   5 1 6 1 2 4 8 16 32 709.209 712.873
158    31.097    -7.916  2.985  24 1 6 1 2 4 8 16 32 840.082 843.724
159    28.198   -29.755  3.258  13 1 6 1 2 4 8 16 32 318.695 322.307
160   -39.612   -33.594  3.035  18 1 6 1 2 4 8 16 32 266.795 270.503
161   -19.220    -5.133  3.067  19 1 6 1 2 4 8 16 32 839.715 843.642
162   -10.114    69.977  3.253  22 1 6 1 2 4 8 16 32 429.601 433.181
163    22.894   -44.348  3.258  13 1 6 1 2 4 8 16 32 82.700 86.478
164   -34.741     0.580  3.164  10 1 6 1 2 4 8 16 32 747.342 750.961
165   -44.952   -77.734  3.131   4 1 6 1 2 4 8 16 32 285.270 289.051
166   -23.749   -56.012  3.530  17 1 6 1 2 4 8 16 32 166.839 170.707
167    69.073   -97.125  3.283  -2 1 6 1 2 4 8 16 32 145.591 149.537
168    12.170   -59.869  3.194  18 1 6 1 2 4 8 16 32 589.970 593.633
169    47.339    17.365  3.476   2 1 6 1 2 4 8 16 32 157.201 160.781
170    -4.706    14.056  3.246  18 1 6 1 2 4 8 16 32 231.097 234.723
171   -52.374   -50.244  3.359  13 1 6 1 2 4 8 16 32 693.796 697.714
172    39.215   -29.773  3.534  24 1 6 1 2 4 8 16 32 770.805 774.680
173   -42.316   -60.602  3.003  25 1 6 1 2 4 8 16 32 891.467 895.300
174    19.135    41.150  3.161   2 1 6 1 2 4 8 16 32 665.923 669.550
175   -54.706   -17.596  3.158   2 1 6 1 2 4 8 16 32 772.315 776.274
176    11.737   -83.173  3.072   7 1 6 1 2 4 8 16 32 274.683 278.404
177   -40.582   -53.247  3.088  23 1 6 1 2 4 8 16 32 584.358 587.997
178    -6.421    21.967  2.971  21 1 6 1 2 4 8 16 32 822.061 825.997
179   -31.268   -34.613  3.516  18 1 6 1 2 4 8 16 32 199.356 203.109
180    -3.668   -26.868  3.283  21 1 6 1 2 4 8 16 32 362.303 365.984
181    13.409   -22.302  3.303  23 1 6 1 2 4 8 16 32 123.443 127.175
182   -95.892   -86.322  3.427 -16 1 6 1 2 4 8 16 32 578.996 582.594
183    88.983   -53.387  3.443  22 1 6 1 2 4 8 16 32 821.420 825.045
184   -55.048   -32.538  3.258  11 1 6 1 2 4 8 16 32 820.061 823.778
185    27.850   -10.028  3.543  22 1 6 1 2 4 8 16 32 509.448 513.348
186    40.918   -36.090  3.075  10 1 6 1 2 4 8 16 32 251.870 255.507
187   -58.350    15.814  3.334  15 1 6 1 2 4 8 16 32 321.809 325.655
188   -52.161   -74.725  3.057  23 1 6 1 2 4 8 16 32 643.306 646.977
189   -66.772   -34.943  3.427   7 1 6 1 2 4 8 16 32 851.311 855.145
190   -33.374   -62.024  2.998  -1 1 6 1 2 4 8 16 32 262.357 266.266
191    -8.649    31.708  3.228  21 1 6 1 2 4 8 16 32 310.331 313.965
192   -26.166   -56.152  3.369  11 1 6 1 2 4 8 16 32 901.413 905.345
193   -39.874   -53.375  3.217   2 1 6 1 2 4 8 16 32 427.336 431.038
194    71.643   -36.981  3.020  24 1 6 1 2 4 8 16 32 587.541 591.270
195   -96.924     8.411  3.186  25 1 6 1 2 4 8 16 32 519.803 523.585
196    -2.911    36.200  3.403 -17 1 6 1 2 4 8 16 32 515.788 519.441
197   -53.253    14.099  3.371  10 1 6 1 2 4 8 16 32 414.929 418.881
198    67.316   -39.734  3.555 -18 1 6 1 2 4 8 16 32 570.727 574.657
199    -6.525    11.975  3.269   2 1 6 1 2 4 8 16 32 255.436 259.173
200    16.425    33.221  3.414 -12 1 6 1 2 4 8 16 32 140.827 144.527
201   -19.061   -56.921  3.153  -4 1 6 1 2 4 8 16 32 514.267 517.915
202    25.189   -21.045  3.382   1 1 6 1 2 4 8 16 32 203.508 207.351
203    37.854    -5.524  3.415   1 1 6 1 2 4 8 16 32 826.619 830.421
204   -16.479    48.657  3.185   6 1 6 1 2 4 8 16 32 446.288 450.182
205     2.344   -16.516  3.008  22 1 6 1 2 4 8 16 32 83.908 87.851
206   -48.621   -12.390  3.193  25 1 6 1 2 4 8 16 32 480.673 484.363
207   -42.621   -50.006  3.468  21 1 6 1 2 4 8 16 32 606.886 610.798
208    16.016    11.169  3.001  18 1 6 1 2 4 8 16 32 824.973 828.698
209   -80.408   -60.583  3.528  14 1 6 1 2 4 8 16 32 457.397 461.227
210   -95.068    44.293  3.196  21 1 6 1 2 4 8 16 32 347.369 351.072
211    -6.885    24.884  3.197   4 1 6 1 2 4 8 16 32 411.862 415.624
212    -4.803    21.674  3.451   1 1 6 1 2 4 8 16 32 763.069 766.750
213     7.037   -45.337  3.237  18 1 6 1 2 4 8 16 32 377.570 381.261
214    31.293   -39.905  3.398   4 1 6 1 2 4 8 16 32 614.604 618.389
215    14.984    26.172  3.090   4 1 6 1 2 4 8 16 32 767.042 770.667
216    33.203   -52.289  3.147   5 1 6 1 2 4 8 16 32 227.734 231.681
217   -59.277    39.667  3.285  15 1 6 1 2 4 8 16 32 168.337 172.056
218    30.054   -36.823  3.184   5 1 6 1 2 4 8 16 32 513.786 517.368
219     9.351   -39.044  3.424  22 1 6 1 2 4 8 16 32 587.746 591.463
220   -10.651    54.431  3.136 -21 1 6 1 2 4 8 16 32 249.433 253.334
221    20.856   -26.465  3.243  17 1 6 1 2 4 8 16 32 93.867 97.530
222    19.617    17.865  2.985  -8 1 6 1 2 4 8 16 32 780.975 784.750
223   -36.981   -92.950  3.314   4 1 6 1 2 4 8 16 32 400.508 404.412
224    -3.760    59.875  3.082   4 1 6 1 2 4 8 16 32 352.931 356.874
225    11.682   -63.336  3.441  16 1 6 1 2 4 8 16 32 306.575 310.140
226     4.468   -36.133  3.121   5 1 6 1 2 4 8 16 32 94.157 97.831
227    47.040   -41.254  3.173  15 1 6 1 2 4 8 16 32 143.273 147.093
228    29.938   -58.710  3.095  25 1 6 1 2 4 8 16 32 523.026 526.607
229   -70.569    -7.037  3.191  15 1 6 1 2 4 8 16 32 676.741 680.350
230    56.262     1.819  3.305   7 1 6 1 2 4 8 16 32 435.216 439.000
231    46.210   -53.522  3.224  19 1 6 1 2 4 8 16 32 727.058 730.939
232     6.366   -14.264  3.192  11 1 6 1 2 4 8 16 32 164.061 167.628
233   -34.540   -39.502  3.319  13 1 6 1 2 4 8 16 32 285.784 289.399
234   -50.537    28.357  3.181  24 1 6 1 2 4 8 16 32 506.397 510.243
235   -61.444   -10.901  3.391   4 1 6 1 2 4 8 16 32 742.221 745.855
236   -30.823    17.902  3.260 -13 1 6 1 2 4 8 16 32 487.181 490.942
237    49.658    24.469  3.159  -6 1 6 1 2 4 8 16 32 566.769 570.688
238   -69.775   -41.406  3.004   4 1 6 1 2 4 8 16 32 849.976 853.624
239   -18.939    57.690  2.973  12 1 6 1 2 4 8 16 32 784.948 788.751
240   -22.449    15.771  3.500   4 1 6 1 2 4 8 16 32 263.120 266.961
241    -7.599    37.030  3.342  -4 1 6 1 2 4 8 16 32 680.420 684.267
242    27.435    17.554  3.481 -25 1 6 1 2 4 8 16 32 565.799 569.661
243    45.526    -5.127  3.341  25 1 6 1 2 4 8 16 32 439.487 443.060
244   -33.551   -25.586  3.473 -14 1 6 1 2 4 8 16 32 486.548 490.122
245    -4.645    53.754  3.292  25 1 6 1 2 4 8 16 32 551.421 555.022
246   -41.119   -13.361  2.981 -13 1 6 1 2 4 8 16 32 595.775 599.621
247    23.010   -45.703  3.178  13 1 6 1 2 4 8 16 32 699.664 703.443
248    17.230     5.096  3.246 -11 1 6 1 2 4 8 16 32 338.486 342.263
249    -6.818   -19.873  3.277 -24 1 6 1 2 4 8 16 32 866.321 870.163
250    52.966    51.410  3.445   5 1 6 1 2 4 8 16 32 458.778 462.485
251   -28.662   -50.940  3.411  12 1 6 1 2 4 8 16 32 106.645 110.251
252    69.684   -51.520  3.133  -4 1 6 1 2 4 8 16 32 385.458 389.041
253    36.884   -17.371  3.313   5 1 6 1 2 4 8 16 32 678.156 681.971
254   -19.659    42.035  3.334  24 1 6 1 2 4 8 16 32 590.866 594.625
255    72.125    65.405  3.416  17 1 6 1 2 4 8 16 32 767.208 770.776
256   -71.368    59.863  3.225   4 1 6 1 2 4 8 16 32 742.688 746.269
257    18.317   -37.750  3.093   1 1 6 1 2 4 8 16 32 439.309 443.070
258    18.121     0.482  3.416  19 1 6 1 2 4 8 16 32 104.679 108.538
259    -1.105   -30.676  3.051   7 1 6 1 2 4 8 16 32 85.861 89.502
260   -44.574   -44.055  3.206  24 1 6 1 2 4 8 16 32 853.835 857.778
261   -28.058   -59.436  3.344  10 1 6 1 2 4 8 16 32 711.304 715.224
262    -7.953     4.639  3.160  13 1 6 1 2 4 8 16 32 669.319 673.089
263   -37.366   -28.528  3.502  24 1 6 1 2 4 8 16 32 119.194 122.897
264     4.388   -38.489  3.365   3 1 6 1 2 4 8 16 32 322.496 326.405
265   -44.592   -35.333  3.447 -14 1 6 1 2 4 8 16 32 741.459 745.251
266   -56.714   -39.252  3.417   2 1 6 1 2 4 8 16 32 539.277 542.951
267    13.452   -32.159  3.062 -24 1 6 1 2 4 8 16 32 639.980 643.550
268   -20.343   -11.182  3.175  11 1 6 1 2 4 8 16 32 758.325 761.909
269     3.436   -52.734  3.529   5 1 6 1 2 4 8 16 32 201.614 205.234
270    40.576   -54.492  3.146 -14 1 6 1 2 4 8 16 32 179.495 183.205
271    31.952   -25.421  3.168 -21 1 6 1 2 4 8 16 32 429.070 432.885
272   -57.434    38.525  3.158  14 1 6 1 2 4 8 16 32 567.651 571.405
273    47.510   -42.035  3.252  15 1 6 1 2 4 8 16 32 142.705 146.562
274   -28.143   -41.614  3.529  -3 1 6 1 2 4 8 16 32 379.451 383.219
275    -2.258    -5.078  3.171  15 1 6 1 2 4 8 16 32 590.122 594.053
276   -27.167   -27.936  3.438  15 1 6 1 2 4 8 16 32 362.211 365.947
277   -24.048   -47.192  3.314  21 1 6 1 2 4 8 16 32 220.728 224.580
278   -77.521   -55.084  3.133  17 1 6 1 2 4 8 16 32 259.404 263.000
279   -62.036   -43.439  3.081 -18 1 6 1 2 4 8 16 32 190.802 194.396
280   -71.936   -20.160  3.203  15 1 6 1 2 4 8 16 32 387.537 391.149
281   -66.504   -39.789  2.986  19 1 6 1 2 4 8 16 32 541.073 544.754
282    14.587    48.444  3.000   9 1 6 1 2 4 8 16 32 401.050 404.764
283    31.366   -29.462  3.164  10 1 6 1 2 4 8 16 32 273.262 277.097
284     6.512   -46.124  3.149  13 1 6 1 2 4 8 16 32 316.891 320.797
285     9.650    39.508  3.102  25 1 6 1 2 4 8 16 32 176.071 179.853
286    16.040    16.681  3.126  -1 1 6 1 2 4 8 16 32 439.360 443.229
287     7.745   -75.378  3.195  11 1 6 1 2 4 8 16 32 678.246 682.089
288   -27.173    -4.462  3.309 -25 1 6 1 2 4 8 16 32 269.645 273.377
289   -40.198   -12.781 0.000   0 0 0 0.000 990.110
290   -40.488   -35.864 0.000   0 0 0 0.000 990.110
291    -1.193     2.515 0.000   0 0 0 0.000 990.110
292    18.329   -35.468 0.000   0 0 0 0.000 990.110
293    23.746    -0.522 0.000   0 0 0 0.000 990.110
294   -46.396   -39.923 0.000   0 0 0 0.000 990.110
