6 1 48 4
0 200
0 200
0 200
0 200
  1   -29.730    64.136  3.212  12 1 4 1 2 4 8 739.478 743.271
  2   -30.664     5.463  3.176   8 1 4 1 2 4 8 728.319 731.838
  3    51.642     5.469  2.920  16 1 4 1 2 4 8 578.624 582.097
  4   -13.171    69.336  2.990   5 1 4 1 2 4 8 173.530 177.068
  5   -67.413    68.323  3.307  12 1 4 1 2 4 8 412.470 416.110
  6    48.907     6.274  3.300   5 1 4 1 2 4 8 785.012 788.564
  7     5.243    22.260  3.366  13 1 4 1 2 4 8 610.883 614.455
  8   -65.002    77.234  3.441  20 1 4 1 2 4 8 239.510 243.204
  9    -4.175    -1.569  3.040  13 1 4 1 2 4 8 696.570 700.119
 10    23.029    11.639  3.150  18 1 4 1 2 4 8 137.487 141.020
 11    25.482     6.287  3.325   7 1 4 1 2 4 8 722.780 726.361
 12   -42.615   -26.392  3.068   6 1 4 1 2 4 8 598.827 602.275
 13   -76.672    99.341  3.348   9 1 4 1 2 4 8 486.292 489.885
 14   -20.673    57.892  3.173   9 1 4 1 2 4 8 114.687 118.275
 15   -52.039     6.567  3.132   4 1 4 1 2 4 8 275.214 279.031
 16   -41.376    50.824  3.384  25 1 4 1 2 4 8 868.137 871.728
 17   -91.943    27.588  3.104   5 1 4 1 2 4 8 620.207 623.989
 18   -65.118    30.212  3.200  17 1 4 1 2 4 8 572.229 575.786
 19    18.597    96.716  3.278   3 1 4 1 2 4 8 335.430 339.110
 20   -40.942    83.209  2.933  16 1 4 1 2 4 8 140.799 144.508
 21   -37.756   -33.325  3.192  25 1 4 1 2 4 8 537.874 541.456
 22    23.767    29.083  2.950  21 1 4 1 2 4 8 781.887 785.669
 23   -43.030    20.453  3.155  14 1 4 1 2 4 8 73.480 77.218
 24   -35.297   -24.896  3.164  19 1 4 1 2 4 8 391.157 394.851
 25   -54.755    14.368  2.870  14 1 4 1 2 4 8 353.144 356.915
 26   -49.329    33.374  3.292   6 1 4 1 2 4 8 776.889 780.650
 27    57.404    23.822  3.352  16 1 4 1 2 4 8 789.661 793.367
 28   -22.754    55.408  3.270   9 1 4 1 2 4 8 870.750 874.538
 29   -56.622    73.340  3.055  20 1 4 1 2 4 8 298.811 302.391
 30   -38.562    -3.705  3.396  13 1 4 1 2 4 8 702.182 705.885
 31   -16.779    19.537  3.186  10 1 4 1 2 4 8 687.980 691.454
 32   -11.560    11.615  2.911  16 1 4 1 2 4 8 822.735 826.547
 33   -46.545    97.974  3.022  19 1 4 1 2 4 8 256.677 260.283
 34    16.229     9.320  3.261  22 1 4 1 2 4 8 580.579 584.040
 35     1.294     7.349  2.898  14 1 4 1 2 4 8 439.701 443.436
 36   -26.404    29.529  3.307  10 1 4 1 2 4 8 168.243 171.932
 37     4.352    14.685  2.891  11 1 4 1 2 4 8 407.062 410.597
 38   -50.665   -23.126  3.326  15 1 4 1 2 4 8 772.733 776.268
 39   -22.833    -9.814  3.348  13 1 4 1 2 4 8 166.720 170.199
 40   -71.100   -18.616  3.356  15 1 4 1 2 4 8 359.181 362.710
 41    -7.849    32.074  2.913   8 1 4 1 2 4 8 216.249 219.934
 42    11.877   -24.933  3.188  22 1 4 1 2 4 8 206.965 210.608
 43   -18.927   -23.730  3.395  24 1 4 1 2 4 8 521.750 525.463
 44   -11.920    11.755  3.242   3 1 4 1 2 4 8 261.207 265.026
 45    29.840    11.633  3.252  25 1 4 1 2 4 8 88.920 92.429
 46    12.268   -55.811  3.228  19 1 4 1 2 4 8 169.499 173.274
 47   -37.933   -21.613  3.112  21 1 4 1 2 4 8 661.420 664.969
 48    42.883    -2.966  3.214  10 1 4 1 2 4 8 775.691 779.191
 49     4.163    13.559 0.000   0 0 0 0.000 956.420
 50    21.387    17.105 0.000   0 0 0 0.000 956.420
 51   -36.118    49.097 0.000   0 0 0 0.000 956.420
 52   -31.201     0.235 0.000   0 0 0 0.000 956.420
