6 2 96 4
0 195
0 195
0 195
0 195
  1    33.588    30.750  2.804   4 1 4 1 2 4 8 808.589 812.094
  2    48.828    65.314  3.002  12 1 4 1 2 4 8 399.581 402.861
  3    86.176    59.344  2.644   3 1 4 1 2 4 8 640.463 643.885
  4    39.270   -33.057  2.854  15 1 4 1 2 4 8 635.953 639.194
  5   -23.370    86.853  2.767  13 1 4 1 2 4 8 219.169 222.473
  6    48.132    95.593  2.888  20 1 4 1 2 4 8 136.635 140.098
  7   -16.357    93.311  3.050  21 1 4 1 2 4 8 542.919 546.361
  8   -57.703   -65.601  2.905   4 1 4 1 2 4 8 274.627 277.976
  9     7.147    32.684  2.809  25 1 4 1 2 4 8 613.382 616.631
 10    42.950    68.701  2.970  21 1 4 1 2 4 8 751.897 755.205
 11    37.085    -2.112  2.802   7 1 4 1 2 4 8 617.711 620.955
 12    77.759    55.817  3.008   3 1 4 1 2 4 8 155.555 158.995
 13   -17.462   -56.567  3.115   9 1 4 1 2 4 8 491.253 494.644
 14    58.575    59.888  3.037   5 1 4 1 2 4 8 576.845 580.349
 15    57.776    15.344  2.720  20 1 4 1 2 4 8 128.778 132.055
 16   -22.327    36.072  2.794  21 1 4 1 2 4 8 595.852 599.324
 17    -7.080    30.493  2.741  19 1 4 1 2 4 8 333.156 336.651
 18    55.658    60.425  2.792   2 1 4 1 2 4 8 516.675 520.111
 19   -14.307    11.456  2.997  16 1 4 1 2 4 8 486.626 489.850
 20   -29.724    24.268  2.665  18 1 4 1 2 4 8 675.057 678.406
 21    43.219     0.739  2.675  24 1 4 1 2 4 8 142.550 145.896
 22    45.184    35.474  2.898  24 1 4 1 2 4 8 711.306 714.497
 23    64.484     2.240  2.975   8 1 4 1 2 4 8 342.486 345.985
 24    55.078    72.241  3.004  16 1 4 1 2 4 8 316.204 319.386
 25    16.925    15.741  2.960  19 1 4 1 2 4 8 450.036 453.426
 26    45.038    -3.723  2.761  12 1 4 1 2 4 8 55.957 59.343
 27   -76.782     5.939  2.828   9 1 4 1 2 4 8 680.089 683.261
 28    36.169     0.256  2.671   3 1 4 1 2 4 8 516.886 520.338
 29    29.218     8.936  3.161  15 1 4 1 2 4 8 737.770 741.132
 30    65.057     5.225  2.834   4 1 4 1 2 4 8 282.624 286.030
 31    42.175   -22.284  2.963  24 1 4 1 2 4 8 186.610 189.920
 32    25.574    31.726  3.027  22 1 4 1 2 4 8 428.615 431.924
 33    31.561    37.262  2.849  14 1 4 1 2 4 8 598.120 601.469
 34    66.498   -54.169  2.793  11 1 4 1 2 4 8 293.224 296.387
 35    46.576   -17.938  2.675  20 1 4 1 2 4 8 332.017 335.268
 36    65.063    40.875  3.106   5 1 4 1 2 4 8 749.336 752.734
 37    -2.716    24.768  3.132  11 1 4 1 2 4 8 622.391 625.726
 38   -40.002     3.870  2.755  12 1 4 1 2 4 8 264.933 268.437
 39   -73.505    57.043  2.864   7 1 4 1 2 4 8 296.677 300.157
 40    81.146   -25.714  2.767   1 1 4 1 2 4 8 185.118 188.415
 41    12.006    -7.965  3.001  23 1 4 1 2 4 8 795.094 798.281
 42    42.761    38.092  2.681  13 1 4 1 2 4 8 662.718 666.161
 43     3.857   -23.181  2.673   4 1 4 1 2 4 8 266.447 269.692
 44    -7.367    24.390  2.810  23 1 4 1 2 4 8 644.493 647.727
 45    35.944   -11.835  3.136  17 1 4 1 2 4 8 254.499 257.696
 46    52.075     9.692  2.853  13 1 4 1 2 4 8 476.511 479.814
 47    30.725    30.701  2.791   9 1 4 1 2 4 8 509.687 513.028
 48    41.223    77.924  3.121  10 1 4 1 2 4 8 324.412 327.724
 49    68.884   -40.546  2.697  22 1 4 1 2 4 8 309.398 312.673
 50    76.312    86.670  3.093  21 1 4 1 2 4 8 701.176 704.350
 51    63.934    78.540  2.832  13 1 4 1 2 4 8 735.335 738.655
 52    29.150    -9.961  3.031  25 1 4 1 2 4 8 762.913 766.375
 53    85.522    39.954  2.726   8 1 4 1 2 4 8 512.667 516.041
 54    31.775     3.870  3.121  20 1 4 1 2 4 8 546.784 550.004
 55   -20.544    19.086  2.710   3 1 4 1 2 4 8 699.676 703.164
 56    55.353    43.817  3.102   4 1 4 1 2 4 8 737.147 740.610
 57    35.406    10.278  2.822  13 1 4 1 2 4 8 808.375 811.827
 58    25.464    -0.287  2.734  18 1 4 1 2 4 8 262.467 265.676
 59    12.396     0.244  3.114   1 1 4 1 2 4 8 280.496 283.852
 60    18.359    20.917  3.076  10 1 4 1 2 4 8 454.888 458.078
 61    27.960   -15.039  2.658  16 1 4 1 2 4 8 364.715 367.891
 62    -3.192    19.879  2.636   9 1 4 1 2 4 8 467.606 470.924
 63     9.332   -41.351  2.943  13 1 4 1 2 4 8 767.596 770.780
 64   -20.581    38.177  2.636  23 1 4 1 2 4 8 791.122 794.411
 65    27.820    28.729  2.880  14 1 4 1 2 4 8 332.037 335.440
 66    59.027    42.310  3.042   5 1 4 1 2 4 8 397.337 400.628
 67    56.311    58.734  2.913   1 1 4 1 2 4 8 123.690 126.942
 68   -51.654    -0.342  2.646   6 1 4 1 2 4 8 292.904 296.350
 69     2.576    32.721  3.052  20 1 4 1 2 4 8 560.897 564.208
 70    15.131    -3.046  2.972  10 1 4 1 2 4 8 394.800 398.030
 71    66.595    34.937  2.919  19 1 4 1 2 4 8 420.007 423.320
 72    19.476    20.142  2.821  24 1 4 1 2 4 8 53.015 56.463
 73    -1.172    20.648  3.009   3 1 4 1 2 4 8 662.662 665.862
 74   -21.204    13.660  2.837   5 1 4 1 2 4 8 591.429 594.919
 75    98.846     1.257  2.967  13 1 4 1 2 4 8 767.175 770.558
 76    82.593    72.003  2.708   5 1 4 1 2 4 8 166.475 169.686
 77    30.017   -30.896  3.096   4 1 4 1 2 4 8 262.564 265.774
 78    33.228    41.663  2.774  12 1 4 1 2 4 8 88.691 91.986
 79    39.490    -8.539  3.158  11 1 4 1 2 4 8 788.970 792.236
 80    54.498    70.813  3.161  20 1 4 1 2 4 8 706.118 709.511
 81     3.058    10.248  2.931  13 1 4 1 2 4 8 370.629 374.018
 82    51.831   -16.870  2.645   1 1 4 1 2 4 8 143.115 146.480
 83    76.416    11.346  2.971   3 1 4 1 2 4 8 279.938 283.296
 84     5.243     0.238  2.952   2 1 4 1 2 4 8 138.518 141.985
 85    50.592    34.247  3.103  23 1 4 1 2 4 8 232.497 235.769
 86    -5.231    -2.081  3.000   8 1 4 1 2 4 8 215.434 218.943
 87    24.194    25.836  2.911  25 1 4 1 2 4 8 440.254 443.454
 88    33.630    37.585  2.816  18 1 4 1 2 4 8 272.643 275.982
 89    31.445    -7.001  3.049   4 1 4 1 2 4 8 683.579 687.006
 90    30.707   -28.168  2.845   5 1 4 1 2 4 8 599.754 603.113
 91    49.860     1.038  2.933  21 1 4 1 2 4 8 789.110 792.364
 92   -35.767    14.142  2.989  23 1 4 1 2 4 8 741.032 744.533
 93   -29.309     4.889  3.003  19 1 4 1 2 4 8 719.598 722.845
 94    19.049    41.974  2.820   2 1 4 1 2 4 8 692.786 696.150
 95    27.600    13.934  2.844  21 1 4 1 2 4 8 609.536 612.956
 96    52.832    50.684  2.871  10 1 4 1 2 4 8 228.552 232.041
 97     6.229    10.590 0.000   0 0 0 0.000 878.140
 98    32.663    44.730 0.000   0 0 0 0.000 878.140
 99    48.807    48.792 0.000   0 0 0 0.000 878.140
100    33.179    -4.968 0.000   0 0 0 0.000 878.140
