6 3 144 4
0 190
0 190
0 190
0 190
  1   -55.280   -24.371  3.173   9 1 4 1 2 4 8 164.335 167.908
  2   -48.297    53.314  3.318  22 1 4 1 2 4 8 199.192 202.662
  3   -49.072   -38.489  3.014  10 1 4 1 2 4 8 373.722 377.149
  4    25.311   -18.561  3.338  24 1 4 1 2 4 8 411.901 415.483
  5   -24.469    -3.815  3.357  25 1 4 1 2 4 8 648.902 652.548
  6    24.591   -17.896  3.018   6 1 4 1 2 4 8 128.343 131.783
  7   -10.419    60.364  3.065  22 1 4 1 2 4 8 645.768 649.321
  8    38.177   -35.175  3.166   1 1 4 1 2 4 8 467.752 471.483
  9   -68.280    93.073  3.269  19 1 4 1 2 4 8 708.689 712.236
 10   -30.792   -57.336  3.130  19 1 4 1 2 4 8 431.479 434.983
 11   -37.061   -12.122  2.838   5 1 4 1 2 4 8 645.713 649.189
 12   -15.741   -47.638  3.357   9 1 4 1 2 4 8 606.761 610.509
 13   -63.379   -22.919  3.300   8 1 4 1 2 4 8 222.616 226.245
 14   -43.109   -43.439  3.241  14 1 4 1 2 4 8 671.684 675.228
 15   -25.623    13.599  3.116   4 1 4 1 2 4 8 487.891 491.498
 16    -2.625    16.632  2.971   7 1 4 1 2 4 8 673.927 677.557
 17   -41.577   -28.497  3.059  10 1 4 1 2 4 8 513.048 516.460
 18     2.081    12.885  3.202  22 1 4 1 2 4 8 161.162 164.548
 19     3.925   -47.845  3.153  17 1 4 1 2 4 8 478.128 481.713
 20   -83.295    26.324  3.348  10 1 4 1 2 4 8 257.738 261.125
 21    -6.458    26.355  2.986   8 1 4 1 2 4 8 647.196 650.889
 22     3.290     6.732  3.289  14 1 4 1 2 4 8 199.201 202.888
 23   -34.869    30.426  2.825  12 1 4 1 2 4 8 241.702 245.266
 24    15.546   -36.273  3.156  17 1 4 1 2 4 8 111.514 115.118
 25    12.842     5.127  3.067  19 1 4 1 2 4 8 162.203 165.799
 26   -48.450   -24.426  2.868  25 1 4 1 2 4 8 794.402 798.029
 27   -88.538   -10.461  3.278  25 1 4 1 2 4 8 455.306 458.874
 28   -29.773     0.995  2.829   6 1 4 1 2 4 8 663.783 667.306
 29     9.827    38.416  2.835  21 1 4 1 2 4 8 356.639 360.385
 30     1.410    92.938  3.292   3 1 4 1 2 4 8 499.044 502.678
 31   -79.303    15.381  2.942  19 1 4 1 2 4 8 257.988 261.603
 32   -30.652    40.063  3.110  16 1 4 1 2 4 8 268.758 272.237
 33    18.927    21.637  3.062  21 1 4 1 2 4 8 660.444 663.893
 34    45.087   -59.906  2.885  17 1 4 1 2 4 8 137.282 141.011
 35   -34.949    -3.815  2.938  19 1 4 1 2 4 8 374.133 377.881
 36    81.201   -74.744  2.859   6 1 4 1 2 4 8 576.703 580.082
 37    15.594   -28.455  2.819  10 1 4 1 2 4 8 653.455 656.988
 38   -72.192    29.547  3.233  22 1 4 1 2 4 8 426.908 430.463
 39   -42.914   -22.675  3.341  17 1 4 1 2 4 8 226.013 229.538
 40   -76.392   -57.489  3.190  16 1 4 1 2 4 8 388.288 391.887
 41   -28.540    12.073  2.857   5 1 4 1 2 4 8 244.863 248.547
 42   -61.389    26.526  3.026   1 1 4 1 2 4 8 532.488 536.193
 43    -8.472    12.616  2.956  21 1 4 1 2 4 8 181.587 185.061
 44   -61.475    33.392  2.961  20 1 4 1 2 4 8 320.510 324.244
 45   -34.674   -27.588  2.954   6 1 4 1 2 4 8 520.017 523.756
 46    10.315   -12.518  3.312   1 1 4 1 2 4 8 282.432 285.824
 47   -83.014    77.002  3.175  11 1 4 1 2 4 8 404.692 408.338
 48   -40.417    49.988  3.084  22 1 4 1 2 4 8 180.434 184.154
 49    83.832    33.905  3.268  25 1 4 1 2 4 8 384.256 387.903
 50   -20.563   -75.830  3.265  18 1 4 1 2 4 8 565.468 569.160
 51    15.442   -18.719  2.993   9 1 4 1 2 4 8 180.615 184.146
 52   -59.937   -65.802  2.941  23 1 4 1 2 4 8 382.788 386.337
 53     5.151    47.815  2.882  17 1 4 1 2 4 8 667.401 670.893
 54    46.008    14.990  3.069   4 1 4 1 2 4 8 295.641 299.127
 55    82.977    -1.660  3.135   1 1 4 1 2 4 8 429.033 432.509
 56    39.893   -38.916  2.918  14 1 4 1 2 4 8 427.009 430.697
 57    90.839   -83.539  3.235  11 1 4 1 2 4 8 293.828 297.211
 58     7.068     0.067  2.865   7 1 4 1 2 4 8 757.582 761.064
 59    18.958    40.088  2.886  21 1 4 1 2 4 8 783.940 787.320
 60   -80.487    58.209  3.173   3 1 4 1 2 4 8 463.825 467.535
 61    64.459   -62.946  3.099  18 1 4 1 2 4 8 478.026 481.767
 62   -43.616   -26.117  3.143   5 1 4 1 2 4 8 404.491 407.996
 63   -18.408    10.303  2.843   6 1 4 1 2 4 8 872.128 875.714
 64   -43.921    63.251  3.115  22 1 4 1 2 4 8 649.028 652.498
 65    11.353    26.221  3.326  13 1 4 1 2 4 8 808.496 812.056
 66    -6.995    38.239  3.353  17 1 4 1 2 4 8 338.609 342.243
 67    74.084   -34.216  3.011   5 1 4 1 2 4 8 527.049 530.621
 68    14.301    -0.800  2.862   7 1 4 1 2 4 8 811.279 814.888
 69   -94.141   -48.779  3.343   1 1 4 1 2 4 8 260.714 264.292
 70    15.332   -42.169  2.968   3 1 4 1 2 4 8 502.991 506.420
 71   -46.637   -16.461  3.361  10 1 4 1 2 4 8 557.313 560.842
 72    -0.958   -81.000  3.044   5 1 4 1 2 4 8 478.385 481.874
 73   -37.445   -42.505  2.901   1 1 4 1 2 4 8 530.787 534.408
 74    -3.680   -69.073  3.071  17 1 4 1 2 4 8 367.603 371.281
 75    34.894   -20.898  3.151  14 1 4 1 2 4 8 806.068 809.620
 76    45.544    51.410  3.098   4 1 4 1 2 4 8 548.136 551.772
 77   -31.927    88.239  2.835  10 1 4 1 2 4 8 300.034 303.569
 78   -13.580   -26.959  3.356  25 1 4 1 2 4 8 293.902 297.640
 79    12.653   -48.340  2.955  11 1 4 1 2 4 8 691.552 695.036
 80   -46.179   -38.269  3.232  16 1 4 1 2 4 8 113.543 116.991
 81   -29.620    35.083  3.198  25 1 4 1 2 4 8 478.124 481.509
 82    13.696    43.988  3.234  20 1 4 1 2 4 8 365.672 369.160
 83    38.342   -46.338  2.983   3 1 4 1 2 4 8 748.787 752.383
 84   -26.227    24.506  3.107   7 1 4 1 2 4 8 195.075 198.732
 85    90.009   -43.640  2.868   2 1 4 1 2 4 8 381.571 384.986
 86    -6.995    22.522  3.090   6 1 4 1 2 4 8 205.643 209.314
 87   -29.993   -28.851  3.286  14 1 4 1 2 4 8 92.324 95.832
 88   -56.268   -64.740  3.021  14 1 4 1 2 4 8 757.534 761.234
 89   -87.415    90.796  3.290   2 1 4 1 2 4 8 658.471 661.974
 90    -5.762    54.034  2.873  15 1 4 1 2 4 8 180.063 183.535
 91   -34.845   -27.185  2.949  22 1 4 1 2 4 8 838.258 841.758
 92   -16.479    16.180  2.895   4 1 4 1 2 4 8 355.522 358.937
 93    23.712    29.492  3.313  22 1 4 1 2 4 8 238.222 241.896
 94   -40.991    46.594  3.349  19 1 4 1 2 4 8 371.182 374.605
 95   -53.516   -21.619  3.025   5 1 4 1 2 4 8 147.694 151.088
 96   -17.560    37.494  3.347  10 1 4 1 2 4 8 714.235 717.954
 97   -37.311    56.836  3.354   4 1 4 1 2 4 8 349.473 353.204
 98    71.515    22.510  3.251   7 1 4 1 2 4 8 280.461 284.083
 99   -41.864    27.710  3.149  11 1 4 1 2 4 8 149.380 152.869
100    14.819   -82.117  3.361  14 1 4 1 2 4 8 758.651 762.134
101    30.316   -55.322  3.206   2 1 4 1 2 4 8 240.102 243.725
102   -39.172    47.998  2.881  12 1 4 1 2 4 8 704.177 707.844
103   -94.415    15.192  3.046  12 1 4 1 2 4 8 709.979 713.711
104    -7.806    11.273  3.049  24 1 4 1 2 4 8 859.680 863.237
105    28.571   -49.908  3.060   8 1 4 1 2 4 8 666.237 669.922
106   -20.654    24.554  3.345   4 1 4 1 2 4 8 356.963 360.365
107   -30.963   -18.903  2.860  25 1 4 1 2 4 8 133.784 137.501
108     1.721   -20.447  3.211   6 1 4 1 2 4 8 441.019 444.477
109   -31.012   -21.106  3.276   9 1 4 1 2 4 8 710.114 713.550
110   -85.718   -28.015  3.085  23 1 4 1 2 4 8 241.284 244.675
111    58.826   -63.043  3.032  15 1 4 1 2 4 8 751.018 754.761
112   -15.753   -52.686  2.944   7 1 4 1 2 4 8 741.678 745.069
113   -71.661    51.184  3.175   6 1 4 1 2 4 8 765.477 769.142
114   -92.633    -6.598  2.826   5 1 4 1 2 4 8 741.098 744.685
115    33.508   -49.255  3.101  12 1 4 1 2 4 8 666.532 670.076
116    59.314    54.095  2.827   3 1 4 1 2 4 8 664.954 668.342
117    30.737   -28.436  3.063  22 1 4 1 2 4 8 274.862 278.311
118   -55.896    18.457  2.831  18 1 4 1 2 4 8 828.111 831.761
119   -89.960   -39.532  3.199  16 1 4 1 2 4 8 623.836 627.357
120    36.438    20.819  2.980   5 1 4 1 2 4 8 197.811 201.348
121   -53.674   -56.427  3.069   1 1 4 1 2 4 8 561.820 565.412
122   -31.866    32.538  2.961   8 1 4 1 2 4 8 667.424 671.038
123     5.658    12.756  2.836  20 1 4 1 2 4 8 60.488 64.125
124   -52.905    42.804  3.088  17 1 4 1 2 4 8 648.093 651.720
125    47.131   -45.465  2.919  11 1 4 1 2 4 8 795.530 798.915
126    30.792     9.869  2.855   8 1 4 1 2 4 8 153.727 157.142
127   -45.209   -56.293  3.267  15 1 4 1 2 4 8 654.740 658.462
128    10.919    13.306  2.931  16 1 4 1 2 4 8 719.394 722.960
129   -32.990   -34.003  3.366   6 1 4 1 2 4 8 355.097 358.556
130   -40.869    30.579  3.182  24 1 4 1 2 4 8 150.108 153.727
131   -69.348    80.408  3.134  10 1 4 1 2 4 8 658.710 662.214
132   -58.966   -29.541  3.298   4 1 4 1 2 4 8 254.955 258.339
133   -36.847   -33.710  3.053  10 1 4 1 2 4 8 718.551 722.237
134   -21.820    65.369  3.317  17 1 4 1 2 4 8 365.298 368.939
135    22.980   -41.010  3.065   5 1 4 1 2 4 8 405.522 409.102
136   -77.557    59.814  2.873  14 1 4 1 2 4 8 293.118 296.659
137   -47.205    67.725  2.816  16 1 4 1 2 4 8 701.496 704.930
138   -21.606    35.168  2.898  11 1 4 1 2 4 8 482.519 486.127
139   -55.676   -31.384  2.990  25 1 4 1 2 4 8 786.835 790.352
140   -85.229    88.788  2.940   4 1 4 1 2 4 8 552.471 555.994
141    -3.918   -63.525  3.049  12 1 4 1 2 4 8 802.105 805.482
142   -58.557    59.375  3.166  19 1 4 1 2 4 8 428.210 431.671
143   -24.542    14.935  3.249   6 1 4 1 2 4 8 832.856 836.584
144   -48.779    16.968  2.990  23 1 4 1 2 4 8 120.666 124.284
145   -40.082   -24.780 0.000   0 0 0 0.000 937.440
146    24.292   -27.704 0.000   0 0 0 0.000 937.440
147   -45.877    41.092 0.000   0 0 0 0.000 937.440
148   -11.896    15.875 0.000   0 0 0 0.000 937.440
