6 4 192 4
0 185
0 185
0 185
0 185
  1   -44.629   -55.640  3.264  11 1 4 1 2 4 8 133.286 136.893
  2    36.096    64.935  3.217  11 1 4 1 2 4 8 149.271 153.044
  3   -25.470    44.580  3.162  23 1 4 1 2 4 8 153.108 156.660
  4   -33.954   -73.059  3.128  16 1 4 1 2 4 8 614.198 617.913
  5    45.654    35.730  3.409  16 1 4 1 2 4 8 398.315 402.006
  6    14.954   -36.719  3.212   2 1 4 1 2 4 8 588.231 591.821
  7    -1.477    47.205  3.406   1 1 4 1 2 4 8 686.246 689.756
  8     2.155   -40.912  3.026  25 1 4 1 2 4 8 518.524 522.288
  9    22.992     1.398  3.050  24 1 4 1 2 4 8 770.554 774.229
 10   -28.857     5.957  3.278  14 1 4 1 2 4 8 860.257 863.904
 11   -48.120    94.116  3.234   6 1 4 1 2 4 8 349.328 353.038
 12     7.239    17.322  3.128  20 1 4 1 2 4 8 242.317 246.074
 13     4.614    27.051  2.972  10 1 4 1 2 4 8 273.664 277.473
 14   -13.971    28.198  2.939  11 1 4 1 2 4 8 165.641 169.465
 15    12.946   -11.688  2.946   2 1 4 1 2 4 8 516.187 519.734
 16   -36.670    23.102  3.058  22 1 4 1 2 4 8 377.718 381.300
 17    -4.224   -49.310  3.232   2 1 4 1 2 4 8 539.604 543.281
 18     1.093    -7.135  3.288  12 1 4 1 2 4 8 487.489 490.981
 19   -56.958    27.905  3.333   9 1 4 1 2 4 8 183.061 186.563
 20   -80.994   -77.686  3.454  21 1 4 1 2 4 8 788.556 792.101
 21    72.260    59.027  3.098  10 1 4 1 2 4 8 664.110 667.834
 22   -21.655     1.636  3.319  13 1 4 1 2 4 8 805.537 809.045
 23   -20.154   -62.415  2.992  25 1 4 1 2 4 8 638.245 641.741
 24   -48.157     6.287  3.088   9 1 4 1 2 4 8 303.480 307.206
 25    -5.078    61.597  3.267  19 1 4 1 2 4 8 550.403 554.075
 26    17.145   -47.046  2.929  22 1 4 1 2 4 8 238.253 241.823
 27   -16.064     8.557  3.382   4 1 4 1 2 4 8 340.345 343.892
 28     6.683   -27.069  3.211   4 1 4 1 2 4 8 388.214 391.800
 29    15.027   -34.979  2.971   7 1 4 1 2 4 8 628.500 632.121
 30    37.946    73.914  3.181  20 1 4 1 2 4 8 406.612 410.211
 31   -41.199   -43.018  3.430  17 1 4 1 2 4 8 567.727 571.431
 32    32.538    11.786  3.277  19 1 4 1 2 4 8 67.309 70.940
 33   -20.306   -20.239  3.206  12 1 4 1 2 4 8 784.851 788.701
 34   -35.480    19.135  3.040   2 1 4 1 2 4 8 212.616 216.121
 35    58.038    56.659  3.227  13 1 4 1 2 4 8 589.424 592.996
 36   -36.694    -6.256  3.006  24 1 4 1 2 4 8 508.022 511.669
 37     0.446   -46.735  3.300  22 1 4 1 2 4 8 692.920 696.428
 38   -19.690    38.977  3.065  17 1 4 1 2 4 8 447.000 450.615
 39   -47.339    20.911  3.320  19 1 4 1 2 4 8 636.892 640.533
 40   -79.236   -57.678  3.387   4 1 4 1 2 4 8 752.005 755.787
 41     5.597   -34.076  2.955  12 1 4 1 2 4 8 726.116 729.809
 42    34.454    -8.289  3.400  22 1 4 1 2 4 8 184.096 187.761
 43    18.500   -51.154  3.089   2 1 4 1 2 4 8 724.295 727.950
 44    -4.346   -44.525  3.408  19 1 4 1 2 4 8 412.813 416.642
 45   -14.148   -74.164  3.025   3 1 4 1 2 4 8 270.648 274.343
 46    19.867    77.515  3.435   5 1 4 1 2 4 8 653.307 656.907
 47   -50.079    17.871  2.972  22 1 4 1 2 4 8 417.102 420.818
 48    42.786   -79.883  3.294   6 1 4 1 2 4 8 672.523 676.289
 49     1.520   -29.034  3.392   9 1 4 1 2 4 8 633.927 637.594
 50    14.728    -3.436  3.148   8 1 4 1 2 4 8 356.151 359.686
 51   -26.166   -48.999  3.277  24 1 4 1 2 4 8 371.295 374.804
 52   -63.873    -5.273  3.360  15 1 4 1 2 4 8 577.794 581.317
 53   -54.138     7.086  3.403  16 1 4 1 2 4 8 261.251 265.050
 54    17.932   -34.094  3.309   9 1 4 1 2 4 8 704.807 708.569
 55   -98.706    34.552  3.032   1 1 4 1 2 4 8 371.883 375.468
 56    28.802    -8.582  3.002  18 1 4 1 2 4 8 643.802 647.347
 57     2.716    90.594  3.251  17 1 4 1 2 4 8 280.764 284.536
 58   -31.024    48.938  3.077  18 1 4 1 2 4 8 743.086 746.881
 59   -46.545    42.316  3.470   2 1 4 1 2 4 8 500.605 504.154
 60    27.289    58.179  2.933  25 1 4 1 2 4 8 608.552 612.111
 61    28.815   -28.027  2.953  21 1 4 1 2 4 8 447.976 451.716
 62   -26.099    11.328  3.429  19 1 4 1 2 4 8 634.434 638.285
 63     0.537   -26.221  3.303  10 1 4 1 2 4 8 577.073 580.873
 64   -50.458     7.812  3.179   2 1 4 1 2 4 8 103.965 107.579
 65    30.005    19.092  3.182  21 1 4 1 2 4 8 686.496 690.080
 66   -12.604    22.058  2.961  20 1 4 1 2 4 8 556.718 560.225
 67    22.009    -8.636  3.342  21 1 4 1 2 4 8 279.691 283.335
 68     8.942     2.875  2.948   2 1 4 1 2 4 8 372.719 376.212
 69   -19.812     0.922  3.352   6 1 4 1 2 4 8 274.674 278.362
 70    -4.230    31.250  2.937   2 1 4 1 2 4 8 424.821 428.374
 71    17.975    -0.409  2.985  12 1 4 1 2 4 8 124.241 128.087
 72    -2.350    42.938  2.997  12 1 4 1 2 4 8 393.412 397.194
 73   -16.516    68.085  3.130   5 1 4 1 2 4 8 499.198 502.760
 74    -1.190    42.023  3.401   5 1 4 1 2 4 8 294.360 298.191
 75    56.635   -44.019  2.894   8 1 4 1 2 4 8 583.126 586.885
 76    57.483    35.504  3.231  15 1 4 1 2 4 8 593.438 597.201
 77   -26.099     7.477  3.441   8 1 4 1 2 4 8 103.942 107.683
 78     7.489   -57.239  3.105   7 1 4 1 2 4 8 438.986 442.465
 79   -22.095    55.780  3.051  14 1 4 1 2 4 8 506.405 509.969
 80    19.867    38.824  2.910  18 1 4 1 2 4 8 216.938 220.700
 81     5.310    49.219  3.393  17 1 4 1 2 4 8 414.040 417.554
 82    15.155     6.299  3.094   5 1 4 1 2 4 8 440.479 443.994
 83     5.481   -31.500  3.430   6 1 4 1 2 4 8 197.060 200.611
 84     7.959   -28.662  3.150   9 1 4 1 2 4 8 334.737 338.372
 85   -75.812     4.010  3.348  24 1 4 1 2 4 8 763.487 767.232
 86   -43.671   -61.646  3.416  13 1 4 1 2 4 8 432.541 436.351
 87    -2.576   -62.140  3.016   5 1 4 1 2 4 8 371.087 374.644
 88   -18.842   -36.884  3.296   4 1 4 1 2 4 8 269.419 273.228
 89    20.844    21.167  3.145  22 1 4 1 2 4 8 252.068 255.731
 90     3.137   -19.220  3.381  24 1 4 1 2 4 8 558.178 561.775
 91   -20.361    18.878  2.974  25 1 4 1 2 4 8 427.500 431.262
 92    -0.897   -54.938  2.958   9 1 4 1 2 4 8 541.725 545.317
 93   -29.553     9.277  3.118   8 1 4 1 2 4 8 272.134 275.804
 94     5.048   -35.046  3.302   8 1 4 1 2 4 8 236.262 239.858
 95    27.759    48.712  3.114  25 1 4 1 2 4 8 788.154 791.994
 96    12.079   -42.346  3.360   7 1 4 1 2 4 8 236.832 240.437
 97   -51.270    41.144  3.064  24 1 4 1 2 4 8 799.646 803.137
 98   -29.077     4.291  3.031  16 1 4 1 2 4 8 74.592 78.120
 99   -18.555   -14.819  2.943  15 1 4 1 2 4 8 497.447 501.129
100     7.855   -49.451  2.975   7 1 4 1 2 4 8 352.608 356.079
101   -19.116   -32.086  3.016  17 1 4 1 2 4 8 717.839 721.526
102    17.651   -52.271  3.153   9 1 4 1 2 4 8 584.378 587.949
103    16.907   -62.964  3.407  14 1 4 1 2 4 8 638.366 641.897
104    18.988     6.219  2.968  20 1 4 1 2 4 8 614.348 618.145
105   -68.878   -64.539  3.414   6 1 4 1 2 4 8 659.114 662.802
106   -13.361    20.264  3.279  17 1 4 1 2 4 8 592.955 596.639
107   -44.440    63.721  3.138  23 1 4 1 2 4 8 805.892 809.523
108    -6.500    71.436  3.435  14 1 4 1 2 4 8 442.154 445.653
109   -51.978    25.409  2.925  19 1 4 1 2 4 8 816.374 820.044
110    -0.739    59.491  2.941  21 1 4 1 2 4 8 674.320 678.046
111   -64.679    83.038  3.299   6 1 4 1 2 4 8 529.732 533.453
112   -11.273   -35.944  3.120   1 1 4 1 2 4 8 808.419 812.060
113   -16.864     7.776  3.445  22 1 4 1 2 4 8 575.048 578.800
114    19.843   -49.805  3.338   7 1 4 1 2 4 8 586.159 589.817
115   -16.284    -2.936  2.908  14 1 4 1 2 4 8 854.034 857.661
116     8.356    67.041  3.282   7 1 4 1 2 4 8 700.787 704.546
117    30.878    24.316  3.005  25 1 4 1 2 4 8 339.720 343.455
118    93.524   -20.233  3.455  17 1 4 1 2 4 8 354.749 358.540
119    -9.332   -56.177  3.249  10 1 4 1 2 4 8 124.656 128.484
120   -34.442   -63.312  3.434  23 1 4 1 2 4 8 280.682 284.265
121    20.941    -5.646  3.383  22 1 4 1 2 4 8 792.105 795.738
122    -3.418    89.594  3.055   3 1 4 1 2 4 8 625.432 628.915
123   -18.738    45.227  3.241  14 1 4 1 2 4 8 696.310 699.920
124     2.435   -30.524  3.350  14 1 4 1 2 4 8 208.618 212.204
125   -28.864    56.616  3.121   2 1 4 1 2 4 8 292.793 296.474
126    76.880   -29.901  2.936   2 1 4 1 2 4 8 267.763 271.323
127   -90.466    10.278  2.900  21 1 4 1 2 4 8 169.966 173.785
128   -35.101    46.545  2.932  10 1 4 1 2 4 8 92.003 95.730
129   -48.395    43.854  3.229  10 1 4 1 2 4 8 816.059 819.543
130   -40.997    26.703  2.965   5 1 4 1 2 4 8 126.573 130.199
131    13.696    34.607  3.263   9 1 4 1 2 4 8 855.210 858.740
132   -71.472    11.450  3.010  15 1 4 1 2 4 8 246.173 249.676
133   -36.230    51.904  3.082  19 1 4 1 2 4 8 427.648 431.205
134   -39.465     4.907  3.263   7 1 4 1 2 4 8 532.766 536.371
135   -16.565    23.773  3.350  11 1 4 1 2 4 8 585.146 588.912
136    10.754   -28.552  3.102   2 1 4 1 2 4 8 115.666 119.357
137   -23.029    47.015  3.246  25 1 4 1 2 4 8 312.654 316.206
138    -8.807    21.216  3.434  14 1 4 1 2 4 8 820.524 824.363
139   -40.039    27.435  2.993  15 1 4 1 2 4 8 790.365 794.197
140   -37.445   -41.040  2.910  12 1 4 1 2 4 8 635.595 639.214
141    48.224     0.085  3.309  11 1 4 1 2 4 8 804.002 807.548
142    -0.323    68.237  3.000  17 1 4 1 2 4 8 779.644 783.198
143   -14.294   -33.423  2.892   4 1 4 1 2 4 8 277.112 280.795
144    -1.440   -34.814  3.145  24 1 4 1 2 4 8 584.172 587.783
145   -34.454    42.346  2.942   8 1 4 1 2 4 8 500.878 504.731
146     8.679   -66.180  3.278  20 1 4 1 2 4 8 758.358 761.844
147   -61.249   -51.367  3.304  12 1 4 1 2 4 8 125.819 129.349
148    -1.093     9.912  3.288  10 1 4 1 2 4 8 75.648 79.156
149   -16.565    66.547  2.977  12 1 4 1 2 4 8 497.824 501.610
150     8.435    52.838  3.344   9 1 4 1 2 4 8 567.797 571.332
151   -22.034   -36.896  3.135  16 1 4 1 2 4 8 601.876 605.494
152    15.765    17.322  3.468  23 1 4 1 2 4 8 753.492 757.052
153     9.003   -18.695  3.200  15 1 4 1 2 4 8 575.813 579.410
154    -4.584     3.491  3.089  10 1 4 1 2 4 8 599.550 603.366
155     8.875    40.662  3.438  21 1 4 1 2 4 8 157.951 161.634
156    26.093   -33.966  2.954   2 1 4 1 2 4 8 198.274 201.992
157   -32.501    39.526  2.905  16 1 4 1 2 4 8 714.845 718.591
158   -32.629   -82.581  3.047  15 1 4 1 2 4 8 796.564 800.115
159   -98.486    22.021  2.900  11 1 4 1 2 4 8 192.204 195.987
160   -59.052     4.163  3.448  11 1 4 1 2 4 8 510.584 514.344
161     7.428    -2.570  3.263  17 1 4 1 2 4 8 481.989 485.468
162   -59.601    12.469  3.232   3 1 4 1 2 4 8 634.280 638.030
163   -11.224   -31.830  2.929   9 1 4 1 2 4 8 555.572 559.405
164   -16.809   -35.040  3.399   1 1 4 1 2 4 8 800.322 804.131
165    21.863    18.140  3.334  13 1 4 1 2 4 8 495.274 499.047
166    45.038   -61.316  3.011   1 1 4 1 2 4 8 346.346 349.935
167   -48.816    25.568  3.332   2 1 4 1 2 4 8 838.457 842.277
168   -32.184   -16.736  2.977  22 1 4 1 2 4 8 353.819 357.389
169    12.439   -41.492  2.910  10 1 4 1 2 4 8 588.912 592.695
170   -21.082   -77.075  3.258   4 1 4 1 2 4 8 221.613 225.449
171   -17.822   -18.518  2.994   9 1 4 1 2 4 8 232.327 235.945
172    48.334    93.518  3.441  11 1 4 1 2 4 8 734.741 738.446
173   -18.677    49.005  3.316   3 1 4 1 2 4 8 91.520 95.107
174    12.140    30.042  3.444  19 1 4 1 2 4 8 681.314 684.894
175     3.113   -40.302  3.024  19 1 4 1 2 4 8 631.055 634.628
176    17.133    37.079  3.372   4 1 4 1 2 4 8 400.205 403.738
177    22.577     0.836  2.973  19 1 4 1 2 4 8 530.125 533.871
178   -30.426    52.942  3.313  15 1 4 1 2 4 8 821.404 824.939
179    33.765   -67.108  3.078  21 1 4 1 2 4 8 717.586 721.434
180     5.414     1.532  2.994  25 1 4 1 2 4 8 335.443 339.172
181    72.156    30.103  3.173   4 1 4 1 2 4 8 597.448 601.208
182   -24.109   -34.625  3.049   3 1 4 1 2 4 8 647.622 651.338
183    17.413    75.146  3.022   6 1 4 1 2 4 8 319.101 322.643
184    10.638   -60.052  3.300   6 1 4 1 2 4 8 614.345 618.135
185    -5.176   -48.999  2.981  21 1 4 1 2 4 8 685.537 689.074
186   -19.342    21.118  3.426  25 1 4 1 2 4 8 707.710 711.531
187   -46.802   -14.661  3.376  10 1 4 1 2 4 8 171.077 174.607
188   -16.779    43.439  3.190  25 1 4 1 2 4 8 828.465 832.038
189    14.093   -13.605  2.999  19 1 4 1 2 4 8 470.610 474.410
190   -21.063    26.019  2.948  19 1 4 1 2 4 8 432.685 436.296
191    39.813   -40.668  3.347  22 1 4 1 2 4 8 365.659 369.274
192    52.057    30.334  3.346   5 1 4 1 2 4 8 168.133 171.963
193    -0.140     7.266 0.000   0 0 0 0.000 964.110
194   -23.138    48.450 0.000   0 0 0 0.000 964.110
195   -26.102    16.809 0.000   0 0 0 0.000 964.110
196     0.244   -35.892 0.000   0 0 0 0.000 964.110
