6 5 240 4
0 180
0 180
0 180
0 180
  1    65.991   -49.829  2.975  10 1 4 1 2 4 8 425.019 428.727
  2   -36.938   -36.743  3.153  25 1 4 1 2 4 8 93.619 97.391
  3    -2.734    18.774  2.871  18 1 4 1 2 4 8 178.339 181.970
  4    31.116   -35.907  3.004  16 1 4 1 2 4 8 553.004 556.512
  5     2.789     8.008  3.281  14 1 4 1 2 4 8 574.722 578.421
  6    31.152    43.665  3.356   7 1 4 1 2 4 8 663.562 667.339
  7   -36.304   -21.307  3.382   9 1 4 1 2 4 8 373.938 377.681
  8    52.814    35.046  3.060  16 1 4 1 2 4 8 408.139 411.929
  9    11.267    20.660  3.076  24 1 4 1 2 4 8 479.473 483.173
 10    -0.623    23.114  3.240   6 1 4 1 2 4 8 480.956 484.723
 11    43.091   -12.360  3.388  22 1 4 1 2 4 8 815.952 819.498
 12     6.854    19.073  3.265  11 1 4 1 2 4 8 249.590 253.227
 13    -6.848    25.317  3.114  19 1 4 1 2 4 8 562.348 565.915
 14   -27.930   -23.712  3.357  20 1 4 1 2 4 8 540.333 543.823
 15    33.240   -30.487  3.331  20 1 4 1 2 4 8 487.282 491.068
 16    63.885   -52.881  3.358  16 1 4 1 2 4 8 824.157 827.922
 17   -13.672   -43.945  3.177   5 1 4 1 2 4 8 581.303 584.971
 18    -0.647   -27.502  3.202  21 1 4 1 2 4 8 164.495 168.232
 19    59.406   -49.261  3.241  19 1 4 1 2 4 8 295.510 299.005
 20    27.167    -5.713  2.888  18 1 4 1 2 4 8 506.389 509.856
 21    70.001   -20.844  2.863  22 1 4 1 2 4 8 737.647 741.154
 22    35.327   -65.167  3.197  19 1 4 1 2 4 8 313.916 317.599
 23   -14.386   -42.236  3.384  15 1 4 1 2 4 8 772.347 775.913
 24    19.366    30.273  3.013  24 1 4 1 2 4 8 267.297 270.967
 25   -39.789    10.101  3.112  20 1 4 1 2 4 8 762.015 765.780
 26   -15.753   -40.204  3.099  17 1 4 1 2 4 8 119.914 123.588
 27   -28.418   -40.503  3.260  20 1 4 1 2 4 8 195.523 198.971
 28    27.081     9.735  2.907  12 1 4 1 2 4 8 444.369 447.825
 29    22.205    -9.216  3.338  23 1 4 1 2 4 8 149.110 152.558
 30    -0.830    -6.525  3.364  15 1 4 1 2 4 8 623.917 627.705
 31    10.217    75.531  3.119  19 1 4 1 2 4 8 818.981 822.445
 32     7.446    18.500  3.377  23 1 4 1 2 4 8 633.010 636.778
 33    48.914   -20.294  2.895   9 1 4 1 2 4 8 712.835 716.359
 34   -18.958   -29.675  3.043  21 1 4 1 2 4 8 874.237 877.675
 35    16.815    -6.659  3.257  17 1 4 1 2 4 8 862.196 865.697
 36     2.509   -30.420  3.216   6 1 4 1 2 4 8 750.580 754.157
 37    15.424     4.913  3.284  10 1 4 1 2 4 8 63.484 67.271
 38    60.315    89.801  3.365   9 1 4 1 2 4 8 183.046 186.515
 39    40.405   -45.367  3.209  19 1 4 1 2 4 8 652.577 656.223
 40   -26.837   -54.272  3.217  17 1 4 1 2 4 8 221.609 225.289
 41    69.171    72.577  3.398  22 1 4 1 2 4 8 401.802 405.558
 42   -22.815    46.173  3.180   8 1 4 1 2 4 8 540.953 544.633
 43   -14.258   -30.249  3.134  25 1 4 1 2 4 8 70.104 73.556
 44    76.050    12.073  3.305  13 1 4 1 2 4 8 714.189 717.773
 45    63.043    60.022  2.863   1 1 4 1 2 4 8 601.738 605.313
 46   -20.239   -81.970  3.410  15 1 4 1 2 4 8 774.202 777.819
 47   -41.168   -42.023  3.067  16 1 4 1 2 4 8 386.090 389.694
 48    79.199   -29.016  3.076  20 1 4 1 2 4 8 401.397 404.858
 49   -20.728    -7.068  3.200  14 1 4 1 2 4 8 198.401 202.142
 50    -4.163   -53.497  2.940   2 1 4 1 2 4 8 814.600 818.157
 51    39.594   -40.460  3.157   5 1 4 1 2 4 8 262.858 266.536
 52   -47.125   -77.850  3.048  16 1 4 1 2 4 8 526.990 530.602
 53    -1.233    49.182  3.197  12 1 4 1 2 4 8 164.035 167.761
 54    -0.372   -27.264  2.918   1 1 4 1 2 4 8 724.357 728.139
 55    31.537    -8.722  3.395  15 1 4 1 2 4 8 281.547 285.114
 56    -0.134   -20.264  2.886   5 1 4 1 2 4 8 576.229 579.936
 57    66.394   -26.691  2.922   9 1 4 1 2 4 8 149.437 153.084
 58     6.104   -64.093  3.046   8 1 4 1 2 4 8 610.531 614.227
 59    13.544   -20.874  3.317   2 1 4 1 2 4 8 865.487 869.066
 60    54.211    -6.537  2.887  10 1 4 1 2 4 8 755.310 759.004
 61    22.046   -34.137  3.025  25 1 4 1 2 4 8 351.031 354.832
 62    -9.723     4.706  3.247  24 1 4 1 2 4 8 320.221 323.890
 63   -11.584   -46.857  2.930   7 1 4 1 2 4 8 812.054 815.549
 64    -2.905    -0.305  2.984  14 1 4 1 2 4 8 271.026 274.693
 65    13.837   -44.452  2.990   3 1 4 1 2 4 8 743.817 747.375
 66    17.480    27.747  2.862  23 1 4 1 2 4 8 719.852 723.609
 67     2.972   -43.689  3.102  21 1 4 1 2 4 8 309.019 312.615
 68   -44.354   -38.202  3.282  13 1 4 1 2 4 8 450.250 454.009
 69   -59.399     1.514  3.005  15 1 4 1 2 4 8 504.226 507.900
 70   -13.452   -75.531  3.315  14 1 4 1 2 4 8 184.611 188.198
 71    -5.518   -51.947  3.238   7 1 4 1 2 4 8 281.044 284.640
 72    -9.589   -26.880  3.013  20 1 4 1 2 4 8 181.766 185.401
 73    19.318    29.498  3.327   6 1 4 1 2 4 8 384.649 388.407
 74    26.245    36.743  3.338  24 1 4 1 2 4 8 647.968 651.669
 75    43.707   -28.033  3.275  17 1 4 1 2 4 8 394.165 397.860
 76   -52.026   -35.339  2.940   3 1 4 1 2 4 8 121.556 125.088
 77    -8.435    -0.116  2.984  15 1 4 1 2 4 8 206.723 210.172
 78    89.111    62.122  3.372   6 1 4 1 2 4 8 494.979 498.720
 79     6.067   -16.132  2.874  21 1 4 1 2 4 8 47.885 51.643
 80    27.094    -5.103  3.035  25 1 4 1 2 4 8 523.162 526.700
 81    27.527   -15.344  3.221  18 1 4 1 2 4 8 468.030 471.467
 82    42.511    32.056  2.930   1 1 4 1 2 4 8 469.461 473.132
 83    25.311    12.689  3.254  19 1 4 1 2 4 8 328.542 331.996
 84    47.778   -12.769  3.302  17 1 4 1 2 4 8 81.587 85.097
 85    -3.143   -13.837  3.269  20 1 4 1 2 4 8 281.104 284.895
 86    12.482   -78.101  3.006   1 1 4 1 2 4 8 226.555 230.183
 87   -21.039    -3.430  3.382  13 1 4 1 2 4 8 607.202 610.880
 88    -3.149   -55.432  3.112  25 1 4 1 2 4 8 636.595 640.144
 89    53.009    84.900  3.279  16 1 4 1 2 4 8 287.039 290.740
 90    35.638   -47.552  3.340   5 1 4 1 2 4 8 679.821 683.341
 91    43.427   -18.439  3.394  18 1 4 1 2 4 8 186.121 189.662
 92     6.598   -54.578  2.927  17 1 4 1 2 4 8 562.769 566.551
 93    87.952    94.012  3.102  15 1 4 1 2 4 8 582.118 585.795
 94    39.105   -48.743  3.035  13 1 4 1 2 4 8 563.313 566.996
 95   -48.340   -26.477  3.290  15 1 4 1 2 4 8 741.042 744.728
 96    72.003    -9.253  3.406   2 1 4 1 2 4 8 763.747 767.306
 97   -37.732     3.351  3.242   1 1 4 1 2 4 8 824.559 828.065
 98   -65.967   -36.749  2.905   9 1 4 1 2 4 8 166.784 170.456
 99   -16.669   -35.284  2.974  16 1 4 1 2 4 8 452.578 456.185
100    10.742    -4.669  2.969   6 1 4 1 2 4 8 358.527 362.059
101    15.594    -5.817  3.131  18 1 4 1 2 4 8 546.509 550.056
102    21.606   -18.109  3.197  24 1 4 1 2 4 8 286.318 289.894
103     9.784    49.280  3.224  24 1 4 1 2 4 8 714.853 718.290
104    94.147    -4.492  3.186   9 1 4 1 2 4 8 599.470 603.227
105    10.382   -16.302  3.014  19 1 4 1 2 4 8 210.362 214.064
106    -1.453    -0.861  3.138  12 1 4 1 2 4 8 45.573 49.287
107    -6.219    25.305  2.979  22 1 4 1 2 4 8 536.952 540.560
108    -6.250    10.217  2.998  13 1 4 1 2 4 8 536.073 539.778
109   -17.444   -70.795  3.224  20 1 4 1 2 4 8 212.083 215.704
110   -55.090   -43.854  2.858  25 1 4 1 2 4 8 199.807 203.392
111    -9.442    23.724  3.050   1 1 4 1 2 4 8 250.308 254.027
112     8.978    35.406  3.231  24 1 4 1 2 4 8 256.132 259.766
113   -16.754    -0.812  3.247  10 1 4 1 2 4 8 277.903 281.380
114    66.852   -37.842  3.380  22 1 4 1 2 4 8 508.229 511.656
115    14.716   -23.724  3.253  14 1 4 1 2 4 8 815.048 818.551
116    33.472    20.026  2.989  12 1 4 1 2 4 8 596.576 600.367
117    66.394   -70.111  2.864  23 1 4 1 2 4 8 181.380 185.008
118    -5.664     8.881  2.882  14 1 4 1 2 4 8 224.418 227.999
119    -5.103   -46.729  3.008  23 1 4 1 2 4 8 809.245 812.953
120    -8.826    55.743  3.265  25 1 4 1 2 4 8 161.392 164.972
121     5.847    -3.186  3.332   5 1 4 1 2 4 8 582.109 585.631
122   -25.726   -37.695  2.898   7 1 4 1 2 4 8 654.406 657.989
123   -15.363   -24.548  3.136  25 1 4 1 2 4 8 312.818 316.260
124    43.793   -11.102  3.049  11 1 4 1 2 4 8 158.261 162.000
125    17.664   -25.604  3.199  18 1 4 1 2 4 8 110.404 114.167
126   -39.624    54.883  2.858  18 1 4 1 2 4 8 805.000 808.693
127   -24.554   -43.225  3.227   1 1 4 1 2 4 8 548.383 551.893
128   -26.892   -12.738  2.938   7 1 4 1 2 4 8 405.337 408.815
129    34.155   -38.458  2.907  22 1 4 1 2 4 8 559.596 563.108
130   -47.314   -29.468  3.305   7 1 4 1 2 4 8 276.455 279.955
131    49.365   -25.592  3.028   3 1 4 1 2 4 8 258.762 262.530
132     3.705   -16.449  3.292  18 1 4 1 2 4 8 555.208 558.883
133    22.430   -23.273  3.117   8 1 4 1 2 4 8 630.513 634.053
134   -37.549   -29.608  3.420   6 1 4 1 2 4 8 426.796 430.411
135    25.549     3.674  2.856   7 1 4 1 2 4 8 98.310 101.766
136   -15.216     3.284  3.121  20 1 4 1 2 4 8 544.469 548.195
137   -12.939    -7.495  3.269  10 1 4 1 2 4 8 117.542 121.118
138   -22.107    26.434  3.109   2 1 4 1 2 4 8 125.028 128.518
139   -17.944     7.733  3.298   3 1 4 1 2 4 8 638.315 641.839
140   -21.234    14.490  3.207  10 1 4 1 2 4 8 113.214 116.646
141     3.503   -19.708  3.372   5 1 4 1 2 4 8 308.276 311.727
142    32.599   -14.935  2.982  25 1 4 1 2 4 8 80.344 83.824
143    -5.737   -28.296  3.027  23 1 4 1 2 4 8 187.983 191.651
144    -6.128   -39.624  3.318  21 1 4 1 2 4 8 561.860 565.329
145    -2.460    12.817  3.378  13 1 4 1 2 4 8 192.114 195.813
146    -6.470     8.466  3.412   1 1 4 1 2 4 8 227.647 231.372
147   -37.891   -36.115  3.107  11 1 4 1 2 4 8 553.554 557.117
148    10.852   -18.750  3.322   6 1 4 1 2 4 8 442.778 446.384
149    50.104     8.636  3.013   9 1 4 1 2 4 8 720.171 723.939
150    46.844     4.712  3.022  17 1 4 1 2 4 8 366.627 370.347
151    19.598   -10.406  3.401  13 1 4 1 2 4 8 99.220 102.704
152   -38.947    52.942  3.263  23 1 4 1 2 4 8 483.497 487.105
153    -0.641   -21.289  2.913  19 1 4 1 2 4 8 261.132 264.827
154    40.906   -33.765  2.945  11 1 4 1 2 4 8 165.571 169.201
155    -0.574   -62.299  3.413  12 1 4 1 2 4 8 695.123 698.581
156    -9.778    26.794  3.095  18 1 4 1 2 4 8 425.696 429.368
157    34.265   -23.895  2.960  25 1 4 1 2 4 8 476.392 480.101
158    29.572   -24.561  3.169  13 1 4 1 2 4 8 115.133 118.821
159    16.376   -58.887  3.316  24 1 4 1 2 4 8 206.742 210.450
160    61.877   -15.167  3.124   5 1 4 1 2 4 8 826.356 829.871
161    40.088    -9.625  3.070  14 1 4 1 2 4 8 712.246 715.919
162     0.122    -4.645  3.278  18 1 4 1 2 4 8 628.001 631.578
163    -8.929   -43.903  3.025  25 1 4 1 2 4 8 575.399 579.064
164    -7.135   -57.434  2.869  11 1 4 1 2 4 8 649.994 653.483
165     7.550   -21.210  3.007  18 1 4 1 2 4 8 619.266 622.857
166     3.949     7.300  3.096  23 1 4 1 2 4 8 582.880 586.571
167   -15.118    92.023  3.102  22 1 4 1 2 4 8 765.345 769.045
168    84.821   -24.518  2.989  20 1 4 1 2 4 8 492.339 496.110
169   -52.325    30.682  3.197  11 1 4 1 2 4 8 319.089 322.561
170     7.538    13.818  2.936  11 1 4 1 2 4 8 597.440 600.957
171   -21.484    30.359  3.356  19 1 4 1 2 4 8 313.008 316.563
172    36.047    29.883  3.350  13 1 4 1 2 4 8 396.908 400.649
173    12.781   -40.942  3.073  24 1 4 1 2 4 8 140.398 144.041
174   -17.291   -10.254  3.365   6 1 4 1 2 4 8 602.790 606.417
175   -10.541    12.402  3.146   5 1 4 1 2 4 8 795.804 799.587
176   -15.845   -59.460  3.138  24 1 4 1 2 4 8 595.987 599.577
177    29.266    -2.222  3.333   7 1 4 1 2 4 8 319.935 323.720
178   -12.598   -58.929  3.122  13 1 4 1 2 4 8 176.109 179.833
179   -17.303   -35.297  3.259  25 1 4 1 2 4 8 313.623 317.213
180    57.050   -50.354  3.288  15 1 4 1 2 4 8 442.613 446.270
181    26.941    17.444  2.954  15 1 4 1 2 4 8 210.546 214.153
182    -6.195    -8.881  3.056  16 1 4 1 2 4 8 657.051 660.566
183    16.980   -16.321  3.419   5 1 4 1 2 4 8 532.690 536.200
184    83.710   -32.520  3.265  15 1 4 1 2 4 8 602.083 605.886
185    12.451    34.589  2.911  24 1 4 1 2 4 8 358.570 362.106
186    15.057    67.004  3.221  15 1 4 1 2 4 8 607.693 611.472
187    25.818    -5.835  3.425   9 1 4 1 2 4 8 293.003 296.463
188    13.666   -14.832  3.075  19 1 4 1 2 4 8 162.580 166.104
189    48.322    -5.164  2.931  15 1 4 1 2 4 8 197.761 201.253
190    13.489    19.739  3.321   2 1 4 1 2 4 8 270.862 274.313
191   -18.512    65.405  3.089   3 1 4 1 2 4 8 155.637 159.341
192    17.554    38.379  2.980  18 1 4 1 2 4 8 527.308 530.988
193    37.775   -16.003  2.966  20 1 4 1 2 4 8 255.686 259.354
194    47.968   -30.310  2.860  14 1 4 1 2 4 8 875.785 879.460
195    38.806    36.243  3.209  10 1 4 1 2 4 8 152.990 156.791
196   -16.089   -42.841  3.420   6 1 4 1 2 4 8 812.549 816.100
197    28.656    -1.990  3.246  17 1 4 1 2 4 8 441.276 444.795
198    -5.859    -1.862  3.294  20 1 4 1 2 4 8 114.464 118.052
199    60.516    63.416  3.043   3 1 4 1 2 4 8 286.012 289.615
200    63.196   -47.766  3.210  14 1 4 1 2 4 8 362.021 365.696
201   -15.308   -23.285  3.366  12 1 4 1 2 4 8 858.312 862.020
202    -2.875     0.787  2.892   2 1 4 1 2 4 8 84.573 88.302
203    32.056   -10.175  2.939  11 1 4 1 2 4 8 894.537 898.298
204   -18.634   -25.665  2.887  16 1 4 1 2 4 8 67.323 70.957
205    -3.632    25.433  2.887  18 1 4 1 2 4 8 88.217 91.714
206    10.480    22.888  2.923  14 1 4 1 2 4 8 145.476 149.203
207     1.819    -3.009  3.285   6 1 4 1 2 4 8 56.132 59.664
208   -25.275   -12.183  2.903  12 1 4 1 2 4 8 472.377 475.874
209    56.927   -75.507  3.095  21 1 4 1 2 4 8 626.107 629.551
210    13.885   -36.230  3.170   1 1 4 1 2 4 8 654.851 658.390
211    32.520   -29.523  3.246  18 1 4 1 2 4 8 790.653 794.294
212     4.803    -7.288  3.026  17 1 4 1 2 4 8 347.222 350.969
213    11.365    -8.344  3.085  15 1 4 1 2 4 8 499.289 502.893
214    17.126   -24.646  2.989   4 1 4 1 2 4 8 850.602 854.358
215   -33.661   -41.241  3.309  18 1 4 1 2 4 8 725.760 729.197
216   -32.391   -50.885  2.994  22 1 4 1 2 4 8 773.755 777.537
217    23.041   -14.496  3.225  16 1 4 1 2 4 8 267.495 270.961
218   -21.857   -39.502  3.399  14 1 4 1 2 4 8 700.390 703.836
219    32.013    77.332  3.163  25 1 4 1 2 4 8 229.856 233.461
220    13.831   -76.190  3.104  15 1 4 1 2 4 8 702.848 706.374
221    -8.051   -21.179  2.959   6 1 4 1 2 4 8 819.590 823.338
222    25.391    46.613  3.346   7 1 4 1 2 4 8 415.290 418.802
223    49.536   -54.639  3.148  21 1 4 1 2 4 8 701.099 704.856
224    63.416    -8.636  3.308   3 1 4 1 2 4 8 691.720 695.224
225     2.301    -5.536  2.860  15 1 4 1 2 4 8 821.764 825.489
226    52.423    29.895  2.912  24 1 4 1 2 4 8 208.831 212.541
227     9.296   -16.254  2.969   2 1 4 1 2 4 8 262.052 265.541
228    34.845   -96.185  3.243  17 1 4 1 2 4 8 806.007 809.624
229   -21.063   -41.498  3.064   2 1 4 1 2 4 8 501.301 504.813
230    28.448    10.242  3.190  25 1 4 1 2 4 8 765.495 769.133
231    16.254   -22.583  3.161  15 1 4 1 2 4 8 519.780 523.215
232   -36.639   -34.033  3.041   3 1 4 1 2 4 8 382.598 386.314
233   -27.356   -50.177  3.196   1 1 4 1 2 4 8 476.528 480.139
234   -53.705    11.334  2.865   1 1 4 1 2 4 8 397.799 401.574
235    26.276    -5.994  3.162  20 1 4 1 2 4 8 244.586 248.081
236   -31.519    34.589  3.112  19 1 4 1 2 4 8 453.692 457.297
237   -14.612   -31.506  3.214   2 1 4 1 2 4 8 461.024 464.688
238    -4.242   -30.865  3.414   9 1 4 1 2 4 8 793.478 796.920
239   -18.524   -29.486  3.231   4 1 4 1 2 4 8 297.780 301.291
240   -17.133   -19.397  3.246  16 1 4 1 2 4 8 236.975 240.741
241    34.430   -17.151 0.000   0 0 0 0.000 951.660
242     0.269    -8.154 0.000   0 0 0 0.000 951.660
243     3.140    13.297 0.000   0 0 0 0.000 951.660
244    -3.113   -29.745 0.000   0 0 0 0.000 951.660
