6 6 288 4
0 175
0 175
0 175
0 175
  1   -66.174   -37.811  3.461  19 1 4 1 2 4 8 264.784 268.666
  2     2.673   -35.223  3.414  21 1 4 1 2 4 8 115.453 119.125
  3    38.751     8.618  2.980  17 1 4 1 2 4 8 213.101 216.898
  4    62.653    20.667  3.468   6 1 4 1 2 4 8 681.761 685.293
  5    60.974    -6.110  3.476   6 1 4 1 2 4 8 381.077 384.611
  6   -98.535   -39.532  2.963  19 1 4 1 2 4 8 180.632 184.394
  7     8.411   -81.274  3.121  17 1 4 1 2 4 8 313.057 316.824
  8   -14.569    26.056  3.138  19 1 4 1 2 4 8 881.097 884.825
  9   -34.186   -76.697  3.075   2 1 4 1 2 4 8 384.404 388.276
 10    55.145   -33.911  3.306   3 1 4 1 2 4 8 662.381 665.977
 11    15.869     8.716  3.369  24 1 4 1 2 4 8 307.050 310.704
 12   -63.416   -20.282  3.117   5 1 4 1 2 4 8 700.935 704.503
 13    -9.357   -42.212  3.519   9 1 4 1 2 4 8 429.120 432.724
 14   -53.619     3.729  3.137  20 1 4 1 2 4 8 757.838 761.581
 15    53.491    -3.308  3.215  19 1 4 1 2 4 8 573.339 576.885
 16   -22.614   -32.794  2.983  20 1 4 1 2 4 8 139.305 143.098
 17    39.612    -1.550  3.407   4 1 4 1 2 4 8 330.233 334.126
 18    16.705   -22.748  3.034   3 1 4 1 2 4 8 86.119 89.901
 19   -51.245   -13.757  2.987   2 1 4 1 2 4 8 289.282 292.937
 20   -29.907    14.380  2.974  23 1 4 1 2 4 8 449.852 453.699
 21   -70.441   -27.911  3.259   6 1 4 1 2 4 8 655.005 658.534
 22   -75.385   -30.811  3.063  17 1 4 1 2 4 8 522.328 526.123
 23    10.590   -28.931  3.090  17 1 4 1 2 4 8 508.809 512.336
 24    86.340   -45.935  3.104   3 1 4 1 2 4 8 601.535 605.387
 25     3.864    34.583  3.367  16 1 4 1 2 4 8 847.390 851.281
 26   -37.598   -42.114  3.472  15 1 4 1 2 4 8 157.437 161.089
 27    69.440     1.379  2.954  23 1 4 1 2 4 8 700.085 703.787
 28   -13.818     1.245  3.006  15 1 4 1 2 4 8 409.759 413.499
 29   -27.124   -38.037  3.455  12 1 4 1 2 4 8 780.371 784.277
 30   -69.348   -14.734  3.379  19 1 4 1 2 4 8 819.671 823.328
 31    58.575    29.346  3.381  23 1 4 1 2 4 8 541.332 544.859
 32    58.105    31.702  3.339  10 1 4 1 2 4 8 739.516 743.258
 33   -62.250   -16.425  3.290  23 1 4 1 2 4 8 690.717 694.342
 34   -66.382    13.586  2.941  22 1 4 1 2 4 8 428.484 432.009
 35    68.030   -12.482  3.090   4 1 4 1 2 4 8 223.472 227.262
 36   -30.701   -41.681  3.333   5 1 4 1 2 4 8 530.781 534.453
 37   -55.389   -51.050  2.999   1 1 4 1 2 4 8 102.952 106.833
 38    36.237    -2.655  2.996  11 1 4 1 2 4 8 422.777 426.577
 39    -1.215     5.591  3.022  20 1 4 1 2 4 8 289.015 292.765
 40    10.278   -23.950  2.959  25 1 4 1 2 4 8 909.699 913.505
 41    -7.159    36.859  3.263  18 1 4 1 2 4 8 104.816 108.665
 42   -90.204    61.169  3.198   4 1 4 1 2 4 8 284.724 288.350
 43    46.368    65.082  3.451  10 1 4 1 2 4 8 176.373 179.989
 44    13.348    31.372  3.310  17 1 4 1 2 4 8 662.484 666.289
 45   -73.566   -28.839  3.302   7 1 4 1 2 4 8 209.472 213.385
 46   -41.528   -37.097  3.439   4 1 4 1 2 4 8 206.410 210.162
 47   -60.938   -27.246  3.058   3 1 4 1 2 4 8 293.267 297.164
 48    38.312    54.376  3.156  12 1 4 1 2 4 8 408.368 412.164
 49    26.306    11.975  3.228  13 1 4 1 2 4 8 522.163 525.894
 50    10.297   -48.346  3.025  24 1 4 1 2 4 8 530.058 533.713
 51    52.417   -28.363  3.257  16 1 4 1 2 4 8 723.275 727.061
 52   -43.756   -39.343  3.313   2 1 4 1 2 4 8 177.185 180.826
 53    49.316    11.395  2.991   7 1 4 1 2 4 8 368.949 372.825
 54    45.593     4.346  3.251  15 1 4 1 2 4 8 670.290 673.917
 55   -25.989   -15.814  3.483  12 1 4 1 2 4 8 246.925 250.748
 56    65.253   -59.631  3.212  15 1 4 1 2 4 8 239.048 242.630
 57    12.109   -34.387  3.065  17 1 4 1 2 4 8 606.316 610.049
 58    12.390   -16.254  3.512  16 1 4 1 2 4 8 872.016 875.694
 59     0.525    69.611  3.139   1 1 4 1 2 4 8 194.839 198.645
 60    -8.679     7.770  3.011   9 1 4 1 2 4 8 197.911 201.480
 61    41.467   -35.016  3.182   4 1 4 1 2 4 8 826.758 830.452
 62    11.859   -34.973  2.942   3 1 4 1 2 4 8 81.788 85.345
 63    -1.306   -58.063  3.044   1 1 4 1 2 4 8 677.678 681.570
 64     6.024   -31.018  3.391   4 1 4 1 2 4 8 473.328 476.959
 65     1.788   -32.544  3.358   6 1 4 1 2 4 8 262.084 265.706
 66    29.272    -6.494  2.970   1 1 4 1 2 4 8 185.135 189.048
 67    23.950    10.742  3.499  19 1 4 1 2 4 8 467.294 470.946
 68   -65.887    40.912  3.082   1 1 4 1 2 4 8 804.613 808.272
 69   -10.095    26.257  3.252   2 1 4 1 2 4 8 78.203 81.860
 70    58.093    67.352  3.391  25 1 4 1 2 4 8 306.183 310.051
 71    90.015     9.485  3.336   4 1 4 1 2 4 8 627.333 631.020
 72    -6.622    15.216  3.344   4 1 4 1 2 4 8 510.547 514.326
 73    -2.875   -42.841  3.295  13 1 4 1 2 4 8 554.616 558.343
 74   -37.714    -7.306  3.462  18 1 4 1 2 4 8 783.067 786.770
 75    44.171   -11.224  3.488   9 1 4 1 2 4 8 439.594 443.268
 76   -58.704    -2.808  3.247   5 1 4 1 2 4 8 583.518 587.333
 77    -3.912    10.071  3.070  12 1 4 1 2 4 8 272.218 276.074
 78   -41.370    -1.495  3.113  22 1 4 1 2 4 8 116.072 119.784
 79    58.179    27.563  3.435   9 1 4 1 2 4 8 122.616 126.492
 80   -63.861    26.147  3.447  11 1 4 1 2 4 8 717.436 721.153
 81   -56.793   -15.918  3.502   6 1 4 1 2 4 8 330.609 334.523
 82    22.217   -27.509  3.242  19 1 4 1 2 4 8 673.618 677.279
 83    -1.031   -14.838  3.303  10 1 4 1 2 4 8 856.201 859.951
 84   -57.703   -10.480  3.519   1 1 4 1 2 4 8 355.821 359.478
 85    80.847     6.299  3.224  10 1 4 1 2 4 8 493.052 496.664
 86     2.887    10.822  3.348  20 1 4 1 2 4 8 452.145 455.764
 87   -37.390    -7.800  3.121  18 1 4 1 2 4 8 748.578 752.486
 88   -33.600   -26.740  3.118   1 1 4 1 2 4 8 162.677 166.408
 89    95.197    24.231  3.504  11 1 4 1 2 4 8 500.700 504.566
 90   -13.904    29.327  2.958  20 1 4 1 2 4 8 783.354 787.142
 91   -53.461     9.296  3.396  12 1 4 1 2 4 8 178.334 182.122
 92    67.578    13.007  3.517  17 1 4 1 2 4 8 246.169 249.852
 93   -83.881   -53.265  3.486  16 1 4 1 2 4 8 341.916 345.830
 94    30.255   -72.430  3.036   3 1 4 1 2 4 8 581.431 585.069
 95   -22.333   -20.538  3.401  14 1 4 1 2 4 8 520.720 524.535
 96     3.741   -35.461  3.396  12 1 4 1 2 4 8 123.227 127.102
 97   -20.093   -43.982  3.014   9 1 4 1 2 4 8 90.864 94.770
 98   -47.687   -21.100  3.118   1 1 4 1 2 4 8 434.005 437.759
 99   -20.447   -13.849  3.126   7 1 4 1 2 4 8 88.421 92.223
100    34.515     3.967  3.179   7 1 4 1 2 4 8 593.565 597.296
101    20.514   -11.884  3.338   5 1 4 1 2 4 8 694.568 698.339
102   -46.039   -22.565  3.091   9 1 4 1 2 4 8 487.136 491.000
103   -39.630    25.385  2.993  15 1 4 1 2 4 8 246.685 250.217
104    -1.025    50.433  3.162   4 1 4 1 2 4 8 833.923 837.662
105   -28.632    23.486  3.454  10 1 4 1 2 4 8 337.669 341.393
106   -52.997   -16.248  3.020  21 1 4 1 2 4 8 422.548 426.174
107    -3.345   -22.955  3.060   2 1 4 1 2 4 8 137.846 141.472
108   -62.640   -26.349  3.479   6 1 4 1 2 4 8 334.891 338.543
109    25.403     0.531  3.365   1 1 4 1 2 4 8 456.284 460.031
110   -29.895    72.919  3.118  23 1 4 1 2 4 8 200.907 204.815
111    26.630     1.971  3.226  24 1 4 1 2 4 8 109.852 113.485
112    -9.814    35.004  3.388  16 1 4 1 2 4 8 477.676 481.486
113    -7.758   -42.426  3.142  18 1 4 1 2 4 8 92.552 96.447
114    28.918    -7.117  3.343   1 1 4 1 2 4 8 351.215 354.798
115    47.693    36.108  3.062   1 1 4 1 2 4 8 839.067 842.896
116   -53.168     5.206  3.497  21 1 4 1 2 4 8 562.682 566.302
117    17.560    13.214  3.208   8 1 4 1 2 4 8 191.525 195.073
118     6.836    -2.496  3.309  22 1 4 1 2 4 8 405.657 409.323
119   -17.322    97.260  3.267  23 1 4 1 2 4 8 441.073 444.756
120    22.406    26.532  3.397  11 1 4 1 2 4 8 504.501 508.048
121   -73.090   -13.251  3.272  15 1 4 1 2 4 8 406.784 410.555
122   -64.996    -4.578  3.244  14 1 4 1 2 4 8 550.339 553.938
123   -34.906   -43.903  3.311  16 1 4 1 2 4 8 135.614 139.406
124   -92.346    -4.517  3.046  25 1 4 1 2 4 8 746.254 749.906
125     0.647    -8.496  2.944  12 1 4 1 2 4 8 103.328 106.926
126     5.048   -37.323  2.953   9 1 4 1 2 4 8 361.924 365.567
127   -19.080   -14.178  3.112  20 1 4 1 2 4 8 734.504 738.275
128   -71.704   -11.450  3.218  22 1 4 1 2 4 8 416.896 420.702
129   -45.581   -28.717  3.285  13 1 4 1 2 4 8 635.506 639.345
130   -28.351   -23.914  3.166  24 1 4 1 2 4 8 658.454 661.991
131   -16.486    30.920  3.329  13 1 4 1 2 4 8 120.158 123.805
132   -83.423   -20.935  3.311   4 1 4 1 2 4 8 632.347 636.124
133   -12.054   -20.612  3.413  22 1 4 1 2 4 8 618.723 622.303
134    -7.184   -63.721  3.376  18 1 4 1 2 4 8 418.366 422.185
135    34.546    -8.881  3.198  25 1 4 1 2 4 8 850.271 853.936
136    -4.865    73.694  3.522  19 1 4 1 2 4 8 575.553 579.272
137   -36.005    -3.876  3.155   8 1 4 1 2 4 8 192.901 196.485
138   -28.400   -21.820  3.498  13 1 4 1 2 4 8 787.161 790.742
139   -56.281   -15.112  3.418   1 1 4 1 2 4 8 394.958 398.841
140   -11.017    42.151  3.507   1 1 4 1 2 4 8 878.829 882.696
141   -63.092   -62.573  2.945   5 1 4 1 2 4 8 449.992 453.676
142    29.486    79.944  2.944   2 1 4 1 2 4 8 384.395 387.923
143   -65.674    -0.238  3.244  22 1 4 1 2 4 8 482.201 485.912
144    46.130   -20.416  3.142   3 1 4 1 2 4 8 219.813 223.539
145     1.575   -16.364  3.338   2 1 4 1 2 4 8 142.149 145.705
146    40.277    -1.379  3.108   6 1 4 1 2 4 8 171.242 175.131
147   -15.271    42.249  3.488  19 1 4 1 2 4 8 716.539 720.293
148    33.215   -16.614  3.096   5 1 4 1 2 4 8 537.888 541.532
149   -72.388    13.074  3.270  25 1 4 1 2 4 8 498.915 502.731
150   -24.487     5.273  3.322   9 1 4 1 2 4 8 891.169 894.749
151    -6.598   -30.957  3.280  20 1 4 1 2 4 8 407.746 411.344
152    31.287    21.332  3.372  11 1 4 1 2 4 8 335.492 339.029
153    20.557     0.378  3.430  18 1 4 1 2 4 8 860.802 864.664
154   -67.200   -41.339  3.046  25 1 4 1 2 4 8 542.164 545.812
155    22.168   -40.375  3.233  22 1 4 1 2 4 8 700.027 703.738
156    31.165     2.222  3.470  25 1 4 1 2 4 8 194.375 197.968
157    74.634    30.219  3.499  14 1 4 1 2 4 8 288.833 292.578
158    60.699    81.116  3.117  21 1 4 1 2 4 8 391.970 395.609
159   -60.736    24.133  3.123   1 1 4 1 2 4 8 251.235 255.050
160     1.978    17.517  2.944   9 1 4 1 2 4 8 696.935 700.559
161   -80.566   -38.196  3.221   2 1 4 1 2 4 8 236.836 240.619
162   -49.927   -36.713  3.144   2 1 4 1 2 4 8 531.529 535.363
163   -60.449   -27.820  3.215   4 1 4 1 2 4 8 133.745 137.295
164   -78.748   -44.226  2.982  15 1 4 1 2 4 8 616.871 620.507
165    54.260    -9.259  3.146  11 1 4 1 2 4 8 645.954 649.825
166   -42.059   -26.636  3.449  15 1 4 1 2 4 8 113.725 117.355
167   -57.336   -16.718  2.952  15 1 4 1 2 4 8 758.478 762.262
168    -1.276   -13.330  3.199  16 1 4 1 2 4 8 880.247 883.941
169   -24.158    39.197  3.415  14 1 4 1 2 4 8 102.857 106.685
170    17.908   -40.442  3.410  25 1 4 1 2 4 8 378.173 382.084
171    59.833    -3.674  3.314   9 1 4 1 2 4 8 425.195 428.894
172    -3.510     6.256  3.507  23 1 4 1 2 4 8 126.561 130.161
173    40.167     8.594  3.112  16 1 4 1 2 4 8 433.019 436.844
174    -1.691   -54.376  2.953  10 1 4 1 2 4 8 887.266 890.858
175   -36.035   -17.065  3.406   4 1 4 1 2 4 8 304.329 307.868
176     7.275    -4.144  3.343  25 1 4 1 2 4 8 526.335 529.974
177    30.219    -6.830  3.130  20 1 4 1 2 4 8 797.562 801.170
178   -26.379   -63.055  2.966   5 1 4 1 2 4 8 268.702 272.522
179    28.772    -0.031  3.136  19 1 4 1 2 4 8 153.350 157.216
180     2.625     5.072  3.010   2 1 4 1 2 4 8 272.105 275.807
181     3.595   -21.600  3.359  13 1 4 1 2 4 8 521.374 524.984
182   -64.948   -10.956  3.447  19 1 4 1 2 4 8 859.051 862.957
183    18.671   -41.010  3.118   2 1 4 1 2 4 8 334.731 338.629
184    29.291    12.799  3.268  16 1 4 1 2 4 8 453.080 456.928
185     4.529    26.654  3.450   2 1 4 1 2 4 8 405.768 409.606
186    25.360    29.718  3.075   6 1 4 1 2 4 8 649.065 652.771
187    57.349   -15.405  3.393   3 1 4 1 2 4 8 150.457 154.304
188   -11.566   -19.012  3.297  20 1 4 1 2 4 8 723.623 727.412
189   -45.441   -71.808  3.466  13 1 4 1 2 4 8 514.215 517.940
190     2.197    -3.564  3.183   9 1 4 1 2 4 8 437.500 441.132
191    -1.855   -24.475  3.203   5 1 4 1 2 4 8 770.848 774.624
192   -59.851   -48.938  3.472  15 1 4 1 2 4 8 852.494 856.208
193    70.081   -17.816  3.289  22 1 4 1 2 4 8 332.082 335.609
194    -4.932    28.754  3.309  18 1 4 1 2 4 8 242.780 246.379
195   -46.625   -23.529  2.980  21 1 4 1 2 4 8 175.362 178.968
196   -49.872   -35.339  3.470  16 1 4 1 2 4 8 708.984 712.543
197   -67.499     8.142  3.420  22 1 4 1 2 4 8 322.771 326.649
198    31.195   -18.243  3.180  23 1 4 1 2 4 8 459.306 462.995
199   -42.139   -52.704  3.187   1 1 4 1 2 4 8 813.062 816.622
200   -15.094    18.933  3.078   1 1 4 1 2 4 8 652.911 656.537
201   -78.625   -24.341  3.276  13 1 4 1 2 4 8 601.247 604.995
202    51.471    -9.607  3.238  14 1 4 1 2 4 8 361.522 365.313
203    29.987   -31.061  3.398  18 1 4 1 2 4 8 555.000 558.864
204    46.741     1.453  3.311   5 1 4 1 2 4 8 591.268 595.031
205   -52.954    31.738  3.194  24 1 4 1 2 4 8 369.035 372.607
206    10.535   -61.432  3.222  11 1 4 1 2 4 8 303.245 307.123
207   -15.948   -56.012  3.078   5 1 4 1 2 4 8 806.027 809.687
208    -7.776   -54.730  3.093   1 1 4 1 2 4 8 569.246 573.095
209    11.047   -20.905  3.326  21 1 4 1 2 4 8 91.613 95.489
210   -24.359   -23.047  3.371   6 1 4 1 2 4 8 550.429 554.008
211     2.948   -20.398  3.152   6 1 4 1 2 4 8 638.930 642.512
212   -82.654    24.323  3.346   5 1 4 1 2 4 8 364.355 367.993
213   -12.134    42.065  3.489  23 1 4 1 2 4 8 874.623 878.445
214   -98.035   -36.359  3.164  16 1 4 1 2 4 8 486.073 489.675
215   -61.102   -13.477  3.242  18 1 4 1 2 4 8 492.408 496.143
216   -39.136     6.287  3.495  10 1 4 1 2 4 8 590.414 594.018
217    41.180     7.971  3.368   9 1 4 1 2 4 8 487.102 490.863
218     4.254    19.830  3.263  18 1 4 1 2 4 8 260.012 263.773
219   -34.143   -37.915  3.048  22 1 4 1 2 4 8 578.248 581.807
220    -4.559    23.566  3.203  24 1 4 1 2 4 8 542.223 545.984
221    37.891    -1.947  3.012  15 1 4 1 2 4 8 125.129 128.919
222    78.259    15.936  3.483   6 1 4 1 2 4 8 672.658 676.264
223    -8.661   -25.110  3.444  12 1 4 1 2 4 8 794.694 798.347
224    10.071    37.164  3.341  19 1 4 1 2 4 8 322.429 326.150
225   -42.621   -46.985  3.110  19 1 4 1 2 4 8 878.207 881.933
226    92.157   -94.183  3.180  17 1 4 1 2 4 8 589.729 593.607
227    32.202   -39.844  2.955  22 1 4 1 2 4 8 467.265 470.890
228   -55.231   -15.027  3.114  25 1 4 1 2 4 8 358.459 362.063
229   -26.746   -21.490  3.158  11 1 4 1 2 4 8 621.426 625.174
230   -75.513    -0.708  3.241  23 1 4 1 2 4 8 129.010 132.593
231    34.021    12.665  3.038  10 1 4 1 2 4 8 876.813 880.618
232    -2.643   -20.831  3.113  17 1 4 1 2 4 8 247.548 251.386
233    53.369    13.770  3.218   6 1 4 1 2 4 8 214.318 218.112
234   -14.948   -40.259  3.509  20 1 4 1 2 4 8 625.077 628.819
235    67.828     5.750  3.417   6 1 4 1 2 4 8 648.383 651.928
236   -13.220   -26.031  3.025   4 1 4 1 2 4 8 470.616 474.239
237     4.169   -32.617  3.455  25 1 4 1 2 4 8 876.665 880.257
238   -26.050   -33.313  3.052   7 1 4 1 2 4 8 340.344 344.022
239    31.964   -45.703  3.434  11 1 4 1 2 4 8 631.394 635.100
240    96.820    26.208  3.082  14 1 4 1 2 4 8 449.358 453.164
241   -44.696   -37.854  3.451  14 1 4 1 2 4 8 160.134 163.897
242    33.417    11.792  3.199  15 1 4 1 2 4 8 415.455 419.310
243   -35.187    19.226  3.002   2 1 4 1 2 4 8 402.693 406.303
244   -14.233   -74.988  3.497  14 1 4 1 2 4 8 233.753 237.563
245    37.158    -0.836  3.146  17 1 4 1 2 4 8 206.225 210.075
246   -51.697   -26.447  3.161  24 1 4 1 2 4 8 698.374 702.206
247    23.535     5.896  3.077  10 1 4 1 2 4 8 581.726 585.329
248   -18.433    53.711  3.067  20 1 4 1 2 4 8 410.208 414.119
249   -11.340   -17.621  2.938  11 1 4 1 2 4 8 154.348 158.166
250    -7.812   -35.895  3.418  16 1 4 1 2 4 8 432.486 436.397
251     3.522    26.941  3.507   3 1 4 1 2 4 8 850.647 854.458
252   -46.588   -22.266  3.257  11 1 4 1 2 4 8 554.318 558.056
253    -2.997    -0.549  3.272  10 1 4 1 2 4 8 368.527 372.066
254    32.147    17.151  3.148  18 1 4 1 2 4 8 268.153 272.017
255    32.019    13.007  3.419  20 1 4 1 2 4 8 641.105 644.776
256    -6.628    29.889  3.002  24 1 4 1 2 4 8 501.452 505.054
257    77.777   -25.397  3.233  16 1 4 1 2 4 8 305.840 309.738
258    30.707    65.704  3.461   2 1 4 1 2 4 8 372.760 376.534
259   -43.811   -43.036  3.128  14 1 4 1 2 4 8 401.086 404.748
260    49.561    16.827  3.398  10 1 4 1 2 4 8 605.370 609.126
261   -28.931    -0.439  3.003  22 1 4 1 2 4 8 594.946 598.572
262    40.363    16.382  3.013  14 1 4 1 2 4 8 319.095 322.653
263    22.748    40.674  3.324  15 1 4 1 2 4 8 510.917 514.786
264    -1.471     6.567  2.966   7 1 4 1 2 4 8 391.865 395.627
265    -1.190    16.864  3.441  20 1 4 1 2 4 8 436.536 440.163
266     8.032    41.821  2.995   1 1 4 1 2 4 8 241.804 245.358
267   -44.019   -22.784  3.352  24 1 4 1 2 4 8 865.968 869.692
268    12.366   -11.353  3.460  22 1 4 1 2 4 8 244.716 248.516
269    33.276    15.881  3.303  23 1 4 1 2 4 8 390.483 394.246
270   -34.790   -15.045  3.442  20 1 4 1 2 4 8 184.407 188.257
271   -96.857   -19.391  3.463  15 1 4 1 2 4 8 540.854 544.481
272    38.434    -5.353  3.252  14 1 4 1 2 4 8 529.251 532.984
273   -25.391     0.220  3.426  12 1 4 1 2 4 8 613.333 617.066
274     0.848   -31.860  3.464   4 1 4 1 2 4 8 203.508 207.181
275   -24.023    95.691  3.220  15 1 4 1 2 4 8 595.996 599.532
276    -4.272    35.468  2.987  12 1 4 1 2 4 8 109.200 113.024
277    -6.927     1.855  3.096   8 1 4 1 2 4 8 598.450 602.016
278   -70.953    -3.217  3.255   2 1 4 1 2 4 8 118.361 122.006
279   -32.648   -16.522  3.178  24 1 4 1 2 4 8 481.430 485.133
280    42.859   -21.680  3.404   5 1 4 1 2 4 8 786.814 790.728
281     5.182     6.403  3.166   8 1 4 1 2 4 8 769.058 772.765
282    36.920    -4.987  3.278  21 1 4 1 2 4 8 673.381 677.078
283    49.591    27.783  3.258   5 1 4 1 2 4 8 617.182 621.094
284    45.038    10.785  3.385  16 1 4 1 2 4 8 458.593 462.147
285     7.690    14.056  3.434   8 1 4 1 2 4 8 235.728 239.564
286   -60.907    18.640  3.065  24 1 4 1 2 4 8 290.386 294.115
287   -64.496     8.923  3.029  23 1 4 1 2 4 8 257.738 261.440
288    37.158   -14.990  3.220   6 1 4 1 2 4 8 201.037 204.752
289     2.277     7.840 0.000   0 0 0 0.000 978.975
290    32.883    -1.779 0.000   0 0 0 0.000 978.975
291   -49.554   -17.828 0.000   0 0 0 0.000 978.975
292     3.690   -26.099 0.000   0 0 0 0.000 978.975
