6 1 72 6
0 200
0 200
0 200
0 200
0 200
0 200
  1   -92.700   -59.180  2.839  20 1 6 1 2 4 8 16 32 185.449 188.706
  2    71.179    12.543  2.749   6 1 6 1 2 4 8 16 32 264.850 268.019
  3    31.537    66.638  3.090  19 1 6 1 2 4 8 16 32 357.233 360.470
  4    -4.694    25.537  2.902  10 1 6 1 2 4 8 16 32 139.461 142.644
  5   -30.194    67.773  3.029  18 1 6 1 2 4 8 16 32 498.559 501.856
  6    12.677   -57.471  2.964   1 1 6 1 2 4 8 16 32 434.911 438.266
  7   -32.355   -20.966  2.868  15 1 6 1 2 4 8 16 32 131.021 134.181
  8    19.910    48.975  2.686  23 1 6 1 2 4 8 16 32 274.911 278.082
  9    13.202   -19.135  2.686  13 1 6 1 2 4 8 16 32 204.317 207.731
 10    54.877   -41.168  2.830  12 1 6 1 2 4 8 16 32 124.514 127.958
 11    15.063   -25.171  2.660   7 1 6 1 2 4 8 16 32 299.364 302.728
 12   -50.598   -16.418  2.737  25 1 6 1 2 4 8 16 32 480.583 483.974
 13   -29.730    17.078  2.949   5 1 6 1 2 4 8 16 32 532.771 536.016
 14    17.542     1.575  3.055   1 1 6 1 2 4 8 16 32 203.991 207.442
 15    11.127    77.216  2.602  25 1 6 1 2 4 8 16 32 211.582 214.827
 16    33.752    71.259  2.887  10 1 6 1 2 4 8 16 32 444.172 447.369
 17   -56.012   -10.394  2.605   2 1 6 1 2 4 8 16 32 737.651 740.970
 18    57.874   -16.290  2.681   7 1 6 1 2 4 8 16 32 550.470 553.720
 19    10.718   -18.787  3.052  11 1 6 1 2 4 8 16 32 91.874 95.065
 20    53.088   -18.750  2.857   4 1 6 1 2 4 8 16 32 392.071 395.394
 21     1.569     7.532  2.640   6 1 6 1 2 4 8 16 32 511.092 514.366
 22    31.531    48.944  2.829  15 1 6 1 2 4 8 16 32 500.392 503.741
 23   -66.833   -37.854  2.600   7 1 6 1 2 4 8 16 32 689.488 692.820
 24   -70.740    62.244  2.666   8 1 6 1 2 4 8 16 32 363.472 366.824
 25    32.538    23.096  2.620  10 1 6 1 2 4 8 16 32 147.751 151.021
 26   -51.453   -36.444  3.084   9 1 6 1 2 4 8 16 32 627.866 630.998
 27    36.456   -22.638  2.689   4 1 6 1 2 4 8 16 32 213.460 216.664
 28   -31.207    43.494  2.795   6 1 6 1 2 4 8 16 32 443.666 446.972
 29   -10.388    34.491  3.015  22 1 6 1 2 4 8 16 32 360.703 363.958
 30    14.722   -10.834  2.923  17 1 6 1 2 4 8 16 32 354.377 357.660
 31    47.095   -21.387  2.847   9 1 6 1 2 4 8 16 32 137.536 140.662
 32    43.781    34.766  2.646  25 1 6 1 2 4 8 16 32 379.365 382.663
 33    53.546   -67.487  2.847  10 1 6 1 2 4 8 16 32 258.652 261.827
 34    26.801    46.515  2.998  18 1 6 1 2 4 8 16 32 407.254 410.491
 35    63.385    11.981  2.931  21 1 6 1 2 4 8 16 32 498.970 502.423
 36    47.192    -5.475  2.600  10 1 6 1 2 4 8 16 32 767.980 771.406
 37   -16.315   -11.267  3.000  23 1 6 1 2 4 8 16 32 631.711 634.967
 38    78.900    17.651  2.979  23 1 6 1 2 4 8 16 32 385.934 389.115
 39    79.822    22.272  2.896  11 1 6 1 2 4 8 16 32 524.735 528.165
 40    12.878    16.919  2.901   1 1 6 1 2 4 8 16 32 258.127 261.239
 41   -67.981    -3.754  2.937  23 1 6 1 2 4 8 16 32 705.227 708.639
 42     9.198   -18.597  2.968  16 1 6 1 2 4 8 16 32 187.139 190.351
 43   -35.950   -19.141  2.976  10 1 6 1 2 4 8 16 32 648.820 652.087
 44    28.766    45.276  2.752  12 1 6 1 2 4 8 16 32 175.715 179.084
 45    11.469    68.231  2.731  12 1 6 1 2 4 8 16 32 715.081 718.425
 46   -22.760    45.496  2.795   3 1 6 1 2 4 8 16 32 144.198 147.419
 47   -65.674   -23.120  2.626  22 1 6 1 2 4 8 16 32 621.631 624.828
 48     7.239     1.599  2.740  21 1 6 1 2 4 8 16 32 561.901 565.312
 49   -29.785   -11.285  2.775  13 1 6 1 2 4 8 16 32 407.118 410.310
 50   -89.050    16.211  2.927  15 1 6 1 2 4 8 16 32 162.207 165.423
 51   -46.887    -3.363  3.102  13 1 6 1 2 4 8 16 32 735.245 738.609
 52   -14.972    30.621  2.998  20 1 6 1 2 4 8 16 32 224.872 228.158
 53   -17.035    49.774  2.660  10 1 6 1 2 4 8 16 32 523.592 526.760
 54    31.635    53.619  2.699  25 1 6 1 2 4 8 16 32 737.523 740.905
 55    -3.577    13.342  2.982   7 1 6 1 2 4 8 16 32 744.186 747.337
 56    33.008    58.960  2.836  15 1 6 1 2 4 8 16 32 295.882 299.118
 57   -92.950    63.263  2.895   2 1 6 1 2 4 8 16 32 447.215 450.388
 58    -9.137   -22.931  2.798  23 1 6 1 2 4 8 16 32 766.438 769.813
 59   -39.960     6.195  2.739   5 1 6 1 2 4 8 16 32 212.405 215.612
 60    28.430   -19.214  3.086  25 1 6 1 2 4 8 16 32 547.770 551.180
 61   -28.540    -3.485  2.962   9 1 6 1 2 4 8 16 32 733.031 736.223
 62    31.415    36.859  2.876   2 1 6 1 2 4 8 16 32 656.861 660.122
 63   -49.426    60.602  2.828  24 1 6 1 2 4 8 16 32 428.060 431.444
 64   -72.827   -27.765  2.730  13 1 6 1 2 4 8 16 32 721.883 725.188
 65    60.083   -45.905  2.720  20 1 6 1 2 4 8 16 32 657.166 660.490
 66    10.870    -3.900  2.846  13 1 6 1 2 4 8 16 32 713.714 716.863
 67    25.122     7.672  2.767  15 1 6 1 2 4 8 16 32 656.099 659.309
 68   -46.997   -17.474  2.634   4 1 6 1 2 4 8 16 32 423.804 427.192
 69    16.058    33.020  2.687  20 1 6 1 2 4 8 16 32 476.861 480.117
 70    25.409   -11.700  2.636   8 1 6 1 2 4 8 16 32 92.974 96.169
 71    68.323    -5.145  2.593  19 1 6 1 2 4 8 16 32 505.433 508.692
 72   -13.104    62.158  3.021  20 1 6 1 2 4 8 16 32 99.841 103.193
 73    42.395    -8.344 0.000   0 0 0 0.000 863.860
 74   -42.175   -14.554 0.000   0 0 0 0.000 863.860
 75    16.034    40.726 0.000   0 0 0 0.000 863.860
 76   -14.639    29.633 0.000   0 0 0 0.000 863.860
 77    16.049    -3.934 0.000   0 0 0 0.000 863.860
 78    46.112    12.430 0.000   0 0 0 0.000 863.860
