6 2 144 6
0 190
0 190
0 190
0 190
0 190
0 190
  1   -40.289   -42.303  2.954  20 1 6 1 2 4 8 16 32 445.026 448.356
  2   -64.709   -17.389  3.150  10 1 6 1 2 4 8 16 32 166.572 170.063
  3     5.060   -14.349  3.012   8 1 6 1 2 4 8 16 32 153.847 157.334
  4    72.095    20.233  2.934   6 1 6 1 2 4 8 16 32 278.245 281.481
  5     2.594   -15.002  3.147   1 1 6 1 2 4 8 16 32 396.886 400.274
  6   -24.176   -72.894  3.146  19 1 6 1 2 4 8 16 32 141.038 144.517
  7   -13.190    66.498  2.908  13 1 6 1 2 4 8 16 32 541.268 544.564
  8    33.191    13.690  2.643  24 1 6 1 2 4 8 16 32 487.193 490.578
  9    66.827   -30.554  2.706  15 1 6 1 2 4 8 16 32 337.108 340.509
 10    19.934    35.883  3.008  13 1 6 1 2 4 8 16 32 408.942 412.127
 11   -27.771    32.269  2.834  10 1 6 1 2 4 8 16 32 747.141 750.513
 12    51.154   -16.827  3.157   4 1 6 1 2 4 8 16 32 122.566 125.805
 13   -19.214    23.749  2.651  12 1 6 1 2 4 8 16 32 697.665 700.943
 14   -46.643   -52.954  2.876  21 1 6 1 2 4 8 16 32 287.694 291.095
 15   -10.590   -16.626  2.736   2 1 6 1 2 4 8 16 32 485.755 488.931
 16    35.150    12.622  2.795  10 1 6 1 2 4 8 16 32 426.861 430.097
 17   -37.378    12.256  2.956  20 1 6 1 2 4 8 16 32 650.669 653.913
 18    82.794    25.836  2.929   9 1 6 1 2 4 8 16 32 521.110 524.587
 19     8.936    -3.723  3.030  24 1 6 1 2 4 8 16 32 254.825 258.161
 20   -56.659    25.555  2.656  19 1 6 1 2 4 8 16 32 489.554 492.772
 21   -52.020   -40.137  2.640  13 1 6 1 2 4 8 16 32 160.670 164.148
 22    39.270    12.787  2.888  14 1 6 1 2 4 8 16 32 690.204 693.703
 23    19.757    21.228  2.820  17 1 6 1 2 4 8 16 32 455.322 458.525
 24   -23.071   -12.659  3.125  25 1 6 1 2 4 8 16 32 616.374 619.820
 25    15.686    52.374  2.893   1 1 6 1 2 4 8 16 32 403.417 406.832
 26    58.771    -7.056  2.952   9 1 6 1 2 4 8 16 32 455.815 459.308
 27   -33.087    72.266  2.898  12 1 6 1 2 4 8 16 32 666.985 670.439
 28     2.551    46.851  3.091  22 1 6 1 2 4 8 16 32 560.528 563.867
 29   -18.719    73.126  3.164   2 1 6 1 2 4 8 16 32 634.650 637.918
 30   -67.627   -20.679  3.076  21 1 6 1 2 4 8 16 32 235.928 239.164
 31   -76.862   -11.365  3.155   8 1 6 1 2 4 8 16 32 635.870 639.152
 32   -24.194   -38.263  2.699  19 1 6 1 2 4 8 16 32 235.794 239.107
 33   -20.374   -31.903  3.068  24 1 6 1 2 4 8 16 32 727.051 730.492
 34     9.290    39.618  3.049  24 1 6 1 2 4 8 16 32 593.893 597.118
 35    26.044    35.974  2.877   2 1 6 1 2 4 8 16 32 338.456 341.820
 36   -57.385   -45.264  2.814  20 1 6 1 2 4 8 16 32 125.494 128.858
 37     1.489   -62.592  2.837  20 1 6 1 2 4 8 16 32 468.374 471.727
 38    34.937    13.672  3.153   5 1 6 1 2 4 8 16 32 218.213 221.677
 39   -22.290    45.648  3.100  17 1 6 1 2 4 8 16 32 242.312 245.517
 40    -5.920    44.061  2.678   4 1 6 1 2 4 8 16 32 174.899 178.363
 41   -38.446   -23.541  2.679  21 1 6 1 2 4 8 16 32 278.723 281.993
 42    28.894    33.936  2.750   3 1 6 1 2 4 8 16 32 127.975 131.277
 43   -35.388    -5.341  2.760  16 1 6 1 2 4 8 16 32 366.074 369.576
 44   -19.501    13.519  3.136  14 1 6 1 2 4 8 16 32 367.064 370.393
 45    -9.216   -30.988  2.930   6 1 6 1 2 4 8 16 32 406.484 409.683
 46   -22.131   -17.065  2.912   5 1 6 1 2 4 8 16 32 344.819 348.147
 47   -22.827    36.810  2.933  12 1 6 1 2 4 8 16 32 453.168 456.519
 48   -61.365   -18.463  3.116  23 1 6 1 2 4 8 16 32 586.596 590.059
 49    50.128   -66.046  3.054  12 1 6 1 2 4 8 16 32 373.626 377.058
 50    25.647    24.139  2.650  18 1 6 1 2 4 8 16 32 676.025 679.208
 51    65.521    42.810  3.162  24 1 6 1 2 4 8 16 32 498.756 502.008
 52   -60.956   -47.925  2.744   3 1 6 1 2 4 8 16 32 446.128 449.388
 53    -9.070    42.798  2.890   3 1 6 1 2 4 8 16 32 711.266 714.597
 54   -19.061     4.480  2.859  25 1 6 1 2 4 8 16 32 656.206 659.439
 55   -54.071    -3.870  2.689  22 1 6 1 2 4 8 16 32 600.157 603.344
 56   -25.598   -18.866  2.681  25 1 6 1 2 4 8 16 32 285.641 288.922
 57   -18.707    84.296  2.742  15 1 6 1 2 4 8 16 32 254.136 257.557
 58   -70.184   -39.166  3.133  18 1 6 1 2 4 8 16 32 689.358 692.646
 59   -14.636    -0.446  2.963   8 1 6 1 2 4 8 16 32 596.289 599.467
 60   -76.465   -38.922  2.786  20 1 6 1 2 4 8 16 32 507.626 511.051
 61    44.092    12.433  2.951  18 1 6 1 2 4 8 16 32 481.260 484.703
 62   -22.772   -50.867  2.912   5 1 6 1 2 4 8 16 32 109.682 112.907
 63    19.104    44.672  2.807  25 1 6 1 2 4 8 16 32 355.700 358.886
 64   -44.019   -39.935  3.008  16 1 6 1 2 4 8 16 32 617.299 620.495
 65    -2.972    -4.059  2.656  14 1 6 1 2 4 8 16 32 665.020 668.514
 66   -24.261    35.907  2.712   1 1 6 1 2 4 8 16 32 271.660 275.039
 67   -61.877   -73.901  2.946  15 1 6 1 2 4 8 16 32 627.474 630.887
 68    -5.640   -26.721  3.119  22 1 6 1 2 4 8 16 32 315.822 319.013
 69    45.844   -36.835  2.848   6 1 6 1 2 4 8 16 32 162.150 165.554
 70   -51.746   -79.840  3.141  24 1 6 1 2 4 8 16 32 317.959 321.337
 71   -33.008    10.992  3.093  19 1 6 1 2 4 8 16 32 498.880 502.077
 72   -25.653    -0.372  2.957  12 1 6 1 2 4 8 16 32 708.923 712.271
 73   -21.497    61.487  2.852  13 1 6 1 2 4 8 16 32 155.690 159.013
 74     2.032    26.727  2.700  10 1 6 1 2 4 8 16 32 310.190 313.632
 75   -26.758    14.807  2.646  12 1 6 1 2 4 8 16 32 189.757 193.131
 76   -37.256   -44.861  2.705  13 1 6 1 2 4 8 16 32 277.255 280.598
 77    -0.861   -16.418  3.023  25 1 6 1 2 4 8 16 32 732.809 736.146
 78   -51.160    34.967  3.007  12 1 6 1 2 4 8 16 32 135.084 138.346
 79   -41.266   -76.886  3.044   2 1 6 1 2 4 8 16 32 414.046 417.491
 80   -30.255    74.701  2.857  11 1 6 1 2 4 8 16 32 282.672 285.924
 81   -46.368    -1.514  2.937  10 1 6 1 2 4 8 16 32 227.114 230.578
 82   -71.619    73.077  2.943   9 1 6 1 2 4 8 16 32 273.925 277.392
 83   -46.606   -39.948  2.909  21 1 6 1 2 4 8 16 32 94.661 98.103
 84   -30.243    67.102  2.944  14 1 6 1 2 4 8 16 32 300.536 303.714
 85   -40.997   -43.036  2.943  15 1 6 1 2 4 8 16 32 552.724 556.150
 86   -74.286   -52.307  2.653   6 1 6 1 2 4 8 16 32 445.960 449.357
 87   -17.609   -71.851  3.019  25 1 6 1 2 4 8 16 32 210.998 214.500
 88     2.350   -81.805  2.655  14 1 6 1 2 4 8 16 32 612.862 616.128
 89   -85.486   -54.059  2.791  17 1 6 1 2 4 8 16 32 704.037 707.214
 90    23.822    10.571  2.755   8 1 6 1 2 4 8 16 32 524.060 527.499
 91   -24.530   -31.726  3.073   4 1 6 1 2 4 8 16 32 437.266 440.661
 92   -42.474   -15.009  3.080  17 1 6 1 2 4 8 16 32 528.037 531.270
 93   -33.624    50.330  2.727  23 1 6 1 2 4 8 16 32 731.420 734.626
 94   -81.458   -41.565  2.860   4 1 6 1 2 4 8 16 32 134.703 138.021
 95   -73.505   -48.279  3.149   4 1 6 1 2 4 8 16 32 150.232 153.540
 96    -3.052    70.898  2.905   9 1 6 1 2 4 8 16 32 436.768 439.966
 97     0.946    25.458  3.158   9 1 6 1 2 4 8 16 32 692.162 695.410
 98   -54.144    13.525  2.962  19 1 6 1 2 4 8 16 32 81.474 84.903
 99   -30.634     7.526  3.088  12 1 6 1 2 4 8 16 32 554.832 558.072
100   -68.335   -34.277  2.975  25 1 6 1 2 4 8 16 32 181.233 184.746
101     7.178    57.935  2.939   8 1 6 1 2 4 8 16 32 144.460 147.819
102     4.712    48.669  2.876  13 1 6 1 2 4 8 16 32 189.601 193.095
103    58.087    26.379  2.759   3 1 6 1 2 4 8 16 32 230.098 233.470
104    18.347    34.784  2.729   6 1 6 1 2 4 8 16 32 279.664 282.861
105   -44.629   -61.975  2.828  11 1 6 1 2 4 8 16 32 276.266 279.695
106     5.231    26.068  3.077  24 1 6 1 2 4 8 16 32 523.789 527.294
107   -48.065   -36.755  2.690  16 1 6 1 2 4 8 16 32 187.148 190.515
108    -3.589   -27.734  2.869  21 1 6 1 2 4 8 16 32 151.076 154.541
109     9.808    36.896  2.666  25 1 6 1 2 4 8 16 32 758.324 761.534
110    59.460     1.233  2.664  10 1 6 1 2 4 8 16 32 550.087 553.409
111   -47.522    19.873  3.018   2 1 6 1 2 4 8 16 32 337.731 341.155
112   -48.431   -50.317  2.819  13 1 6 1 2 4 8 16 32 175.728 179.056
113    44.666    20.953  2.926  14 1 6 1 2 4 8 16 32 502.977 506.190
114   -19.226    32.770  2.739  19 1 6 1 2 4 8 16 32 383.874 387.240
115   -15.662    17.462  3.034  16 1 6 1 2 4 8 16 32 670.868 674.152
116   -91.669    77.722  2.685  23 1 6 1 2 4 8 16 32 618.836 622.287
117   -30.035   -78.284  2.773  13 1 6 1 2 4 8 16 32 172.245 175.503
118    73.663    32.941  2.691  24 1 6 1 2 4 8 16 32 205.356 208.781
119    22.400   -60.083  2.745  17 1 6 1 2 4 8 16 32 630.449 633.736
120    61.206   -13.501  3.038   8 1 6 1 2 4 8 16 32 428.925 432.271
121    22.131   -50.012  3.037  12 1 6 1 2 4 8 16 32 532.072 535.445
122    -6.317    56.665  2.677   6 1 6 1 2 4 8 16 32 634.664 637.900
123   -20.471    12.885  2.850  20 1 6 1 2 4 8 16 32 320.669 324.028
124   -61.084   -44.769  2.841  20 1 6 1 2 4 8 16 32 650.559 653.798
125    -9.576   -19.366  2.681  24 1 6 1 2 4 8 16 32 122.951 126.428
126     5.627   -88.501  2.649  10 1 6 1 2 4 8 16 32 203.431 206.792
127    -2.618    22.131  2.640  18 1 6 1 2 4 8 16 32 260.268 263.509
128    40.497    32.343  3.025  10 1 6 1 2 4 8 16 32 334.377 337.842
129    -3.296    36.774  2.865  15 1 6 1 2 4 8 16 32 616.225 619.670
130   -50.995    19.781  3.108  12 1 6 1 2 4 8 16 32 393.482 396.780
131   -70.520    -3.809  2.924  22 1 6 1 2 4 8 16 32 116.422 119.921
132     4.205     0.812  2.987  11 1 6 1 2 4 8 16 32 123.430 126.608
133     9.955    26.337  2.964  14 1 6 1 2 4 8 16 32 356.574 359.792
134    13.538   -21.313  2.887   9 1 6 1 2 4 8 16 32 403.398 406.707
135   -21.869   -18.768  3.065   6 1 6 1 2 4 8 16 32 393.511 396.809
136   -37.158   -30.768  2.925  23 1 6 1 2 4 8 16 32 748.248 751.570
137   -86.975    10.345  2.663   8 1 6 1 2 4 8 16 32 239.747 242.974
138   -47.272   -46.326  2.736  22 1 6 1 2 4 8 16 32 148.811 152.011
139     4.095   -19.354  2.888   7 1 6 1 2 4 8 16 32 102.199 105.583
140     4.205    30.292  3.114  15 1 6 1 2 4 8 16 32 336.301 339.722
141   -42.017    53.986  2.963  22 1 6 1 2 4 8 16 32 155.301 158.716
142    35.095   -10.895  2.997   7 1 6 1 2 4 8 16 32 289.294 292.754
143    61.188   -59.875  2.995  14 1 6 1 2 4 8 16 32 389.066 392.468
144   -34.674    -1.337  3.014  21 1 6 1 2 4 8 16 32 230.410 233.815
145    -3.799    44.290 0.000   0 0 0 0.000 879.825
146    14.233    21.173 0.000   0 0 0 0.000 879.825
147   -23.334   -28.397 0.000   0 0 0 0.000 879.825
148    10.065     1.822 0.000   0 0 0 0.000 879.825
149   -49.115   -43.549 0.000   0 0 0 0.000 879.825
150   -21.054     4.144 0.000   0 0 0 0.000 879.825
