6 3 216 6
0 180
0 180
0 180
0 180
0 180
0 180
  1   -41.235   -66.357  3.056   3 1 6 1 2 4 8 16 32 452.130 455.595
  2    34.064   -59.357  2.913  16 1 6 1 2 4 8 16 32 158.379 162.028
  3    20.917   -52.582  3.419   8 1 6 1 2 4 8 16 32 583.418 587.046
  4   -38.538   -37.396  2.892  15 1 6 1 2 4 8 16 32 281.291 285.005
  5    41.058    22.931  3.111  12 1 6 1 2 4 8 16 32 751.874 755.662
  6   -54.034   -53.131  3.207  13 1 6 1 2 4 8 16 32 770.692 774.200
  7     8.099    80.725  3.363   8 1 6 1 2 4 8 16 32 194.982 198.589
  8    81.299    13.409  2.976  24 1 6 1 2 4 8 16 32 668.434 672.058
  9    14.459    -2.972  3.100  14 1 6 1 2 4 8 16 32 315.067 318.896
 10   -52.539    60.107  3.303  17 1 6 1 2 4 8 16 32 695.762 699.231
 11   -57.202   -34.229  2.949   8 1 6 1 2 4 8 16 32 223.389 226.987
 12   -65.552   -40.222  3.401  11 1 6 1 2 4 8 16 32 361.377 364.991
 13   -19.751   -10.278  2.919   8 1 6 1 2 4 8 16 32 474.180 477.855
 14   -26.965   -87.012  3.201  17 1 6 1 2 4 8 16 32 200.593 204.073
 15     3.192   -88.654  3.044  19 1 6 1 2 4 8 16 32 138.400 141.915
 16    34.521    32.837  3.221  13 1 6 1 2 4 8 16 32 741.088 744.588
 17    80.035     5.273  3.406   2 1 6 1 2 4 8 16 32 155.592 159.322
 18   -39.838   -67.731  2.996   8 1 6 1 2 4 8 16 32 360.180 363.992
 19    14.600    11.365  3.457  21 1 6 1 2 4 8 16 32 375.170 378.998
 20   -20.990   -80.511  3.016  13 1 6 1 2 4 8 16 32 750.680 754.279
 21    48.242    47.284  3.189  17 1 6 1 2 4 8 16 32 573.421 576.911
 22    59.338   -31.860  3.125   4 1 6 1 2 4 8 16 32 374.243 377.735
 23   -13.995   -45.624  3.455  22 1 6 1 2 4 8 16 32 200.141 203.954
 24    32.397   -32.532  3.320  24 1 6 1 2 4 8 16 32 558.233 561.700
 25     2.826    50.824  3.373  11 1 6 1 2 4 8 16 32 244.838 248.646
 26   -66.077   -34.686  2.923   6 1 6 1 2 4 8 16 32 399.421 403.044
 27   -13.660    18.640  3.121  19 1 6 1 2 4 8 16 32 529.560 533.036
 28   -59.344    12.769  3.163  11 1 6 1 2 4 8 16 32 270.585 274.079
 29    -5.133   -18.463  3.387  23 1 6 1 2 4 8 16 32 868.346 871.997
 30   -22.961   -21.729  3.333   4 1 6 1 2 4 8 16 32 315.731 319.367
 31    58.130    46.606  3.455   5 1 6 1 2 4 8 16 32 200.190 204.011
 32   -49.603   -76.624  3.162  16 1 6 1 2 4 8 16 32 655.029 658.773
 33    -4.803    43.036  3.304   2 1 6 1 2 4 8 16 32 601.383 605.129
 34    68.616   -19.623  3.114  13 1 6 1 2 4 8 16 32 769.421 772.918
 35    37.915    63.599  2.891  11 1 6 1 2 4 8 16 32 811.886 815.710
 36     1.251   -26.550  3.040   9 1 6 1 2 4 8 16 32 651.306 655.009
 37   -37.952     1.685  3.076  18 1 6 1 2 4 8 16 32 650.746 654.558
 38   -40.503     8.038  3.304   7 1 6 1 2 4 8 16 32 741.578 745.203
 39    -8.392   -38.678  3.014  24 1 6 1 2 4 8 16 32 410.106 413.732
 40   -36.725    25.494  2.959   5 1 6 1 2 4 8 16 32 538.967 542.602
 41   -47.754   -50.073  3.364   2 1 6 1 2 4 8 16 32 782.066 785.528
 42    22.595   -28.357  3.210   5 1 6 1 2 4 8 16 32 862.951 866.546
 43   -36.365   -48.163  3.183   5 1 6 1 2 4 8 16 32 392.243 395.747
 44    75.452   -13.422  2.950   3 1 6 1 2 4 8 16 32 659.034 662.865
 45   -64.520   -13.232  3.192  13 1 6 1 2 4 8 16 32 517.452 520.933
 46     1.257    29.156  3.426   2 1 6 1 2 4 8 16 32 442.778 446.534
 47    -1.569   -35.974  3.332  10 1 6 1 2 4 8 16 32 558.204 561.948
 48    46.747     6.696  3.079  12 1 6 1 2 4 8 16 32 385.569 389.061
 49    82.080    27.057  3.299  24 1 6 1 2 4 8 16 32 536.266 540.019
 50    74.695    19.366  3.228  21 1 6 1 2 4 8 16 32 209.306 212.850
 51    47.015     9.338  3.053  18 1 6 1 2 4 8 16 32 234.694 238.158
 52   -62.036   -21.326  2.912   5 1 6 1 2 4 8 16 32 359.423 362.973
 53     9.192    20.038  3.348  15 1 6 1 2 4 8 16 32 497.616 501.434
 54    -3.094    21.582  2.884  11 1 6 1 2 4 8 16 32 473.045 476.789
 55   -75.446    13.086  2.951   7 1 6 1 2 4 8 16 32 634.556 638.243
 56    10.034   -63.739  3.116   3 1 6 1 2 4 8 16 32 797.318 801.035
 57    71.814    26.501  3.437  17 1 6 1 2 4 8 16 32 551.952 555.499
 58    18.842   -38.019  3.021  14 1 6 1 2 4 8 16 32 71.013 74.786
 59   -10.541   -31.305  3.407  14 1 6 1 2 4 8 16 32 380.185 384.024
 60     8.252   -91.150  3.217   7 1 6 1 2 4 8 16 32 128.860 132.391
 61    72.821   -38.916  3.084  12 1 6 1 2 4 8 16 32 686.579 690.109
 62   -30.157    38.776  2.892   5 1 6 1 2 4 8 16 32 809.777 813.491
 63   -56.256    -5.548  3.057  11 1 6 1 2 4 8 16 32 790.626 794.431
 64    -8.398   -37.604  3.402  17 1 6 1 2 4 8 16 32 760.171 763.660
 65    15.021    13.708  3.385   3 1 6 1 2 4 8 16 32 176.552 180.050
 66   -60.199    24.292  2.958   7 1 6 1 2 4 8 16 32 615.571 619.243
 67   -13.794   -27.106  3.205  13 1 6 1 2 4 8 16 32 414.495 418.283
 68   -34.796   -22.205  3.198  20 1 6 1 2 4 8 16 32 485.300 488.985
 69    69.641    83.057  3.352  13 1 6 1 2 4 8 16 32 423.209 426.766
 70   -44.440    30.090  3.167   4 1 6 1 2 4 8 16 32 373.080 376.694
 71    48.633     3.021  3.269   3 1 6 1 2 4 8 16 32 842.482 846.093
 72   -15.314    51.709  3.280  24 1 6 1 2 4 8 16 32 638.183 641.651
 73    36.261    26.782  2.991  23 1 6 1 2 4 8 16 32 366.863 370.675
 74    59.961    24.310  3.457  21 1 6 1 2 4 8 16 32 208.152 211.921
 75    55.304     6.628  3.393  23 1 6 1 2 4 8 16 32 721.677 725.395
 76    39.960    48.297  3.317  10 1 6 1 2 4 8 16 32 530.756 534.495
 77   -48.895   -71.100  2.918  21 1 6 1 2 4 8 16 32 583.283 586.976
 78    -2.338   -62.909  3.350  24 1 6 1 2 4 8 16 32 374.686 378.197
 79     9.491   -41.901  2.931   9 1 6 1 2 4 8 16 32 97.745 101.468
 80   -54.675   -18.439  3.207  22 1 6 1 2 4 8 16 32 430.791 434.525
 81    10.980    -7.605  2.890   3 1 6 1 2 4 8 16 32 315.974 319.445
 82   -69.824   -50.354  3.295   6 1 6 1 2 4 8 16 32 341.489 345.190
 83   -40.308    -7.452  3.281  11 1 6 1 2 4 8 16 32 578.703 582.522
 84    62.244    43.628  3.354  10 1 6 1 2 4 8 16 32 515.359 518.984
 85    29.077    63.116  2.998  15 1 6 1 2 4 8 16 32 127.698 131.507
 86   -12.067   -21.509  3.176   9 1 6 1 2 4 8 16 32 635.584 639.379
 87    14.728    28.906  3.019  20 1 6 1 2 4 8 16 32 356.420 360.011
 88   -63.086   -60.114  3.120  19 1 6 1 2 4 8 16 32 565.020 568.610
 89    33.655    -0.928  3.048  19 1 6 1 2 4 8 16 32 706.589 710.293
 90   -12.225    14.148  3.399  19 1 6 1 2 4 8 16 32 761.465 764.979
 91   -89.966    51.514  3.296  20 1 6 1 2 4 8 16 32 682.268 686.083
 92    -0.763    41.339  3.323   1 1 6 1 2 4 8 16 32 374.435 377.933
 93    80.695    32.983  3.401  15 1 6 1 2 4 8 16 32 631.515 635.130
 94   -53.394   -14.240  3.378  18 1 6 1 2 4 8 16 32 212.161 215.917
 95   -53.284   -64.136  3.318   2 1 6 1 2 4 8 16 32 481.390 484.948
 96    73.260    10.669  3.295  25 1 6 1 2 4 8 16 32 623.037 626.562
 97    59.613    13.452  3.113  20 1 6 1 2 4 8 16 32 597.619 601.342
 98   -37.012     6.476  2.972  18 1 6 1 2 4 8 16 32 436.394 440.182
 99   -53.656    21.692  3.258   8 1 6 1 2 4 8 16 32 618.898 622.368
100   -36.890    18.372  3.245   3 1 6 1 2 4 8 16 32 852.646 856.142
101    -4.608   -13.806  3.166   2 1 6 1 2 4 8 16 32 250.904 254.391
102    53.802    36.993  3.427  15 1 6 1 2 4 8 16 32 252.764 256.583
103    48.468   -66.040  3.354  21 1 6 1 2 4 8 16 32 429.067 432.847
104   -46.393   -20.929  3.103   6 1 6 1 2 4 8 16 32 772.371 776.128
105   -15.045   -40.845  3.228  24 1 6 1 2 4 8 16 32 558.471 562.142
106   -73.621    -9.552  3.409  19 1 6 1 2 4 8 16 32 308.470 312.291
107    92.847    45.587  3.047  23 1 6 1 2 4 8 16 32 229.024 232.653
108    33.557    28.064  3.445  16 1 6 1 2 4 8 16 32 799.547 803.115
109    47.321    24.414  3.366  16 1 6 1 2 4 8 16 32 292.232 295.841
110    -6.610   -30.157  3.109   9 1 6 1 2 4 8 16 32 584.236 588.022
111    12.103    23.840  3.326   1 1 6 1 2 4 8 16 32 755.339 758.928
112   -61.963    26.239  3.232  10 1 6 1 2 4 8 16 32 495.680 499.184
113    23.877     9.808  3.425  14 1 6 1 2 4 8 16 32 589.723 593.404
114    49.780     6.866  2.947  11 1 6 1 2 4 8 16 32 671.212 674.942
115   -53.021   -21.484  3.266   4 1 6 1 2 4 8 16 32 109.484 113.092
116    54.962     2.985  2.916  23 1 6 1 2 4 8 16 32 372.752 376.499
117     4.865   -69.586  3.220  23 1 6 1 2 4 8 16 32 551.890 555.433
118    33.948    45.209  3.294  22 1 6 1 2 4 8 16 32 635.041 638.758
119   -32.166   -23.621  2.922  11 1 6 1 2 4 8 16 32 523.866 527.341
120   -17.548   -46.765  3.374  14 1 6 1 2 4 8 16 32 567.501 571.311
121    31.744    33.972  3.104  12 1 6 1 2 4 8 16 32 764.765 768.239
122    45.374    22.131  2.970  13 1 6 1 2 4 8 16 32 181.717 185.212
123    -5.219   -23.114  3.000  11 1 6 1 2 4 8 16 32 231.340 234.842
124   -51.056   -46.545  2.897   9 1 6 1 2 4 8 16 32 569.855 573.381
125    11.774    11.133  3.122   6 1 6 1 2 4 8 16 32 222.786 226.283
126   -39.758   -13.019  2.975  25 1 6 1 2 4 8 16 32 610.162 613.641
127    27.930    29.321  3.456  21 1 6 1 2 4 8 16 32 470.256 474.035
128    33.740    66.595  3.312  13 1 6 1 2 4 8 16 32 258.516 262.153
129   -91.815    29.858  3.132  23 1 6 1 2 4 8 16 32 197.032 200.572
130   -24.628   -68.701  3.442   8 1 6 1 2 4 8 16 32 173.190 176.975
131    44.659    20.465  2.983   7 1 6 1 2 4 8 16 32 638.873 642.604
132    45.447   -21.069  3.020   8 1 6 1 2 4 8 16 32 672.767 676.289
133   -37.366   -12.097  3.253   9 1 6 1 2 4 8 16 32 448.340 452.068
134    41.998     0.153  3.081   2 1 6 1 2 4 8 16 32 488.280 491.973
135   -42.822   -30.170  3.409  24 1 6 1 2 4 8 16 32 716.687 720.374
136    34.906    -4.578  3.240   7 1 6 1 2 4 8 16 32 123.083 126.576
137   -65.137   -43.079  3.111  23 1 6 1 2 4 8 16 32 468.208 471.928
138    20.270    -4.999  2.897  21 1 6 1 2 4 8 16 32 350.276 353.850
139   -36.731    -8.929  3.447  12 1 6 1 2 4 8 16 32 542.310 545.900
140   -26.984   -19.568  3.138  23 1 6 1 2 4 8 16 32 123.689 127.331
141   -31.299   -83.813  3.379  18 1 6 1 2 4 8 16 32 521.933 525.558
142   -26.794    12.506  3.340   5 1 6 1 2 4 8 16 32 171.618 175.325
143   -39.362   -58.521  3.109  15 1 6 1 2 4 8 16 32 630.802 634.430
144   -34.369     0.610  3.071  11 1 6 1 2 4 8 16 32 373.443 377.265
145    43.372     4.187  3.446   8 1 6 1 2 4 8 16 32 579.942 583.583
146   -38.226    -9.448  3.125   2 1 6 1 2 4 8 16 32 426.708 430.480
147   -25.610   -99.237  2.996   6 1 6 1 2 4 8 16 32 214.359 218.160
148    48.059    29.517  3.441  23 1 6 1 2 4 8 16 32 552.688 556.300
149   -43.628   -32.318  3.222   9 1 6 1 2 4 8 16 32 465.241 468.719
150   -16.602   -29.327  3.122   1 1 6 1 2 4 8 16 32 433.589 437.405
151   -29.810   -12.408  3.084  12 1 6 1 2 4 8 16 32 814.127 817.766
152   -51.910   -28.711  3.254  17 1 6 1 2 4 8 16 32 719.812 723.536
153    -1.801   -18.671  3.388   2 1 6 1 2 4 8 16 32 154.478 157.944
154    18.738    21.399  2.894   5 1 6 1 2 4 8 16 32 314.056 317.868
155    60.120     7.788  3.084   1 1 6 1 2 4 8 16 32 170.331 173.891
156    43.079    42.017  3.277  20 1 6 1 2 4 8 16 32 366.934 370.392
157   -39.435    -5.902  3.319  19 1 6 1 2 4 8 16 32 563.905 567.685
158   -35.889   -16.034  3.368  13 1 6 1 2 4 8 16 32 691.006 694.641
159   -41.827    38.995  2.884  10 1 6 1 2 4 8 16 32 615.799 619.447
160    84.497    29.822  3.177   9 1 6 1 2 4 8 16 32 153.810 157.494
161   -17.560   -10.480  3.046  14 1 6 1 2 4 8 16 32 526.701 530.225
162   -48.383   -48.920  3.182   4 1 6 1 2 4 8 16 32 195.964 199.799
163   -49.335   -17.969  3.211  20 1 6 1 2 4 8 16 32 671.135 674.919
164    16.095    -2.490  3.395  17 1 6 1 2 4 8 16 32 757.160 760.900
165    65.527    14.026  2.951  19 1 6 1 2 4 8 16 32 442.991 446.705
166    -2.930    13.220  3.353  19 1 6 1 2 4 8 16 32 130.840 134.349
167   -18.768   -23.663  3.336  16 1 6 1 2 4 8 16 32 418.841 422.411
168   -91.095   -80.737  3.134   4 1 6 1 2 4 8 16 32 715.931 719.632
169   -21.088   -13.293  3.265   1 1 6 1 2 4 8 16 32 220.630 224.366
170    46.985    17.224  3.008  21 1 6 1 2 4 8 16 32 768.552 772.048
171   -61.957   -33.038  3.076   9 1 6 1 2 4 8 16 32 572.868 576.515
172    -9.003   -25.452  2.906   2 1 6 1 2 4 8 16 32 830.944 834.466
173    33.661    -7.666  3.457  24 1 6 1 2 4 8 16 32 498.304 502.135
174   -25.592   -10.840  3.396   1 1 6 1 2 4 8 16 32 616.570 620.317
175    36.560    -2.441  3.046  21 1 6 1 2 4 8 16 32 756.412 760.026
176     7.141    24.817  2.977  13 1 6 1 2 4 8 16 32 468.839 472.577
177   -43.170   -30.487  3.354  15 1 6 1 2 4 8 16 32 319.681 323.198
178   -21.228     0.751  3.363   4 1 6 1 2 4 8 16 32 337.252 340.832
179    19.696    10.767  3.163  10 1 6 1 2 4 8 16 32 79.272 82.960
180    -6.494   -29.425  3.275  19 1 6 1 2 4 8 16 32 593.701 597.410
181    54.388     8.630  3.291   1 1 6 1 2 4 8 16 32 194.655 198.436
182    64.203    77.612  3.288  25 1 6 1 2 4 8 16 32 786.356 790.041
183    40.381     1.611  3.038   3 1 6 1 2 4 8 16 32 546.386 549.871
184   -41.711    -5.133  3.333  21 1 6 1 2 4 8 16 32 857.438 861.147
185    74.274   -19.922  3.287   7 1 6 1 2 4 8 16 32 435.294 439.036
186   -73.999   -54.626  3.284  18 1 6 1 2 4 8 16 32 198.941 202.427
187    29.706    15.454  2.884   3 1 6 1 2 4 8 16 32 704.754 708.586
188    23.785    12.177  3.183   1 1 6 1 2 4 8 16 32 333.757 337.427
189    42.578    45.325  3.040   2 1 6 1 2 4 8 16 32 253.430 256.945
190   -16.730   -16.559  3.114   8 1 6 1 2 4 8 16 32 412.915 416.603
191   -14.697    -0.116  2.943  10 1 6 1 2 4 8 16 32 371.552 375.222
192   -19.769     8.392  2.939  19 1 6 1 2 4 8 16 32 218.509 222.222
193   -30.267    14.893  3.161  17 1 6 1 2 4 8 16 32 850.815 854.555
194   -63.116   -67.462  3.433  19 1 6 1 2 4 8 16 32 431.572 435.230
195    86.029    38.916  3.357  24 1 6 1 2 4 8 16 32 164.474 167.949
196    79.480   -24.866  2.911  24 1 6 1 2 4 8 16 32 128.968 132.437
197    35.144    14.734  3.195   6 1 6 1 2 4 8 16 32 435.763 439.332
198   -49.365    -9.052  3.245   2 1 6 1 2 4 8 16 32 558.439 562.046
199   -49.475   -17.578  3.290   7 1 6 1 2 4 8 16 32 491.526 495.067
200    57.501    16.327  3.045  10 1 6 1 2 4 8 16 32 478.676 482.362
201    54.889    12.024  3.429  13 1 6 1 2 4 8 16 32 843.842 847.478
202   -53.027   -33.179  3.236  20 1 6 1 2 4 8 16 32 786.528 790.349
203    -0.415    16.644  2.972   1 1 6 1 2 4 8 16 32 700.029 703.606
204    21.594    16.144  3.280  17 1 6 1 2 4 8 16 32 468.803 472.498
205   -46.924   -49.261  3.243  17 1 6 1 2 4 8 16 32 498.072 501.793
206    18.457    19.733  3.425  16 1 6 1 2 4 8 16 32 388.457 392.036
207    35.822    19.763  3.148   9 1 6 1 2 4 8 16 32 229.209 232.954
208    71.869    29.034  3.032  25 1 6 1 2 4 8 16 32 342.278 346.119
209   -56.378   -42.755  3.006   1 1 6 1 2 4 8 16 32 272.144 275.908
210   -25.800    25.159  3.430  23 1 6 1 2 4 8 16 32 377.890 381.714
211    -5.676    33.850  3.281  10 1 6 1 2 4 8 16 32 540.145 543.714
212    54.041    -5.292  3.150  15 1 6 1 2 4 8 16 32 766.700 770.320
213   -63.074    27.380  3.363  25 1 6 1 2 4 8 16 32 414.990 418.448
214   -16.864   -49.768  3.376  25 1 6 1 2 4 8 16 32 651.121 654.872
215    47.919    13.629  3.074  16 1 6 1 2 4 8 16 32 479.823 483.624
216   -10.724    -2.075  3.371   1 1 6 1 2 4 8 16 32 609.607 613.150
217   -15.067   -23.950 0.000   0 0 0 0.000 960.420
218    38.791    22.443 0.000   0 0 0 0.000 960.420
219   -41.833   -35.361 0.000   0 0 0 0.000 960.420
220   -29.523    -4.843 0.000   0 0 0 0.000 960.420
221    49.725    11.990 0.000   0 0 0 0.000 960.420
222    21.133    14.142 0.000   0 0 0 0.000 960.420
