6 4 288 6
0 170
0 170
0 170
0 170
0 170
0 170
  1    12.805     1.886  3.325  10 1 6 1 2 4 8 16 32 552.466 556.418
  2    18.213     1.373  3.261  21 1 6 1 2 4 8 16 32 545.427 549.107
  3    57.947   -48.779  3.147   8 1 6 1 2 4 8 16 32 139.086 142.862
  4   -52.429   -84.088  3.080  23 1 6 1 2 4 8 16 32 750.284 754.088
  5    60.797   -32.593  3.293  10 1 6 1 2 4 8 16 32 544.214 548.110
  6    23.151     4.205  3.188   9 1 6 1 2 4 8 16 32 511.174 515.053
  7    25.385    22.986  3.530  21 1 6 1 2 4 8 16 32 113.477 117.118
  8    25.513   -52.985  3.493  16 1 6 1 2 4 8 16 32 499.145 502.714
  9   -49.261   -41.718  3.398  21 1 6 1 2 4 8 16 32 523.208 526.782
 10   -37.561   -41.730  3.532   3 1 6 1 2 4 8 16 32 719.517 723.268
 11   -14.520    48.962  3.545  24 1 6 1 2 4 8 16 32 577.049 580.916
 12    41.229   -24.500  3.024   2 1 6 1 2 4 8 16 32 620.868 624.738
 13   -21.863     0.916  3.065   4 1 6 1 2 4 8 16 32 857.294 861.189
 14   -48.181   -16.284  3.087  18 1 6 1 2 4 8 16 32 283.996 287.939
 15    -7.776    44.348  3.497   5 1 6 1 2 4 8 16 32 336.611 340.426
 16    20.801    10.760  2.976  13 1 6 1 2 4 8 16 32 855.135 859.063
 17   -29.712   -46.326  3.096  13 1 6 1 2 4 8 16 32 199.665 203.521
 18   -20.203   -59.564  3.402  14 1 6 1 2 4 8 16 32 839.411 843.010
 19   -87.079   -52.899  3.389  10 1 6 1 2 4 8 16 32 186.418 190.313
 20     3.046    -6.305  3.336   3 1 6 1 2 4 8 16 32 413.368 417.314
 21    11.865     5.261  3.038   1 1 6 1 2 4 8 16 32 359.018 362.708
 22   -24.072   -55.927  3.318  11 1 6 1 2 4 8 16 32 703.090 707.002
 23   -22.803     5.658  3.216  16 1 6 1 2 4 8 16 32 439.353 443.293
 24   -51.904     9.412  2.986   6 1 6 1 2 4 8 16 32 243.650 247.380
 25    12.732   -40.967  3.386  18 1 6 1 2 4 8 16 32 93.773 97.721
 26   -30.988     7.654  3.123  11 1 6 1 2 4 8 16 32 196.329 200.022
 27    37.512     0.458  3.417  15 1 6 1 2 4 8 16 32 153.465 157.133
 28     2.954    -8.563  3.167  17 1 6 1 2 4 8 16 32 506.353 510.083
 29     0.549     3.644  3.400  17 1 6 1 2 4 8 16 32 320.371 323.966
 30   -52.484     9.711  3.447   1 1 6 1 2 4 8 16 32 199.234 203.156
 31    33.936   -48.718  3.275   1 1 6 1 2 4 8 16 32 293.217 297.124
 32   -13.129   -53.601  2.971  18 1 6 1 2 4 8 16 32 532.353 536.193
 33   -99.591    23.303  3.057   3 1 6 1 2 4 8 16 32 168.827 172.721
 34     6.439    -3.516  3.233  21 1 6 1 2 4 8 16 32 307.624 311.536
 35   -14.032   -19.818  3.188  22 1 6 1 2 4 8 16 32 771.182 775.038
 36   -24.677    16.608  3.488  14 1 6 1 2 4 8 16 32 819.086 822.995
 37   -10.260   -81.769  2.985   4 1 6 1 2 4 8 16 32 642.218 646.171
 38    35.858     5.597  3.182  17 1 6 1 2 4 8 16 32 479.846 483.424
 39   -11.603    42.908  3.500  16 1 6 1 2 4 8 16 32 582.523 586.331
 40   -34.662   -15.466  3.369   8 1 6 1 2 4 8 16 32 901.774 905.688
 41    66.852     1.135  3.532  14 1 6 1 2 4 8 16 32 419.048 422.726
 42     6.866    -1.416  3.352  23 1 6 1 2 4 8 16 32 355.852 359.704
 43     1.660    -2.234  3.525   1 1 6 1 2 4 8 16 32 588.702 592.289
 44    37.561    11.450  3.467  21 1 6 1 2 4 8 16 32 404.826 408.696
 45    51.672   -26.343  3.424  10 1 6 1 2 4 8 16 32 701.790 705.713
 46    19.025   -10.889  3.311  19 1 6 1 2 4 8 16 32 565.517 569.377
 47   -37.982    -6.360  3.448   6 1 6 1 2 4 8 16 32 644.997 648.799
 48   -56.537   -42.334  3.195   4 1 6 1 2 4 8 16 32 870.961 874.636
 49     1.099   -14.624  3.523  18 1 6 1 2 4 8 16 32 833.252 836.819
 50   -56.238    -3.076  3.371  23 1 6 1 2 4 8 16 32 428.205 432.121
 51   -23.669   -15.289  3.466  25 1 6 1 2 4 8 16 32 252.902 256.589
 52   -34.277    -1.410  3.076  17 1 6 1 2 4 8 16 32 373.752 377.366
 53   -64.178    63.812  3.262  11 1 6 1 2 4 8 16 32 248.411 252.252
 54   -47.083   -20.386  3.238  20 1 6 1 2 4 8 16 32 284.460 288.263
 55   -33.710     8.380  3.117   9 1 6 1 2 4 8 16 32 914.895 918.716
 56    34.290    26.031  3.400  23 1 6 1 2 4 8 16 32 762.453 766.277
 57   -38.861    42.114  3.500  14 1 6 1 2 4 8 16 32 714.993 718.740
 58   -92.731    44.885  3.006   7 1 6 1 2 4 8 16 32 186.852 190.489
 59    23.633    27.643  3.513  15 1 6 1 2 4 8 16 32 371.107 374.722
 60   -67.139   -67.078  2.971  22 1 6 1 2 4 8 16 32 799.279 802.924
 61    25.726   -25.836  3.301   4 1 6 1 2 4 8 16 32 261.300 264.963
 62   -40.985   -16.895  3.069  14 1 6 1 2 4 8 16 32 809.202 813.084
 63    77.008    -6.097  3.176  24 1 6 1 2 4 8 16 32 347.859 351.804
 64   -54.810    -1.935  3.472  13 1 6 1 2 4 8 16 32 872.318 876.077
 65   -53.943   -29.663  3.493   9 1 6 1 2 4 8 16 32 180.817 184.619
 66    16.089   -27.887  3.142   3 1 6 1 2 4 8 16 32 438.240 441.914
 67   -59.436    36.487  3.132  23 1 6 1 2 4 8 16 32 281.614 285.402
 68    34.473    25.391  3.505   2 1 6 1 2 4 8 16 32 730.260 734.126
 69    -9.283    -6.689  3.351  23 1 6 1 2 4 8 16 32 440.320 444.076
 70   -85.559   -20.477  2.973   8 1 6 1 2 4 8 16 32 503.544 507.296
 71    29.523    18.347  3.489  23 1 6 1 2 4 8 16 32 638.861 642.644
 72    27.814     6.512  3.020  13 1 6 1 2 4 8 16 32 617.232 621.106
 73    42.151   -25.580  3.097  25 1 6 1 2 4 8 16 32 578.675 582.378
 74    82.202    85.828  3.123  25 1 6 1 2 4 8 16 32 431.731 435.635
 75   -47.766   -35.590  3.453  20 1 6 1 2 4 8 16 32 505.867 509.524
 76    22.015   -20.349  3.085   9 1 6 1 2 4 8 16 32 684.443 688.279
 77   -55.756   -33.490  3.307  15 1 6 1 2 4 8 16 32 829.139 832.853
 78    62.006    -1.453  3.412   4 1 6 1 2 4 8 16 32 238.322 242.200
 79    25.549    -3.796  3.292   1 1 6 1 2 4 8 16 32 345.517 349.398
 80   -43.372    -7.379  3.221   7 1 6 1 2 4 8 16 32 511.537 515.374
 81    60.297    52.637  3.302  12 1 6 1 2 4 8 16 32 799.190 802.997
 82   -96.155    34.100  3.277   5 1 6 1 2 4 8 16 32 220.928 224.585
 83   -32.806    -3.845  3.178   8 1 6 1 2 4 8 16 32 450.563 454.472
 84   -47.827   -45.203  3.341   1 1 6 1 2 4 8 16 32 893.819 897.487
 85   -31.128   -93.848  3.059  24 1 6 1 2 4 8 16 32 494.656 498.385
 86   -17.010   -21.857  3.442  23 1 6 1 2 4 8 16 32 63.827 67.618
 87    -8.386    -2.264  3.243  12 1 6 1 2 4 8 16 32 732.093 736.025
 88    35.834    13.147  3.239   2 1 6 1 2 4 8 16 32 730.761 734.633
 89    29.315    54.468  3.280  22 1 6 1 2 4 8 16 32 313.934 317.704
 90    48.352    -8.783  3.403   3 1 6 1 2 4 8 16 32 735.519 739.306
 91    -2.930    27.039  3.332  12 1 6 1 2 4 8 16 32 545.577 549.518
 92   -16.620   -55.389  3.214  16 1 6 1 2 4 8 16 32 797.110 800.813
 93   -40.851   -47.742  3.416   8 1 6 1 2 4 8 16 32 296.118 300.028
 94   -12.878    -2.039  3.190  25 1 6 1 2 4 8 16 32 594.682 598.511
 95   -51.776     7.281  3.437   6 1 6 1 2 4 8 16 32 216.197 220.105
 96   -32.922    23.828  3.113  24 1 6 1 2 4 8 16 32 332.960 336.770
 97    13.983   -34.521  3.319  16 1 6 1 2 4 8 16 32 738.987 742.753
 98   -35.834   -23.834  3.113   7 1 6 1 2 4 8 16 32 74.280 78.198
 99    91.858     5.542  3.358   9 1 6 1 2 4 8 16 32 545.389 549.071
100   -28.442   -34.180  3.561  23 1 6 1 2 4 8 16 32 436.805 440.650
101    33.844    27.875  3.074  24 1 6 1 2 4 8 16 32 404.590 408.158
102    98.431    31.348  3.351  19 1 6 1 2 4 8 16 32 256.807 260.562
103   -57.751   -27.753  3.021   9 1 6 1 2 4 8 16 32 594.758 598.696
104   -43.890    13.007  3.148  10 1 6 1 2 4 8 16 32 845.344 849.194
105    37.585    49.768  3.355  23 1 6 1 2 4 8 16 32 768.192 771.990
106    -3.687     7.373  3.507   2 1 6 1 2 4 8 16 32 467.293 471.226
107   -98.242    61.658  3.033   5 1 6 1 2 4 8 16 32 704.481 708.352
108   -23.560   -32.520  3.205  25 1 6 1 2 4 8 16 32 696.100 699.824
109    22.980   -18.109  3.454  17 1 6 1 2 4 8 16 32 759.098 762.713
110    43.915    -2.985  3.242  23 1 6 1 2 4 8 16 32 814.622 818.491
111    71.509    11.652  3.246  23 1 6 1 2 4 8 16 32 479.225 482.987
112   -43.011   -38.702  3.179  13 1 6 1 2 4 8 16 32 603.236 606.989
113   -83.954     2.179  3.155   2 1 6 1 2 4 8 16 32 416.062 420.006
114    11.090   -40.942  3.452  24 1 6 1 2 4 8 16 32 423.990 427.789
115    27.173   -13.330  3.286  22 1 6 1 2 4 8 16 32 792.401 796.094
116   -86.102   -59.808  3.542  20 1 6 1 2 4 8 16 32 660.577 664.315
117   -22.345   -78.278  3.293  15 1 6 1 2 4 8 16 32 215.826 219.743
118   -38.727   -33.588  3.383  12 1 6 1 2 4 8 16 32 534.070 537.907
119    -1.227   -28.668  3.509  17 1 6 1 2 4 8 16 32 502.489 506.240
120    81.329   -44.244  3.320  21 1 6 1 2 4 8 16 32 481.136 484.770
121    51.904    19.891  3.288  10 1 6 1 2 4 8 16 32 860.740 864.488
122   -34.973   -27.856  3.163   4 1 6 1 2 4 8 16 32 225.324 229.231
123   -51.483   -23.248  3.275  21 1 6 1 2 4 8 16 32 439.625 443.487
124    -0.647   -46.057  3.027   3 1 6 1 2 4 8 16 32 351.597 355.380
125    68.219   -66.986  3.317  17 1 6 1 2 4 8 16 32 425.687 429.419
126   -15.149   -25.482  3.265  19 1 6 1 2 4 8 16 32 211.192 214.886
127    22.412   -34.375  3.316  10 1 6 1 2 4 8 16 32 640.570 644.171
128    36.176   -10.431  3.478  21 1 6 1 2 4 8 16 32 777.182 780.879
129   -23.639   -47.681  3.550  21 1 6 1 2 4 8 16 32 439.928 443.825
130   -14.722    32.684  3.038   6 1 6 1 2 4 8 16 32 165.421 169.085
131    16.821   -12.720  3.469   8 1 6 1 2 4 8 16 32 281.118 284.889
132    93.378    23.004  3.456   8 1 6 1 2 4 8 16 32 456.066 459.978
133    40.344   -24.176  3.054  13 1 6 1 2 4 8 16 32 187.849 191.652
134     5.530    -4.901  3.353   7 1 6 1 2 4 8 16 32 597.923 601.713
135   -78.015     1.270  3.508  11 1 6 1 2 4 8 16 32 669.875 673.633
136    51.569   -45.673  3.361  18 1 6 1 2 4 8 16 32 706.456 710.025
137    49.249   -30.896  3.071  10 1 6 1 2 4 8 16 32 492.100 495.754
138   -62.195   -21.399  3.297  25 1 6 1 2 4 8 16 32 877.077 880.925
139    -5.048     7.306  3.415   7 1 6 1 2 4 8 16 32 801.924 805.772
140     1.727   -70.221  3.076  17 1 6 1 2 4 8 16 32 649.016 652.707
141     1.361    -3.564  3.043  20 1 6 1 2 4 8 16 32 896.664 900.298
142   -15.521    16.425  3.532  18 1 6 1 2 4 8 16 32 836.878 840.764
143   -31.604   -60.938  3.282  21 1 6 1 2 4 8 16 32 673.432 677.103
144   -46.997   -55.560  2.978  14 1 6 1 2 4 8 16 32 502.055 505.653
145     2.301     5.536  3.008   2 1 6 1 2 4 8 16 32 814.674 818.534
146   -30.328    -0.580  3.392  18 1 6 1 2 4 8 16 32 295.827 299.782
147   -16.821    17.664  3.494  10 1 6 1 2 4 8 16 32 230.299 233.887
148    52.655    29.034  3.420   5 1 6 1 2 4 8 16 32 678.167 681.794
149   -11.993   -83.771  3.417  15 1 6 1 2 4 8 16 32 421.026 424.691
150    41.632    43.048  3.235  17 1 6 1 2 4 8 16 32 206.955 210.635
151     8.508    -2.539  3.083  12 1 6 1 2 4 8 16 32 682.823 686.493
152    31.512    -8.978  3.505  14 1 6 1 2 4 8 16 32 514.557 518.366
153    -3.339   -36.243  3.031   3 1 6 1 2 4 8 16 32 304.542 308.117
154   -26.379    13.776  3.502   7 1 6 1 2 4 8 16 32 242.549 246.124
155    28.430    10.571  3.041  21 1 6 1 2 4 8 16 32 810.976 814.704
156     5.975    27.289  3.414   7 1 6 1 2 4 8 16 32 536.338 540.131
157   -32.135   -45.068  3.546   5 1 6 1 2 4 8 16 32 793.455 797.357
158    31.097    -7.916  3.419  24 1 6 1 2 4 8 16 32 202.312 206.053
159    28.198   -29.755  2.973  13 1 6 1 2 4 8 16 32 124.206 127.823
160   -39.612   -33.594  3.446  18 1 6 1 2 4 8 16 32 386.855 390.785
161   -19.220    -5.133  3.219  19 1 6 1 2 4 8 16 32 792.743 796.439
162   -10.114    69.977  3.198  22 1 6 1 2 4 8 16 32 230.336 234.007
163    22.894   -44.348  3.232  13 1 6 1 2 4 8 16 32 664.138 667.803
164   -34.741     0.580  3.370  10 1 6 1 2 4 8 16 32 912.525 916.458
165   -44.952   -77.734  3.332   4 1 6 1 2 4 8 16 32 171.952 175.669
166   -23.749   -56.012  3.454  17 1 6 1 2 4 8 16 32 144.168 147.795
167    69.073   -97.125  3.068   2 1 6 1 2 4 8 16 32 503.235 506.859
168    12.170   -59.869  3.162  18 1 6 1 2 4 8 16 32 872.587 876.213
169    47.339    17.365  3.007   2 1 6 1 2 4 8 16 32 170.622 174.549
170    -4.706    14.056  3.430  18 1 6 1 2 4 8 16 32 557.431 561.237
171   -52.374   -50.244  3.380  13 1 6 1 2 4 8 16 32 256.847 260.774
172    39.215   -29.773  3.273  24 1 6 1 2 4 8 16 32 229.245 232.827
173   -42.316   -60.602  3.311  25 1 6 1 2 4 8 16 32 255.611 259.480
174    19.135    41.150  3.102   2 1 6 1 2 4 8 16 32 394.297 398.011
175   -54.706   -17.596  3.471   2 1 6 1 2 4 8 16 32 316.624 320.523
176    11.737   -83.173  3.216   7 1 6 1 2 4 8 16 32 868.353 872.287
177   -40.582   -53.247  3.137  23 1 6 1 2 4 8 16 32 274.853 278.702
178    -6.421    21.967  3.090  21 1 6 1 2 4 8 16 32 601.396 605.283
179   -31.268   -34.613  3.418  18 1 6 1 2 4 8 16 32 357.371 361.184
180    -3.668   -26.868  3.188  21 1 6 1 2 4 8 16 32 81.224 84.917
181    13.409   -22.302  3.092  23 1 6 1 2 4 8 16 32 643.446 647.239
182   -95.892   -86.322  3.106  16 1 6 1 2 4 8 16 32 831.142 834.777
183    88.983   -53.387  3.253  22 1 6 1 2 4 8 16 32 317.971 321.794
184   -55.048   -32.538  3.176  11 1 6 1 2 4 8 16 32 585.985 589.813
185    27.850   -10.028  3.188  22 1 6 1 2 4 8 16 32 114.806 118.377
186    40.918   -36.090  3.235  10 1 6 1 2 4 8 16 32 761.417 765.325
187   -58.350    15.814  3.351  15 1 6 1 2 4 8 16 32 428.147 431.851
188   -52.161   -74.725  3.162  23 1 6 1 2 4 8 16 32 811.266 814.840
189   -66.772   -34.943  3.265   7 1 6 1 2 4 8 16 32 313.628 317.423
190   -33.374   -62.024  3.331   1 1 6 1 2 4 8 16 32 802.898 806.585
191    -8.649    31.708  3.368  21 1 6 1 2 4 8 16 32 170.881 174.612
192   -26.166   -56.152  3.136  11 1 6 1 2 4 8 16 32 322.932 326.788
193   -39.874   -53.375  3.480   2 1 6 1 2 4 8 16 32 848.022 851.628
194    71.643   -36.981  3.547  24 1 6 1 2 4 8 16 32 246.349 249.975
195   -96.924     8.411  3.313  25 1 6 1 2 4 8 16 32 445.175 448.949
196    -2.911    36.200  3.399  17 1 6 1 2 4 8 16 32 677.750 681.413
197   -53.253    14.099  3.399  10 1 6 1 2 4 8 16 32 229.597 233.427
198    67.316   -39.734  3.339  18 1 6 1 2 4 8 16 32 546.143 549.859
199    -6.525    11.975  3.551   2 1 6 1 2 4 8 16 32 226.400 230.229
200    16.425    33.221  3.278  12 1 6 1 2 4 8 16 32 306.608 310.481
201   -19.061   -56.921  3.077   4 1 6 1 2 4 8 16 32 148.823 152.548
202    25.189   -21.045  3.465   1 1 6 1 2 4 8 16 32 109.882 113.674
203    37.854    -5.524  3.463   1 1 6 1 2 4 8 16 32 228.598 232.464
204   -16.479    48.657  3.273   6 1 6 1 2 4 8 16 32 512.532 516.235
205     2.344   -16.516  3.209  22 1 6 1 2 4 8 16 32 518.986 522.734
206   -48.621   -12.390  3.307  25 1 6 1 2 4 8 16 32 709.668 713.347
207   -42.621   -50.006  3.083  21 1 6 1 2 4 8 16 32 116.942 120.573
208    16.016    11.169  3.306  18 1 6 1 2 4 8 16 32 780.436 784.258
209   -80.408   -60.583  3.407  14 1 6 1 2 4 8 16 32 305.398 309.125
210   -95.068    44.293  3.290  21 1 6 1 2 4 8 16 32 543.816 547.493
211    -6.885    24.884  3.494   4 1 6 1 2 4 8 16 32 776.550 780.116
212    -4.803    21.674  3.207   1 1 6 1 2 4 8 16 32 758.049 761.742
213     7.037   -45.337  3.120  18 1 6 1 2 4 8 16 32 210.443 214.195
214    31.293   -39.905  3.278   4 1 6 1 2 4 8 16 32 194.051 197.660
215    14.984    26.172  3.454   4 1 6 1 2 4 8 16 32 792.065 795.784
216    33.203   -52.289  3.314   5 1 6 1 2 4 8 16 32 500.660 504.246
217   -59.277    39.667  3.429  15 1 6 1 2 4 8 16 32 624.898 628.826
218    30.054   -36.823  3.109   5 1 6 1 2 4 8 16 32 271.721 275.300
219     9.351   -39.044  3.047  22 1 6 1 2 4 8 16 32 147.226 151.135
220   -10.651    54.431  3.175  21 1 6 1 2 4 8 16 32 120.208 123.940
221    20.856   -26.465  3.044  17 1 6 1 2 4 8 16 32 744.494 748.420
222    19.617    17.865  3.500   8 1 6 1 2 4 8 16 32 649.364 653.173
223   -36.981   -92.950  3.022   4 1 6 1 2 4 8 16 32 598.853 602.629
224    -3.760    59.875  3.132   4 1 6 1 2 4 8 16 32 117.674 121.503
225    11.682   -63.336  3.230  16 1 6 1 2 4 8 16 32 514.572 518.466
226     4.468   -36.133  3.372   5 1 6 1 2 4 8 16 32 190.732 194.329
227    47.040   -41.254  3.069  15 1 6 1 2 4 8 16 32 350.027 353.786
228    29.938   -58.710  3.559  25 1 6 1 2 4 8 16 32 587.699 591.365
229   -70.569    -7.037  3.045  15 1 6 1 2 4 8 16 32 714.248 718.173
230    56.262     1.819  3.441   7 1 6 1 2 4 8 16 32 350.038 353.736
231    46.210   -53.522  3.262  19 1 6 1 2 4 8 16 32 717.824 721.393
232     6.366   -14.264  3.170  11 1 6 1 2 4 8 16 32 71.515 75.432
233   -34.540   -39.502  3.558  13 1 6 1 2 4 8 16 32 730.562 734.353
234   -50.537    28.357  3.043  24 1 6 1 2 4 8 16 32 435.111 438.726
235   -61.444   -10.901  3.488   4 1 6 1 2 4 8 16 32 232.497 236.217
236   -30.823    17.902  3.234  13 1 6 1 2 4 8 16 32 374.259 378.198
237    49.658    24.469  3.295   6 1 6 1 2 4 8 16 32 507.924 511.694
238   -69.775   -41.406  3.235   4 1 6 1 2 4 8 16 32 819.824 823.574
239   -18.939    57.690  3.416  12 1 6 1 2 4 8 16 32 715.196 718.847
240   -22.449    15.771  3.432   4 1 6 1 2 4 8 16 32 142.952 146.568
241    -7.599    37.030  3.305   4 1 6 1 2 4 8 16 32 781.738 785.589
242    27.435    17.554  3.270  25 1 6 1 2 4 8 16 32 497.877 501.829
243    45.526    -5.127  3.189  25 1 6 1 2 4 8 16 32 537.828 541.684
244   -33.551   -25.586  3.111  14 1 6 1 2 4 8 16 32 303.521 307.320
245    -4.645    53.754  3.018  25 1 6 1 2 4 8 16 32 127.697 131.452
246   -41.119   -13.361  3.558  13 1 6 1 2 4 8 16 32 209.445 213.282
247    23.010   -45.703  3.278  13 1 6 1 2 4 8 16 32 400.087 403.919
248    17.230     5.096  3.534  11 1 6 1 2 4 8 16 32 534.950 538.888
249    -6.818   -19.873  3.467  24 1 6 1 2 4 8 16 32 858.472 862.325
250    52.966    51.410  3.550   5 1 6 1 2 4 8 16 32 820.700 824.270
251   -28.662   -50.940  3.306  12 1 6 1 2 4 8 16 32 164.114 167.847
252    69.684   -51.520  3.500   4 1 6 1 2 4 8 16 32 848.109 851.847
253    36.884   -17.371  3.364   5 1 6 1 2 4 8 16 32 308.274 312.090
254   -19.659    42.035  3.479  24 1 6 1 2 4 8 16 32 601.595 605.270
255    72.125    65.405  3.166  17 1 6 1 2 4 8 16 32 318.280 322.017
256   -71.368    59.863  3.484   4 1 6 1 2 4 8 16 32 287.152 291.047
257    18.317   -37.750  3.009   1 1 6 1 2 4 8 16 32 382.292 386.069
258    18.121     0.482  3.090  19 1 6 1 2 4 8 16 32 129.543 133.319
259    -1.105   -30.676  3.284   7 1 6 1 2 4 8 16 32 182.779 186.649
260   -44.574   -44.055  3.468  24 1 6 1 2 4 8 16 32 770.792 774.660
261   -28.058   -59.436  2.985  10 1 6 1 2 4 8 16 32 885.184 889.056
262    -7.953     4.639  3.235  13 1 6 1 2 4 8 16 32 144.517 148.336
263   -37.366   -28.528  3.189  24 1 6 1 2 4 8 16 32 809.999 813.633
264     4.388   -38.489  3.451   3 1 6 1 2 4 8 16 32 573.382 577.170
265   -44.592   -35.333  3.063  14 1 6 1 2 4 8 16 32 672.622 676.376
266   -56.714   -39.252  2.995   2 1 6 1 2 4 8 16 32 95.903 99.536
267    13.452   -32.159  3.067  24 1 6 1 2 4 8 16 32 509.923 513.557
268   -20.343   -11.182  3.137  11 1 6 1 2 4 8 16 32 686.092 689.930
269     3.436   -52.734  3.160   5 1 6 1 2 4 8 16 32 178.713 182.367
270    40.576   -54.492  3.386  14 1 6 1 2 4 8 16 32 319.704 323.305
271    31.952   -25.421  3.085  21 1 6 1 2 4 8 16 32 629.883 633.508
272   -57.434    38.525  3.381  14 1 6 1 2 4 8 16 32 489.602 493.502
273    47.510   -42.035  3.335  15 1 6 1 2 4 8 16 32 504.576 508.328
274   -28.143   -41.614  3.515   3 1 6 1 2 4 8 16 32 334.570 338.385
275    -2.258    -5.078  3.350  15 1 6 1 2 4 8 16 32 893.371 897.142
276   -27.167   -27.936  3.180  15 1 6 1 2 4 8 16 32 202.240 206.080
277   -24.048   -47.192  3.189  21 1 6 1 2 4 8 16 32 513.094 516.742
278   -77.521   -55.084  3.180  17 1 6 1 2 4 8 16 32 468.336 471.982
279   -62.036   -43.439  3.436  18 1 6 1 2 4 8 16 32 158.168 161.908
280   -71.936   -20.160  3.516  15 1 6 1 2 4 8 16 32 220.143 223.843
281   -66.504   -39.789  3.282  19 1 6 1 2 4 8 16 32 468.067 471.897
282    14.587    48.444  3.394   9 1 6 1 2 4 8 16 32 674.751 678.500
283    31.366   -29.462  3.403  10 1 6 1 2 4 8 16 32 894.095 897.753
284     6.512   -46.124  3.434  13 1 6 1 2 4 8 16 32 367.218 370.967
285     9.650    39.508  3.121  25 1 6 1 2 4 8 16 32 344.192 348.035
286    16.040    16.681  3.167   1 1 6 1 2 4 8 16 32 607.050 610.948
287     7.745   -75.378  3.529  11 1 6 1 2 4 8 16 32 871.236 874.932
288   -27.173    -4.462  3.507  25 1 6 1 2 4 8 16 32 662.468 666.280
289   -40.198   -12.781 0.000   0 0 0 0.000 990.110
290   -40.488   -35.864 0.000   0 0 0 0.000 990.110
291    -1.193     2.515 0.000   0 0 0 0.000 990.110
292    18.329   -35.468 0.000   0 0 0 0.000 990.110
293    23.746    -0.522 0.000   0 0 0 0.000 990.110
294   -46.396   -39.923 0.000   0 0 0 0.000 990.110
