6 1 48 4
500 200
500 200
500 200
500 200
  1   -29.730    64.136  3.040  12 1 4 1 2 4 8 587.008 590.521
  2   -30.664     5.463  3.310   8 1 4 1 2 4 8 894.245 898.028
  3    51.642     5.469  3.061  16 1 4 1 2 4 8 113.889 117.464
  4   -13.171    69.336  3.321   5 1 4 1 2 4 8 774.646 778.383
  5   -67.413    68.323  3.270  12 1 4 1 2 4 8 329.246 333.021
  6    48.907     6.274  3.024   5 1 4 1 2 4 8 397.186 400.785
  7     5.243    22.260  3.406  13 1 4 1 2 4 8 595.245 598.937
  8   -65.002    77.234  2.923  20 1 4 1 2 4 8 366.642 370.274
  9    -4.175    -1.569  3.150  13 1 4 1 2 4 8 600.582 604.308
 10    23.029    11.639  2.958  18 1 4 1 2 4 8 869.379 872.825
 11    25.482     6.287  3.073   7 1 4 1 2 4 8 849.800 853.371
 12   -42.615   -26.392  3.214   6 1 4 1 2 4 8 260.952 264.448
 13   -76.672    99.341  2.992   9 1 4 1 2 4 8 159.540 163.359
 14   -20.673    57.892  3.339   9 1 4 1 2 4 8 618.718 622.284
 15   -52.039     6.567  3.351   4 1 4 1 2 4 8 666.484 670.122
 16   -41.376    50.824  3.228  25 1 4 1 2 4 8 870.436 874.146
 17   -91.943    27.588  3.293   5 1 4 1 2 4 8 193.072 196.721
 18   -65.118    30.212  3.134  17 1 4 1 2 4 8 410.278 413.780
 19    18.597    96.716  3.129   3 1 4 1 2 4 8 577.988 581.559
 20   -40.942    83.209  3.348  16 1 4 1 2 4 8 378.064 381.841
 21   -37.756   -33.325  3.095  25 1 4 1 2 4 8 612.566 616.214
 22    23.767    29.083  3.298  21 1 4 1 2 4 8 244.266 247.861
 23   -43.030    20.453  3.376  14 1 4 1 2 4 8 569.102 572.749
 24   -35.297   -24.896  2.904  19 1 4 1 2 4 8 283.958 287.649
 25   -54.755    14.368  3.387  14 1 4 1 2 4 8 734.208 737.944
 26   -49.329    33.374  3.228   6 1 4 1 2 4 8 381.938 385.516
 27    57.404    23.822  3.315  16 1 4 1 2 4 8 830.842 834.491
 28   -22.754    55.408  2.981   9 1 4 1 2 4 8 273.673 277.480
 29   -56.622    73.340  2.901  20 1 4 1 2 4 8 381.195 384.857
 30   -38.562    -3.705  3.047  13 1 4 1 2 4 8 96.258 99.923
 31   -16.779    19.537  3.040  10 1 4 1 2 4 8 333.944 337.518
 32   -11.560    11.615  2.942  16 1 4 1 2 4 8 314.231 317.911
 33   -46.545    97.974  3.113  19 1 4 1 2 4 8 156.896 160.440
 34    16.229     9.320  3.441  22 1 4 1 2 4 8 356.198 359.761
 35     1.294     7.349  3.101  14 1 4 1 2 4 8 859.833 863.403
 36   -26.404    29.529  3.018  10 1 4 1 2 4 8 227.851 231.621
 37     4.352    14.685  2.998  11 1 4 1 2 4 8 679.961 683.588
 38   -50.665   -23.126  3.243  15 1 4 1 2 4 8 117.503 121.257
 39   -22.833    -9.814  3.109  13 1 4 1 2 4 8 799.861 803.515
 40   -71.100   -18.616  3.246  15 1 4 1 2 4 8 543.626 547.272
 41    -7.849    32.074  3.182   8 1 4 1 2 4 8 567.114 570.932
 42    11.877   -24.933  3.142  22 1 4 1 2 4 8 860.280 863.838
 43   -18.927   -23.730  3.133  24 1 4 1 2 4 8 353.626 357.443
 44   -11.920    11.755  3.078   3 1 4 1 2 4 8 838.347 842.139
 45    29.840    11.633  2.871  25 1 4 1 2 4 8 632.561 636.108
 46    12.268   -55.811  3.308  19 1 4 1 2 4 8 762.465 766.105
 47   -37.933   -21.613  3.190  21 1 4 1 2 4 8 519.980 523.562
 48    42.883    -2.966  3.204  10 1 4 1 2 4 8 280.988 284.729
 49     4.163    13.559 0.000   0 0 0 0.000 956.420
 50    21.387    17.105 0.000   0 0 0 0.000 956.420
 51   -36.118    49.097 0.000   0 0 0 0.000 956.420
 52   -31.201     0.235 0.000   0 0 0 0.000 956.420
