6 2 96 4
480 195
480 195
480 195
480 195
  1    33.588    30.750  2.899   4 1 4 1 2 4 8 723.644 726.815
  2    48.828    65.314  2.790  12 1 4 1 2 4 8 162.558 165.776
  3    86.176    59.344  2.806   3 1 4 1 2 4 8 199.443 202.677
  4    39.270   -33.057  3.077  15 1 4 1 2 4 8 275.152 278.452
  5   -23.370    86.853  2.912  13 1 4 1 2 4 8 514.188 517.601
  6    48.132    95.593  2.670  20 1 4 1 2 4 8 477.253 480.619
  7   -16.357    93.311  2.856  21 1 4 1 2 4 8 116.934 120.406
  8   -57.703   -65.601  2.714   4 1 4 1 2 4 8 411.749 415.209
  9     7.147    32.684  2.684  25 1 4 1 2 4 8 120.987 124.153
 10    42.950    68.701  2.650  21 1 4 1 2 4 8 446.122 449.319
 11    37.085    -2.112  3.014   7 1 4 1 2 4 8 485.284 488.625
 12    77.759    55.817  3.069   3 1 4 1 2 4 8 383.608 386.919
 13   -17.462   -56.567  3.010   9 1 4 1 2 4 8 402.525 405.953
 14    58.575    59.888  2.890   5 1 4 1 2 4 8 659.975 663.402
 15    57.776    15.344  2.641  20 1 4 1 2 4 8 286.634 289.935
 16   -22.327    36.072  2.862  21 1 4 1 2 4 8 240.382 243.686
 17    -7.080    30.493  3.141  19 1 4 1 2 4 8 631.132 634.435
 18    55.658    60.425  3.060   2 1 4 1 2 4 8 285.722 288.914
 19   -14.307    11.456  2.713  16 1 4 1 2 4 8 81.256 84.575
 20   -29.724    24.268  2.655  18 1 4 1 2 4 8 562.503 565.715
 21    43.219     0.739  2.991  24 1 4 1 2 4 8 447.488 450.815
 22    45.184    35.474  2.753  24 1 4 1 2 4 8 667.222 670.646
 23    64.484     2.240  2.997   8 1 4 1 2 4 8 164.460 167.814
 24    55.078    72.241  2.655  16 1 4 1 2 4 8 444.016 447.317
 25    16.925    15.741  2.840  19 1 4 1 2 4 8 826.145 829.339
 26    45.038    -3.723  3.094  12 1 4 1 2 4 8 668.996 672.281
 27   -76.782     5.939  2.716   9 1 4 1 2 4 8 411.821 415.230
 28    36.169     0.256  3.032   3 1 4 1 2 4 8 280.671 284.006
 29    29.218     8.936  2.774  15 1 4 1 2 4 8 193.272 196.616
 30    65.057     5.225  3.041   4 1 4 1 2 4 8 542.589 545.970
 31    42.175   -22.284  2.855  24 1 4 1 2 4 8 463.040 466.219
 32    25.574    31.726  2.936  22 1 4 1 2 4 8 375.064 378.460
 33    31.561    37.262  3.150  14 1 4 1 2 4 8 502.493 505.952
 34    66.498   -54.169  2.905  11 1 4 1 2 4 8 341.595 345.046
 35    46.576   -17.938  2.955  20 1 4 1 2 4 8 240.268 243.554
 36    65.063    40.875  2.860   5 1 4 1 2 4 8 518.555 521.899
 37    -2.716    24.768  2.820  11 1 4 1 2 4 8 642.540 645.874
 38   -40.002     3.870  2.798  12 1 4 1 2 4 8 220.241 223.531
 39   -73.505    57.043  3.137   7 1 4 1 2 4 8 129.029 132.483
 40    81.146   -25.714  2.835   1 1 4 1 2 4 8 176.151 179.359
 41    12.006    -7.965  2.856  23 1 4 1 2 4 8 694.755 698.226
 42    42.761    38.092  2.897  13 1 4 1 2 4 8 129.737 133.223
 43     3.857   -23.181  2.733   4 1 4 1 2 4 8 462.522 465.965
 44    -7.367    24.390  2.741  23 1 4 1 2 4 8 134.122 137.497
 45    35.944   -11.835  2.702  17 1 4 1 2 4 8 188.664 192.002
 46    52.075     9.692  2.743  13 1 4 1 2 4 8 688.051 691.400
 47    30.725    30.701  2.989   9 1 4 1 2 4 8 672.757 676.167
 48    41.223    77.924  2.728  10 1 4 1 2 4 8 623.108 626.508
 49    68.884   -40.546  2.946  22 1 4 1 2 4 8 718.002 721.260
 50    76.312    86.670  2.898  21 1 4 1 2 4 8 511.192 514.439
 51    63.934    78.540  3.072  13 1 4 1 2 4 8 320.416 323.880
 52    29.150    -9.961  3.105  25 1 4 1 2 4 8 532.015 535.421
 53    85.522    39.954  2.853   8 1 4 1 2 4 8 636.968 640.149
 54    31.775     3.870  3.078  20 1 4 1 2 4 8 128.094 131.442
 55   -20.544    19.086  2.811   3 1 4 1 2 4 8 770.428 773.854
 56    55.353    43.817  2.744   4 1 4 1 2 4 8 503.933 507.200
 57    35.406    10.278  3.022  13 1 4 1 2 4 8 791.816 795.031
 58    25.464    -0.287  2.735  18 1 4 1 2 4 8 264.877 268.065
 59    12.396     0.244  2.989   1 1 4 1 2 4 8 577.219 580.599
 60    18.359    20.917  2.773  10 1 4 1 2 4 8 554.833 558.121
 61    27.960   -15.039  2.940  16 1 4 1 2 4 8 204.813 208.224
 62    -3.192    19.879  2.910   9 1 4 1 2 4 8 220.171 223.363
 63     9.332   -41.351  2.954  13 1 4 1 2 4 8 133.589 136.859
 64   -20.581    38.177  3.071  23 1 4 1 2 4 8 574.683 578.017
 65    27.820    28.729  2.783  14 1 4 1 2 4 8 438.089 441.335
 66    59.027    42.310  2.927   5 1 4 1 2 4 8 775.841 779.291
 67    56.311    58.734  3.052   1 1 4 1 2 4 8 87.137 90.555
 68   -51.654    -0.342  3.111   6 1 4 1 2 4 8 358.480 361.964
 69     2.576    32.721  3.032  20 1 4 1 2 4 8 697.234 700.620
 70    15.131    -3.046  2.973  10 1 4 1 2 4 8 401.548 404.990
 71    66.595    34.937  3.052  19 1 4 1 2 4 8 274.916 278.259
 72    19.476    20.142  2.676  24 1 4 1 2 4 8 312.151 315.493
 73    -1.172    20.648  2.699   3 1 4 1 2 4 8 177.415 180.636
 74   -21.204    13.660  2.706   5 1 4 1 2 4 8 425.125 428.351
 75    98.846     1.257  2.953  13 1 4 1 2 4 8 518.884 522.123
 76    82.593    72.003  2.720   5 1 4 1 2 4 8 537.283 540.489
 77    30.017   -30.896  3.131   4 1 4 1 2 4 8 236.303 239.614
 78    33.228    41.663  2.685  12 1 4 1 2 4 8 318.338 321.665
 79    39.490    -8.539  3.118  11 1 4 1 2 4 8 563.212 566.377
 80    54.498    70.813  2.788  20 1 4 1 2 4 8 177.736 181.137
 81     3.058    10.248  3.101  13 1 4 1 2 4 8 470.226 473.627
 82    51.831   -16.870  2.898   1 1 4 1 2 4 8 774.599 777.891
 83    76.416    11.346  2.978   3 1 4 1 2 4 8 350.998 354.466
 84     5.243     0.238  2.658   2 1 4 1 2 4 8 238.544 241.929
 85    50.592    34.247  3.102  23 1 4 1 2 4 8 140.831 144.109
 86    -5.231    -2.081  2.751   8 1 4 1 2 4 8 384.563 387.970
 87    24.194    25.836  2.931  25 1 4 1 2 4 8 419.562 422.877
 88    33.630    37.585  2.723  18 1 4 1 2 4 8 489.557 492.778
 89    31.445    -7.001  2.687   4 1 4 1 2 4 8 598.192 601.429
 90    30.707   -28.168  3.144   5 1 4 1 2 4 8 131.115 134.478
 91    49.860     1.038  2.911  21 1 4 1 2 4 8 597.246 600.599
 92   -35.767    14.142  2.804  23 1 4 1 2 4 8 140.477 143.905
 93   -29.309     4.889  3.047  19 1 4 1 2 4 8 280.540 283.815
 94    19.049    41.974  3.067   2 1 4 1 2 4 8 262.047 265.226
 95    27.600    13.934  2.700  21 1 4 1 2 4 8 344.547 347.936
 96    52.832    50.684  3.148  10 1 4 1 2 4 8 739.434 742.693
 97     6.229    10.590 0.000   0 0 0 0.000 878.140
 98    32.663    44.730 0.000   0 0 0 0.000 878.140
 99    48.807    48.792 0.000   0 0 0 0.000 878.140
100    33.179    -4.968 0.000   0 0 0 0.000 878.140
