6 3 144 4
460 190
460 190
460 190
460 190
  1   -55.280   -24.371  3.148   9 1 4 1 2 4 8 672.459 675.931
  2   -48.297    53.314  3.130  22 1 4 1 2 4 8 523.908 527.386
  3   -49.072   -38.489  3.210  10 1 4 1 2 4 8 392.670 396.267
  4    25.311   -18.561  3.145  24 1 4 1 2 4 8 671.526 674.964
  5   -24.469    -3.815  3.272  25 1 4 1 2 4 8 364.969 368.474
  6    24.591   -17.896  3.232   6 1 4 1 2 4 8 312.465 316.017
  7   -10.419    60.364  3.030  22 1 4 1 2 4 8 574.831 578.394
  8    38.177   -35.175  3.197   1 1 4 1 2 4 8 434.121 437.694
  9   -68.280    93.073  3.062  19 1 4 1 2 4 8 697.135 700.822
 10   -30.792   -57.336  2.988  19 1 4 1 2 4 8 222.015 225.713
 11   -37.061   -12.122  3.321   5 1 4 1 2 4 8 824.408 828.049
 12   -15.741   -47.638  3.032   9 1 4 1 2 4 8 379.871 383.605
 13   -63.379   -22.919  2.967   8 1 4 1 2 4 8 645.487 649.128
 14   -43.109   -43.439  3.043  14 1 4 1 2 4 8 403.769 407.296
 15   -25.623    13.599  3.013   4 1 4 1 2 4 8 757.343 760.748
 16    -2.625    16.632  3.340   7 1 4 1 2 4 8 242.200 245.872
 17   -41.577   -28.497  3.143  10 1 4 1 2 4 8 613.463 617.031
 18     2.081    12.885  2.947  22 1 4 1 2 4 8 712.346 715.779
 19     3.925   -47.845  2.916  17 1 4 1 2 4 8 308.626 312.268
 20   -83.295    26.324  2.930  10 1 4 1 2 4 8 238.352 241.819
 21    -6.458    26.355  3.193   8 1 4 1 2 4 8 355.509 359.039
 22     3.290     6.732  2.966  14 1 4 1 2 4 8 407.688 411.372
 23   -34.869    30.426  3.214  12 1 4 1 2 4 8 843.758 847.477
 24    15.546   -36.273  3.098  17 1 4 1 2 4 8 641.212 644.774
 25    12.842     5.127  3.163  19 1 4 1 2 4 8 789.680 793.346
 26   -48.450   -24.426  3.047  25 1 4 1 2 4 8 219.703 223.161
 27   -88.538   -10.461  3.356  25 1 4 1 2 4 8 560.954 564.457
 28   -29.773     0.995  2.978   6 1 4 1 2 4 8 768.167 771.850
 29     9.827    38.416  3.027  21 1 4 1 2 4 8 748.134 751.708
 30     1.410    92.938  2.880   3 1 4 1 2 4 8 367.179 370.835
 31   -79.303    15.381  2.948  19 1 4 1 2 4 8 335.359 338.770
 32   -30.652    40.063  3.319  16 1 4 1 2 4 8 434.447 438.100
 33    18.927    21.637  3.039  21 1 4 1 2 4 8 515.533 519.104
 34    45.087   -59.906  3.324  17 1 4 1 2 4 8 412.078 415.505
 35   -34.949    -3.815  3.281  19 1 4 1 2 4 8 805.717 809.275
 36    81.201   -74.744  2.966   6 1 4 1 2 4 8 688.943 692.588
 37    15.594   -28.455  2.876  10 1 4 1 2 4 8 153.792 157.204
 38   -72.192    29.547  3.336  22 1 4 1 2 4 8 535.597 539.305
 39   -42.914   -22.675  3.287  17 1 4 1 2 4 8 199.398 202.977
 40   -76.392   -57.489  3.115  16 1 4 1 2 4 8 801.320 804.930
 41   -28.540    12.073  3.236   5 1 4 1 2 4 8 305.230 308.735
 42   -61.389    26.526  3.162   1 1 4 1 2 4 8 642.724 646.259
 43    -8.472    12.616  3.367  21 1 4 1 2 4 8 86.835 90.469
 44   -61.475    33.392  3.221  20 1 4 1 2 4 8 789.513 793.122
 45   -34.674   -27.588  2.881   6 1 4 1 2 4 8 281.709 285.164
 46    10.315   -12.518  2.900   1 1 4 1 2 4 8 248.395 251.906
 47   -83.014    77.002  3.365  11 1 4 1 2 4 8 699.712 703.253
 48   -40.417    49.988  3.031  22 1 4 1 2 4 8 457.575 461.213
 49    83.832    33.905  3.350  25 1 4 1 2 4 8 418.456 421.935
 50   -20.563   -75.830  3.285  18 1 4 1 2 4 8 652.846 656.270
 51    15.442   -18.719  3.003   9 1 4 1 2 4 8 790.825 794.367
 52   -59.937   -65.802  2.916  23 1 4 1 2 4 8 461.747 465.414
 53     5.151    47.815  3.062  17 1 4 1 2 4 8 635.966 639.470
 54    46.008    14.990  3.207   4 1 4 1 2 4 8 728.626 732.158
 55    82.977    -1.660  3.233   1 1 4 1 2 4 8 629.250 632.638
 56    39.893   -38.916  3.089  14 1 4 1 2 4 8 634.755 638.221
 57    90.839   -83.539  3.298  11 1 4 1 2 4 8 213.919 217.470
 58     7.068     0.067  2.841   7 1 4 1 2 4 8 732.346 736.095
 59    18.958    40.088  3.066  21 1 4 1 2 4 8 133.819 137.208
 60   -80.487    58.209  3.252   3 1 4 1 2 4 8 464.108 467.656
 61    64.459   -62.946  3.017  18 1 4 1 2 4 8 588.530 592.118
 62   -43.616   -26.117  3.322   5 1 4 1 2 4 8 483.711 487.446
 63   -18.408    10.303  2.814   6 1 4 1 2 4 8 673.293 676.917
 64   -43.921    63.251  2.831  22 1 4 1 2 4 8 463.025 466.753
 65    11.353    26.221  2.987  13 1 4 1 2 4 8 114.817 118.403
 66    -6.995    38.239  3.327  17 1 4 1 2 4 8 231.890 235.395
 67    74.084   -34.216  2.914   5 1 4 1 2 4 8 569.010 572.600
 68    14.301    -0.800  2.875   7 1 4 1 2 4 8 238.612 242.357
 69   -94.141   -48.779  3.341   1 1 4 1 2 4 8 336.146 339.832
 70    15.332   -42.169  3.097   3 1 4 1 2 4 8 160.695 164.107
 71   -46.637   -16.461  2.939  10 1 4 1 2 4 8 755.798 759.409
 72    -0.958   -81.000  3.199   5 1 4 1 2 4 8 702.882 706.368
 73   -37.445   -42.505  3.152   1 1 4 1 2 4 8 452.281 455.879
 74    -3.680   -69.073  3.263  17 1 4 1 2 4 8 414.676 418.194
 75    34.894   -20.898  3.004  14 1 4 1 2 4 8 254.439 258.009
 76    45.544    51.410  3.359   4 1 4 1 2 4 8 520.657 524.386
 77   -31.927    88.239  2.896  10 1 4 1 2 4 8 428.522 432.119
 78   -13.580   -26.959  3.359  25 1 4 1 2 4 8 340.814 344.525
 79    12.653   -48.340  3.367  11 1 4 1 2 4 8 743.795 747.409
 80   -46.179   -38.269  3.118  16 1 4 1 2 4 8 573.214 576.805
 81   -29.620    35.083  2.956  25 1 4 1 2 4 8 558.028 561.730
 82    13.696    43.988  2.942  20 1 4 1 2 4 8 608.358 611.887
 83    38.342   -46.338  2.933   3 1 4 1 2 4 8 558.776 562.272
 84   -26.227    24.506  3.033   7 1 4 1 2 4 8 618.873 622.528
 85    90.009   -43.640  3.162   2 1 4 1 2 4 8 273.484 276.862
 86    -6.995    22.522  3.265   6 1 4 1 2 4 8 313.658 317.319
 87   -29.993   -28.851  3.226  14 1 4 1 2 4 8 847.663 851.070
 88   -56.268   -64.740  3.360  14 1 4 1 2 4 8 565.532 568.943
 89   -87.415    90.796  3.022   2 1 4 1 2 4 8 439.133 442.740
 90    -5.762    54.034  3.004  15 1 4 1 2 4 8 771.615 774.991
 91   -34.845   -27.185  2.921  22 1 4 1 2 4 8 69.513 73.146
 92   -16.479    16.180  3.012   4 1 4 1 2 4 8 781.361 785.037
 93    23.712    29.492  3.169  22 1 4 1 2 4 8 688.340 692.061
 94   -40.991    46.594  3.193  19 1 4 1 2 4 8 801.908 805.341
 95   -53.516   -21.619  3.340   5 1 4 1 2 4 8 441.626 445.083
 96   -17.560    37.494  3.308  10 1 4 1 2 4 8 172.250 175.993
 97   -37.311    56.836  3.331   4 1 4 1 2 4 8 728.673 732.049
 98    71.515    22.510  2.955   7 1 4 1 2 4 8 671.727 675.339
 99   -41.864    27.710  2.870  11 1 4 1 2 4 8 158.194 161.720
100    14.819   -82.117  3.181  14 1 4 1 2 4 8 637.999 641.705
101    30.316   -55.322  2.858   2 1 4 1 2 4 8 529.428 532.820
102   -39.172    47.998  2.928  12 1 4 1 2 4 8 740.916 744.506
103   -94.415    15.192  3.308  12 1 4 1 2 4 8 559.227 562.647
104    -7.806    11.273  3.046  24 1 4 1 2 4 8 82.657 86.114
105    28.571   -49.908  2.889   8 1 4 1 2 4 8 803.260 806.687
106   -20.654    24.554  3.111   4 1 4 1 2 4 8 596.376 599.856
107   -30.963   -18.903  3.249  25 1 4 1 2 4 8 309.564 313.270
108     1.721   -20.447  3.059   6 1 4 1 2 4 8 598.325 601.768
109   -31.012   -21.106  3.095   9 1 4 1 2 4 8 592.512 596.242
110   -85.718   -28.015  2.911  23 1 4 1 2 4 8 752.954 756.472
111    58.826   -63.043  3.248  15 1 4 1 2 4 8 615.598 619.337
112   -15.753   -52.686  3.343   7 1 4 1 2 4 8 570.107 573.774
113   -71.661    51.184  2.816   6 1 4 1 2 4 8 137.175 140.815
114   -92.633    -6.598  3.110   5 1 4 1 2 4 8 325.848 329.591
115    33.508   -49.255  3.153  12 1 4 1 2 4 8 148.633 152.197
116    59.314    54.095  3.301   3 1 4 1 2 4 8 282.855 286.345
117    30.737   -28.436  2.924  22 1 4 1 2 4 8 196.958 200.693
118   -55.896    18.457  3.031  18 1 4 1 2 4 8 668.172 671.863
119   -89.960   -39.532  3.359  16 1 4 1 2 4 8 698.630 702.376
120    36.438    20.819  2.862   5 1 4 1 2 4 8 567.252 570.894
121   -53.674   -56.427  3.154   1 1 4 1 2 4 8 363.238 366.673
122   -31.866    32.538  3.014   8 1 4 1 2 4 8 340.996 344.564
123     5.658    12.756  2.958  20 1 4 1 2 4 8 480.351 484.035
124   -52.905    42.804  3.165  17 1 4 1 2 4 8 180.021 183.424
125    47.131   -45.465  2.975  11 1 4 1 2 4 8 782.797 786.505
126    30.792     9.869  2.990   8 1 4 1 2 4 8 579.050 582.695
127   -45.209   -56.293  2.821  15 1 4 1 2 4 8 318.786 322.504
128    10.919    13.306  3.230  16 1 4 1 2 4 8 675.781 679.387
129   -32.990   -34.003  2.906   6 1 4 1 2 4 8 100.055 103.665
130   -40.869    30.579  3.323  24 1 4 1 2 4 8 467.694 471.434
131   -69.348    80.408  3.016  10 1 4 1 2 4 8 232.968 236.447
132   -58.966   -29.541  3.189   4 1 4 1 2 4 8 690.941 694.677
133   -36.847   -33.710  3.172  10 1 4 1 2 4 8 368.438 372.157
134   -21.820    65.369  2.851  17 1 4 1 2 4 8 281.596 285.173
135    22.980   -41.010  2.844   5 1 4 1 2 4 8 636.170 639.574
136   -77.557    59.814  3.317  14 1 4 1 2 4 8 778.387 782.076
137   -47.205    67.725  2.883  16 1 4 1 2 4 8 200.315 203.790
138   -21.606    35.168  2.959  11 1 4 1 2 4 8 86.223 89.751
139   -55.676   -31.384  3.048  25 1 4 1 2 4 8 361.524 365.011
140   -85.229    88.788  3.185   4 1 4 1 2 4 8 220.780 224.462
141    -3.918   -63.525  3.368  12 1 4 1 2 4 8 370.147 373.710
142   -58.557    59.375  3.291  19 1 4 1 2 4 8 158.835 162.541
143   -24.542    14.935  3.009   6 1 4 1 2 4 8 629.262 632.941
144   -48.779    16.968  3.143  23 1 4 1 2 4 8 644.319 648.054
145   -40.082   -24.780 0.000   0 0 0 0.000 937.440
146    24.292   -27.704 0.000   0 0 0 0.000 937.440
147   -45.877    41.092 0.000   0 0 0 0.000 937.440
148   -11.896    15.875 0.000   0 0 0 0.000 937.440
