6 4 192 4
440 185
440 185
440 185
440 185
  1   -44.629   -55.640  3.181  11 1 4 1 2 4 8 322.776 326.412
  2    36.096    64.935  3.008  11 1 4 1 2 4 8 626.077 629.652
  3   -25.470    44.580  3.288  23 1 4 1 2 4 8 415.808 419.634
  4   -33.954   -73.059  3.360  16 1 4 1 2 4 8 710.152 713.878
  5    45.654    35.730  3.142  16 1 4 1 2 4 8 848.909 852.417
  6    14.954   -36.719  2.959   2 1 4 1 2 4 8 781.192 784.813
  7    -1.477    47.205  3.113   1 1 4 1 2 4 8 604.497 608.313
  8     2.155   -40.912  3.393  25 1 4 1 2 4 8 668.433 671.954
  9    22.992     1.398  3.386  24 1 4 1 2 4 8 577.612 581.104
 10   -28.857     5.957  3.085  14 1 4 1 2 4 8 717.624 721.426
 11   -48.120    94.116  3.026   6 1 4 1 2 4 8 785.304 788.999
 12     7.239    17.322  3.116  20 1 4 1 2 4 8 329.990 333.599
 13     4.614    27.051  3.369  10 1 4 1 2 4 8 259.318 263.035
 14   -13.971    28.198  3.410  11 1 4 1 2 4 8 602.465 606.107
 15    12.946   -11.688  3.042   2 1 4 1 2 4 8 250.918 254.486
 16   -36.670    23.102  3.105  22 1 4 1 2 4 8 626.951 630.756
 17    -4.224   -49.310  3.451   2 1 4 1 2 4 8 643.115 646.590
 18     1.093    -7.135  2.980  12 1 4 1 2 4 8 290.327 293.988
 19   -56.958    27.905  3.150   9 1 4 1 2 4 8 316.465 320.190
 20   -80.994   -77.686  3.359  21 1 4 1 2 4 8 802.150 805.850
 21    72.260    59.027  3.352  10 1 4 1 2 4 8 350.620 354.278
 22   -21.655     1.636  3.368  13 1 4 1 2 4 8 427.852 431.688
 23   -20.154   -62.415  3.113  25 1 4 1 2 4 8 492.694 496.531
 24   -48.157     6.287  3.093   9 1 4 1 2 4 8 84.716 88.313
 25    -5.078    61.597  3.008  19 1 4 1 2 4 8 744.148 747.672
 26    17.145   -47.046  3.456  22 1 4 1 2 4 8 622.234 625.876
 27   -16.064     8.557  3.358   4 1 4 1 2 4 8 206.429 210.115
 28     6.683   -27.069  3.105   4 1 4 1 2 4 8 308.319 312.029
 29    15.027   -34.979  3.184   7 1 4 1 2 4 8 782.704 786.399
 30    37.946    73.914  2.903  20 1 4 1 2 4 8 405.462 409.276
 31   -41.199   -43.018  3.353  17 1 4 1 2 4 8 407.235 410.873
 32    32.538    11.786  3.169  19 1 4 1 2 4 8 729.837 733.531
 33   -20.306   -20.239  3.272  12 1 4 1 2 4 8 668.436 672.290
 34   -35.480    19.135  3.365   2 1 4 1 2 4 8 550.864 554.584
 35    58.038    56.659  3.125  13 1 4 1 2 4 8 819.047 822.605
 36   -36.694    -6.256  3.037  24 1 4 1 2 4 8 508.817 512.639
 37     0.446   -46.735  3.003  22 1 4 1 2 4 8 141.255 144.898
 38   -19.690    38.977  2.983  17 1 4 1 2 4 8 688.557 692.255
 39   -47.339    20.911  3.216  19 1 4 1 2 4 8 673.780 677.594
 40   -79.236   -57.678  3.064   4 1 4 1 2 4 8 766.770 770.387
 41     5.597   -34.076  3.377  12 1 4 1 2 4 8 178.902 182.679
 42    34.454    -8.289  3.310  22 1 4 1 2 4 8 321.451 325.001
 43    18.500   -51.154  2.951   2 1 4 1 2 4 8 395.129 398.959
 44    -4.346   -44.525  3.227  19 1 4 1 2 4 8 745.802 749.505
 45   -14.148   -74.164  3.238   3 1 4 1 2 4 8 252.965 256.461
 46    19.867    77.515  3.119   5 1 4 1 2 4 8 152.278 155.939
 47   -50.079    17.871  3.045  22 1 4 1 2 4 8 748.787 752.615
 48    42.786   -79.883  2.953   6 1 4 1 2 4 8 169.713 173.205
 49     1.520   -29.034  3.409   9 1 4 1 2 4 8 754.393 758.173
 50    14.728    -3.436  2.980   8 1 4 1 2 4 8 267.026 270.697
 51   -26.166   -48.999  3.402  24 1 4 1 2 4 8 726.002 729.732
 52   -63.873    -5.273  3.065  15 1 4 1 2 4 8 552.841 556.671
 53   -54.138     7.086  2.984  16 1 4 1 2 4 8 127.161 130.905
 54    17.932   -34.094  3.284   9 1 4 1 2 4 8 598.613 602.398
 55   -98.706    34.552  3.267   1 1 4 1 2 4 8 594.831 598.528
 56    28.802    -8.582  3.039  18 1 4 1 2 4 8 629.368 632.848
 57     2.716    90.594  3.308  17 1 4 1 2 4 8 185.960 189.439
 58   -31.024    48.938  3.409  18 1 4 1 2 4 8 320.718 324.412
 59   -46.545    42.316  3.094   2 1 4 1 2 4 8 109.583 113.377
 60    27.289    58.179  3.409  25 1 4 1 2 4 8 496.318 499.854
 61    28.815   -28.027  3.375  21 1 4 1 2 4 8 824.243 827.999
 62   -26.099    11.328  3.073  19 1 4 1 2 4 8 400.930 404.702
 63     0.537   -26.221  3.260  10 1 4 1 2 4 8 291.182 294.910
 64   -50.458     7.812  3.322   2 1 4 1 2 4 8 581.696 585.352
 65    30.005    19.092  2.963  21 1 4 1 2 4 8 349.923 353.477
 66   -12.604    22.058  3.302  20 1 4 1 2 4 8 79.300 83.087
 67    22.009    -8.636  3.123  21 1 4 1 2 4 8 690.942 694.513
 68     8.942     2.875  2.942   2 1 4 1 2 4 8 61.125 64.891
 69   -19.812     0.922  3.045   6 1 4 1 2 4 8 645.978 649.600
 70    -4.230    31.250  3.174   2 1 4 1 2 4 8 768.231 771.965
 71    17.975    -0.409  3.389  12 1 4 1 2 4 8 755.152 758.780
 72    -2.350    42.938  3.204  12 1 4 1 2 4 8 328.110 331.633
 73   -16.516    68.085  3.227   5 1 4 1 2 4 8 787.272 790.746
 74    -1.190    42.023  3.344   5 1 4 1 2 4 8 628.135 631.640
 75    56.635   -44.019  3.432   8 1 4 1 2 4 8 351.848 355.644
 76    57.483    35.504  2.940  15 1 4 1 2 4 8 179.181 182.713
 77   -26.099     7.477  3.033   8 1 4 1 2 4 8 769.805 773.577
 78     7.489   -57.239  3.021   7 1 4 1 2 4 8 647.635 651.416
 79   -22.095    55.780  3.397  14 1 4 1 2 4 8 756.251 759.992
 80    19.867    38.824  3.345  18 1 4 1 2 4 8 324.412 327.902
 81     5.310    49.219  3.270  17 1 4 1 2 4 8 829.508 833.362
 82    15.155     6.299  2.945   5 1 4 1 2 4 8 482.966 486.654
 83     5.481   -31.500  2.930   6 1 4 1 2 4 8 331.491 335.331
 84     7.959   -28.662  3.222   9 1 4 1 2 4 8 564.077 567.725
 85   -75.812     4.010  3.241  24 1 4 1 2 4 8 791.707 795.511
 86   -43.671   -61.646  3.238  13 1 4 1 2 4 8 773.365 777.046
 87    -2.576   -62.140  3.199   5 1 4 1 2 4 8 597.050 600.717
 88   -18.842   -36.884  3.018   4 1 4 1 2 4 8 275.758 279.587
 89    20.844    21.167  2.893  22 1 4 1 2 4 8 692.268 696.000
 90     3.137   -19.220  2.947  24 1 4 1 2 4 8 468.759 472.414
 91   -20.361    18.878  3.287  25 1 4 1 2 4 8 708.493 712.104
 92    -0.897   -54.938  3.176   9 1 4 1 2 4 8 149.475 153.277
 93   -29.553     9.277  3.357   8 1 4 1 2 4 8 378.672 382.274
 94     5.048   -35.046  2.937   8 1 4 1 2 4 8 372.082 375.871
 95    27.759    48.712  3.230  25 1 4 1 2 4 8 218.433 221.962
 96    12.079   -42.346  3.303   7 1 4 1 2 4 8 145.237 148.773
 97   -51.270    41.144  3.373  24 1 4 1 2 4 8 279.186 282.753
 98   -29.077     4.291  2.944  16 1 4 1 2 4 8 406.896 410.522
 99   -18.555   -14.819  2.976  15 1 4 1 2 4 8 400.246 403.760
100     7.855   -49.451  3.470   7 1 4 1 2 4 8 567.371 571.112
101   -19.116   -32.086  3.213  17 1 4 1 2 4 8 714.353 717.887
102    17.651   -52.271  3.058   9 1 4 1 2 4 8 135.607 139.276
103    16.907   -62.964  3.079  14 1 4 1 2 4 8 176.483 180.018
104    18.988     6.219  3.202  20 1 4 1 2 4 8 265.120 268.867
105   -68.878   -64.539  3.453   6 1 4 1 2 4 8 395.273 398.865
106   -13.361    20.264  3.329  17 1 4 1 2 4 8 150.620 154.095
107   -44.440    63.721  3.181  23 1 4 1 2 4 8 474.436 478.220
108    -6.500    71.436  2.914  14 1 4 1 2 4 8 111.890 115.385
109   -51.978    25.409  3.058  19 1 4 1 2 4 8 562.423 566.125
110    -0.739    59.491  3.123  21 1 4 1 2 4 8 707.687 711.393
111   -64.679    83.038  3.177   6 1 4 1 2 4 8 279.918 283.613
112   -11.273   -35.944  3.380   1 1 4 1 2 4 8 253.405 256.967
113   -16.864     7.776  3.093  22 1 4 1 2 4 8 541.981 545.547
114    19.843   -49.805  2.980   7 1 4 1 2 4 8 153.669 157.246
115   -16.284    -2.936  3.415  14 1 4 1 2 4 8 364.618 368.173
116     8.356    67.041  3.459   7 1 4 1 2 4 8 712.577 716.406
117    30.878    24.316  3.244  25 1 4 1 2 4 8 822.378 826.167
118    93.524   -20.233  3.252  17 1 4 1 2 4 8 318.456 322.058
119    -9.332   -56.177  3.179  10 1 4 1 2 4 8 630.005 633.794
120   -34.442   -63.312  3.108  23 1 4 1 2 4 8 825.299 829.060
121    20.941    -5.646  2.940  22 1 4 1 2 4 8 610.283 613.928
122    -3.418    89.594  3.359   3 1 4 1 2 4 8 829.389 833.209
123   -18.738    45.227  3.203  14 1 4 1 2 4 8 165.556 169.402
124     2.435   -30.524  3.176  14 1 4 1 2 4 8 557.891 561.732
125   -28.864    56.616  2.984   2 1 4 1 2 4 8 471.364 474.952
126    76.880   -29.901  3.421   2 1 4 1 2 4 8 607.732 611.460
127   -90.466    10.278  2.903  21 1 4 1 2 4 8 470.678 474.313
128   -35.101    46.545  3.191  10 1 4 1 2 4 8 554.366 558.099
129   -48.395    43.854  2.898  10 1 4 1 2 4 8 620.328 623.960
130   -40.997    26.703  3.035   5 1 4 1 2 4 8 192.145 195.913
131    13.696    34.607  3.435   9 1 4 1 2 4 8 186.729 190.210
132   -71.472    11.450  2.917  15 1 4 1 2 4 8 483.532 487.012
133   -36.230    51.904  3.189  19 1 4 1 2 4 8 822.022 825.828
134   -39.465     4.907  3.196   7 1 4 1 2 4 8 69.438 72.974
135   -16.565    23.773  3.314  11 1 4 1 2 4 8 141.475 144.980
136    10.754   -28.552  3.155   2 1 4 1 2 4 8 398.055 401.882
137   -23.029    47.015  3.223  25 1 4 1 2 4 8 213.033 216.692
138    -8.807    21.216  3.415  14 1 4 1 2 4 8 258.862 262.444
139   -40.039    27.435  3.039  15 1 4 1 2 4 8 742.242 746.074
140   -37.445   -41.040  3.241  12 1 4 1 2 4 8 640.259 643.877
141    48.224     0.085  3.348  11 1 4 1 2 4 8 205.713 209.372
142    -0.323    68.237  3.120  17 1 4 1 2 4 8 187.471 190.978
143   -14.294   -33.423  3.181   4 1 4 1 2 4 8 297.657 301.128
144    -1.440   -34.814  3.266  24 1 4 1 2 4 8 423.890 427.620
145   -34.454    42.346  3.229   8 1 4 1 2 4 8 724.935 728.470
146     8.679   -66.180  3.268  20 1 4 1 2 4 8 678.831 682.466
147   -61.249   -51.367  3.465  12 1 4 1 2 4 8 471.331 475.074
148    -1.093     9.912  2.943  10 1 4 1 2 4 8 76.492 80.332
149   -16.565    66.547  3.295  12 1 4 1 2 4 8 298.872 302.377
150     8.435    52.838  3.154   9 1 4 1 2 4 8 461.482 465.307
151   -22.034   -36.896  3.444  16 1 4 1 2 4 8 301.419 305.239
152    15.765    17.322  2.930  23 1 4 1 2 4 8 857.150 860.887
153     9.003   -18.695  3.352  15 1 4 1 2 4 8 283.701 287.389
154    -4.584     3.491  3.189  10 1 4 1 2 4 8 393.617 397.194
155     8.875    40.662  2.999  21 1 4 1 2 4 8 571.525 575.182
156    26.093   -33.966  3.196   2 1 4 1 2 4 8 327.076 330.915
157   -32.501    39.526  2.954  16 1 4 1 2 4 8 448.318 451.910
158   -32.629   -82.581  3.395  15 1 4 1 2 4 8 584.513 588.150
159   -98.486    22.021  3.306  11 1 4 1 2 4 8 829.661 833.151
160   -59.052     4.163  3.099  11 1 4 1 2 4 8 494.647 498.231
161     7.428    -2.570  3.049  17 1 4 1 2 4 8 383.278 386.841
162   -59.601    12.469  2.930   3 1 4 1 2 4 8 697.444 701.196
163   -11.224   -31.830  3.296   9 1 4 1 2 4 8 184.924 188.406
164   -16.809   -35.040  2.920   1 1 4 1 2 4 8 121.868 125.669
165    21.863    18.140  3.015  13 1 4 1 2 4 8 839.930 843.775
166    45.038   -61.316  3.000   1 1 4 1 2 4 8 635.525 639.323
167   -48.816    25.568  2.976   2 1 4 1 2 4 8 282.962 286.566
168   -32.184   -16.736  2.974  22 1 4 1 2 4 8 669.225 672.889
169    12.439   -41.492  2.944  10 1 4 1 2 4 8 766.931 770.689
170   -21.082   -77.075  3.140   4 1 4 1 2 4 8 644.285 648.096
171   -17.822   -18.518  3.239   9 1 4 1 2 4 8 748.744 752.420
172    48.334    93.518  2.988  11 1 4 1 2 4 8 707.419 711.121
173   -18.677    49.005  2.981   3 1 4 1 2 4 8 835.836 839.682
174    12.140    30.042  3.234  19 1 4 1 2 4 8 698.587 702.080
175     3.113   -40.302  3.004  19 1 4 1 2 4 8 771.281 774.921
176    17.133    37.079  3.344   4 1 4 1 2 4 8 401.033 404.756
177    22.577     0.836  3.175  19 1 4 1 2 4 8 121.040 124.606
178   -30.426    52.942  2.940  15 1 4 1 2 4 8 858.052 861.533
179    33.765   -67.108  2.936  21 1 4 1 2 4 8 460.745 464.588
180     5.414     1.532  3.215  25 1 4 1 2 4 8 241.211 244.768
181    72.156    30.103  3.193   4 1 4 1 2 4 8 478.566 482.089
182   -24.109   -34.625  3.196   3 1 4 1 2 4 8 797.689 801.241
183    17.413    75.146  3.095   6 1 4 1 2 4 8 821.304 825.024
184    10.638   -60.052  3.008   6 1 4 1 2 4 8 415.328 419.076
185    -5.176   -48.999  2.894  21 1 4 1 2 4 8 120.192 123.806
186   -19.342    21.118  2.990  25 1 4 1 2 4 8 672.037 675.586
187   -46.802   -14.661  3.358  10 1 4 1 2 4 8 633.020 636.798
188   -16.779    43.439  3.315  25 1 4 1 2 4 8 243.009 246.713
189    14.093   -13.605  3.142  19 1 4 1 2 4 8 831.788 835.412
190   -21.063    26.019  3.447  19 1 4 1 2 4 8 467.245 471.011
191    39.813   -40.668  3.247  22 1 4 1 2 4 8 673.546 677.264
192    52.057    30.334  3.069   5 1 4 1 2 4 8 528.013 531.767
193    -0.140     7.266 0.000   0 0 0 0.000 964.110
194   -23.138    48.450 0.000   0 0 0 0.000 964.110
195   -26.102    16.809 0.000   0 0 0 0.000 964.110
196     0.244   -35.892 0.000   0 0 0 0.000 964.110
