6 5 240 4
420 180
420 180
420 180
420 180
  1    65.991   -49.829  3.356  10 1 4 1 2 4 8 225.470 229.254
  2   -36.938   -36.743  3.119  25 1 4 1 2 4 8 502.618 506.064
  3    -2.734    18.774  3.192  18 1 4 1 2 4 8 402.345 406.089
  4    31.116   -35.907  3.271  16 1 4 1 2 4 8 702.815 706.455
  5     2.789     8.008  2.992  14 1 4 1 2 4 8 821.130 824.848
  6    31.152    43.665  3.272   7 1 4 1 2 4 8 411.921 415.500
  7   -36.304   -21.307  3.205   9 1 4 1 2 4 8 414.767 418.246
  8    52.814    35.046  3.362  16 1 4 1 2 4 8 180.973 184.617
  9    11.267    20.660  3.079  24 1 4 1 2 4 8 660.115 663.542
 10    -0.623    23.114  3.218   6 1 4 1 2 4 8 688.539 692.315
 11    43.091   -12.360  2.890  22 1 4 1 2 4 8 272.584 276.019
 12     6.854    19.073  3.238  11 1 4 1 2 4 8 665.774 669.268
 13    -6.848    25.317  3.262  19 1 4 1 2 4 8 593.897 597.469
 14   -27.930   -23.712  3.109  20 1 4 1 2 4 8 285.461 288.996
 15    33.240   -30.487  3.215  20 1 4 1 2 4 8 190.207 194.011
 16    63.885   -52.881  3.272  16 1 4 1 2 4 8 422.448 426.054
 17   -13.672   -43.945  3.217   5 1 4 1 2 4 8 415.088 418.517
 18    -0.647   -27.502  3.016  21 1 4 1 2 4 8 105.980 109.571
 19    59.406   -49.261  3.366  19 1 4 1 2 4 8 827.319 830.979
 20    27.167    -5.713  2.927  18 1 4 1 2 4 8 494.844 498.427
 21    70.001   -20.844  3.244  22 1 4 1 2 4 8 538.313 542.069
 22    35.327   -65.167  3.417  19 1 4 1 2 4 8 820.970 824.399
 23   -14.386   -42.236  2.908  15 1 4 1 2 4 8 413.679 417.212
 24    19.366    30.273  2.898  24 1 4 1 2 4 8 858.712 862.195
 25   -39.789    10.101  3.233  20 1 4 1 2 4 8 434.064 437.612
 26   -15.753   -40.204  3.055  17 1 4 1 2 4 8 642.254 645.838
 27   -28.418   -40.503  3.265  20 1 4 1 2 4 8 869.008 872.660
 28    27.081     9.735  3.049  12 1 4 1 2 4 8 858.146 861.880
 29    22.205    -9.216  3.147  23 1 4 1 2 4 8 574.109 577.659
 30    -0.830    -6.525  3.137  15 1 4 1 2 4 8 409.037 412.798
 31    10.217    75.531  2.868  19 1 4 1 2 4 8 479.318 483.005
 32     7.446    18.500  3.312  23 1 4 1 2 4 8 402.029 405.517
 33    48.914   -20.294  2.892   9 1 4 1 2 4 8 172.293 175.864
 34   -18.958   -29.675  3.241  21 1 4 1 2 4 8 478.528 482.281
 35    16.815    -6.659  3.003  17 1 4 1 2 4 8 170.534 174.230
 36     2.509   -30.420  3.080   6 1 4 1 2 4 8 628.924 632.378
 37    15.424     4.913  3.136  10 1 4 1 2 4 8 877.265 880.793
 38    60.315    89.801  2.857   9 1 4 1 2 4 8 570.350 574.042
 39    40.405   -45.367  3.405  19 1 4 1 2 4 8 368.251 371.747
 40   -26.837   -54.272  3.027  17 1 4 1 2 4 8 272.668 276.421
 41    69.171    72.577  3.155  22 1 4 1 2 4 8 815.517 819.043
 42   -22.815    46.173  2.924   8 1 4 1 2 4 8 284.350 288.024
 43   -14.258   -30.249  3.239  25 1 4 1 2 4 8 329.172 332.683
 44    76.050    12.073  2.935  13 1 4 1 2 4 8 472.532 475.979
 45    63.043    60.022  3.016   1 1 4 1 2 4 8 417.257 420.771
 46   -20.239   -81.970  2.931  15 1 4 1 2 4 8 726.369 729.828
 47   -41.168   -42.023  3.380  16 1 4 1 2 4 8 167.907 171.587
 48    79.199   -29.016  3.346  20 1 4 1 2 4 8 341.896 345.364
 49   -20.728    -7.068  3.379  14 1 4 1 2 4 8 763.360 767.099
 50    -4.163   -53.497  3.155   2 1 4 1 2 4 8 270.039 273.503
 51    39.594   -40.460  3.006   5 1 4 1 2 4 8 735.969 739.425
 52   -47.125   -77.850  2.920  16 1 4 1 2 4 8 311.252 315.038
 53    -1.233    49.182  3.276  12 1 4 1 2 4 8 865.529 869.138
 54    -0.372   -27.264  2.906   1 1 4 1 2 4 8 683.635 687.238
 55    31.537    -8.722  3.244  15 1 4 1 2 4 8 779.662 783.150
 56    -0.134   -20.264  3.022   5 1 4 1 2 4 8 867.690 871.381
 57    66.394   -26.691  3.057   9 1 4 1 2 4 8 699.841 703.361
 58     6.104   -64.093  3.068   8 1 4 1 2 4 8 397.286 401.032
 59    13.544   -20.874  3.250   2 1 4 1 2 4 8 623.488 626.956
 60    54.211    -6.537  3.267  10 1 4 1 2 4 8 140.816 144.607
 61    22.046   -34.137  3.064  25 1 4 1 2 4 8 416.135 419.568
 62    -9.723     4.706  3.425  24 1 4 1 2 4 8 688.983 692.528
 63   -11.584   -46.857  3.339   7 1 4 1 2 4 8 705.955 709.738
 64    -2.905    -0.305  3.321  14 1 4 1 2 4 8 670.527 674.251
 65    13.837   -44.452  3.233   3 1 4 1 2 4 8 366.460 370.204
 66    17.480    27.747  3.240  23 1 4 1 2 4 8 779.298 782.896
 67     2.972   -43.689  3.214  21 1 4 1 2 4 8 169.901 173.441
 68   -44.354   -38.202  2.874  13 1 4 1 2 4 8 143.278 147.013
 69   -59.399     1.514  3.309  15 1 4 1 2 4 8 555.825 559.606
 70   -13.452   -75.531  2.995  14 1 4 1 2 4 8 323.051 326.771
 71    -5.518   -51.947  3.134   7 1 4 1 2 4 8 322.098 325.732
 72    -9.589   -26.880  3.267  20 1 4 1 2 4 8 595.275 598.769
 73    19.318    29.498  2.904   6 1 4 1 2 4 8 70.788 74.419
 74    26.245    36.743  2.893  24 1 4 1 2 4 8 75.738 79.404
 75    43.707   -28.033  3.340  17 1 4 1 2 4 8 807.072 810.652
 76   -52.026   -35.339  3.059   3 1 4 1 2 4 8 336.172 339.704
 77    -8.435    -0.116  3.374  15 1 4 1 2 4 8 869.608 873.269
 78    89.111    62.122  3.361   6 1 4 1 2 4 8 495.856 499.613
 79     6.067   -16.132  3.278  21 1 4 1 2 4 8 438.564 442.323
 80    27.094    -5.103  3.229  25 1 4 1 2 4 8 109.740 113.309
 81    27.527   -15.344  3.118  18 1 4 1 2 4 8 234.425 237.941
 82    42.511    32.056  3.199   1 1 4 1 2 4 8 322.529 326.076
 83    25.311    12.689  3.080  19 1 4 1 2 4 8 732.746 736.513
 84    47.778   -12.769  3.076  17 1 4 1 2 4 8 567.254 570.947
 85    -3.143   -13.837  3.105  20 1 4 1 2 4 8 222.410 225.890
 86    12.482   -78.101  3.187   1 1 4 1 2 4 8 279.746 283.251
 87   -21.039    -3.430  3.207  13 1 4 1 2 4 8 495.186 498.674
 88    -3.149   -55.432  3.017  25 1 4 1 2 4 8 254.611 258.201
 89    53.009    84.900  3.423  16 1 4 1 2 4 8 728.233 731.977
 90    35.638   -47.552  2.864   5 1 4 1 2 4 8 553.441 557.157
 91    43.427   -18.439  3.286  18 1 4 1 2 4 8 225.662 229.205
 92     6.598   -54.578  3.276  17 1 4 1 2 4 8 815.833 819.282
 93    87.952    94.012  3.238  15 1 4 1 2 4 8 704.427 708.026
 94    39.105   -48.743  3.381  13 1 4 1 2 4 8 749.935 753.370
 95   -48.340   -26.477  3.132  15 1 4 1 2 4 8 764.402 768.037
 96    72.003    -9.253  3.068   2 1 4 1 2 4 8 433.493 437.092
 97   -37.732     3.351  3.053   1 1 4 1 2 4 8 761.554 765.019
 98   -65.967   -36.749  3.186   9 1 4 1 2 4 8 491.268 494.773
 99   -16.669   -35.284  3.140  16 1 4 1 2 4 8 60.845 64.319
100    10.742    -4.669  2.890   6 1 4 1 2 4 8 654.835 658.639
101    15.594    -5.817  3.155  18 1 4 1 2 4 8 845.089 848.707
102    21.606   -18.109  3.104  24 1 4 1 2 4 8 335.376 339.118
103     9.784    49.280  3.157  24 1 4 1 2 4 8 789.937 793.705
104    94.147    -4.492  3.101   9 1 4 1 2 4 8 835.838 839.384
105    10.382   -16.302  3.034  19 1 4 1 2 4 8 196.677 200.375
106    -1.453    -0.861  3.042  12 1 4 1 2 4 8 264.609 268.327
107    -6.219    25.305  3.051  22 1 4 1 2 4 8 244.936 248.432
108    -6.250    10.217  3.016  13 1 4 1 2 4 8 569.113 572.899
109   -17.444   -70.795  3.122  20 1 4 1 2 4 8 419.950 423.724
110   -55.090   -43.854  3.037  25 1 4 1 2 4 8 503.555 506.996
111    -9.442    23.724  3.220   1 1 4 1 2 4 8 473.673 477.459
112     8.978    35.406  3.380  24 1 4 1 2 4 8 214.562 218.329
113   -16.754    -0.812  2.862  10 1 4 1 2 4 8 165.591 169.301
114    66.852   -37.842  2.896  22 1 4 1 2 4 8 469.056 472.808
115    14.716   -23.724  3.001  14 1 4 1 2 4 8 814.586 818.270
116    33.472    20.026  3.235  12 1 4 1 2 4 8 374.171 377.907
117    66.394   -70.111  2.987  23 1 4 1 2 4 8 251.880 255.464
118    -5.664     8.881  3.073  14 1 4 1 2 4 8 94.529 98.287
119    -5.103   -46.729  3.368  23 1 4 1 2 4 8 518.630 522.102
120    -8.826    55.743  3.290  25 1 4 1 2 4 8 615.104 618.672
121     5.847    -3.186  3.194   5 1 4 1 2 4 8 315.863 319.560
122   -25.726   -37.695  2.924   7 1 4 1 2 4 8 609.438 612.872
123   -15.363   -24.548  3.359  25 1 4 1 2 4 8 379.349 382.989
124    43.793   -11.102  3.047  11 1 4 1 2 4 8 426.718 430.173
125    17.664   -25.604  3.238  18 1 4 1 2 4 8 823.831 827.431
126   -39.624    54.883  3.190  18 1 4 1 2 4 8 151.854 155.546
127   -24.554   -43.225  3.273   1 1 4 1 2 4 8 165.296 168.749
128   -26.892   -12.738  3.081   7 1 4 1 2 4 8 249.744 253.290
129    34.155   -38.458  2.926  22 1 4 1 2 4 8 752.648 756.427
130   -47.314   -29.468  2.947   7 1 4 1 2 4 8 504.569 508.223
131    49.365   -25.592  3.418   3 1 4 1 2 4 8 533.439 537.234
132     3.705   -16.449  3.332  18 1 4 1 2 4 8 805.166 808.927
133    22.430   -23.273  3.199   8 1 4 1 2 4 8 833.612 837.120
134   -37.549   -29.608  3.326   6 1 4 1 2 4 8 396.822 400.416
135    25.549     3.674  3.254   7 1 4 1 2 4 8 440.333 444.054
136   -15.216     3.284  3.173  20 1 4 1 2 4 8 648.377 651.950
137   -12.939    -7.495  3.217  10 1 4 1 2 4 8 792.052 795.664
138   -22.107    26.434  2.912   2 1 4 1 2 4 8 188.864 192.405
139   -17.944     7.733  3.198   3 1 4 1 2 4 8 280.618 284.168
140   -21.234    14.490  3.028  10 1 4 1 2 4 8 361.835 365.336
141     3.503   -19.708  3.238   5 1 4 1 2 4 8 840.759 844.483
142    32.599   -14.935  3.232  25 1 4 1 2 4 8 311.878 315.594
143    -5.737   -28.296  3.245  23 1 4 1 2 4 8 219.919 223.587
144    -6.128   -39.624  3.317  21 1 4 1 2 4 8 270.773 274.298
145    -2.460    12.817  3.117  13 1 4 1 2 4 8 778.537 782.299
146    -6.470     8.466  2.992   1 1 4 1 2 4 8 705.049 708.767
147   -37.891   -36.115  3.278  11 1 4 1 2 4 8 160.156 163.676
148    10.852   -18.750  3.261   6 1 4 1 2 4 8 41.600 45.320
149    50.104     8.636  2.947   9 1 4 1 2 4 8 366.111 369.809
150    46.844     4.712  3.040  17 1 4 1 2 4 8 332.584 336.128
151    19.598   -10.406  2.943  13 1 4 1 2 4 8 575.330 578.881
152   -38.947    52.942  3.034  23 1 4 1 2 4 8 162.421 166.088
153    -0.641   -21.289  3.259  19 1 4 1 2 4 8 496.117 499.599
154    40.906   -33.765  3.298  11 1 4 1 2 4 8 156.101 159.735
155    -0.574   -62.299  2.898  12 1 4 1 2 4 8 863.160 866.672
156    -9.778    26.794  3.131  18 1 4 1 2 4 8 65.482 69.156
157    34.265   -23.895  3.136  25 1 4 1 2 4 8 634.253 637.739
158    29.572   -24.561  3.254  13 1 4 1 2 4 8 231.678 235.199
159    16.376   -58.887  3.405  24 1 4 1 2 4 8 568.717 572.330
160    61.877   -15.167  3.218   5 1 4 1 2 4 8 532.054 535.543
161    40.088    -9.625  3.318  14 1 4 1 2 4 8 667.873 671.672
162     0.122    -4.645  3.131  18 1 4 1 2 4 8 866.704 870.398
163    -8.929   -43.903  3.242  25 1 4 1 2 4 8 813.234 816.878
164    -7.135   -57.434  2.999  11 1 4 1 2 4 8 197.773 201.411
165     7.550   -21.210  2.908  18 1 4 1 2 4 8 79.086 82.778
166     3.949     7.300  3.047  23 1 4 1 2 4 8 415.676 419.205
167   -15.118    92.023  2.992  22 1 4 1 2 4 8 770.690 774.295
168    84.821   -24.518  3.125  20 1 4 1 2 4 8 180.328 183.938
169   -52.325    30.682  2.905  11 1 4 1 2 4 8 665.648 669.240
170     7.538    13.818  3.170  11 1 4 1 2 4 8 611.443 614.902
171   -21.484    30.359  3.218  19 1 4 1 2 4 8 134.466 138.032
172    36.047    29.883  2.879  13 1 4 1 2 4 8 317.516 321.118
173    12.781   -40.942  3.089  24 1 4 1 2 4 8 873.325 877.010
174   -17.291   -10.254  3.261   6 1 4 1 2 4 8 364.254 367.884
175   -10.541    12.402  2.993   5 1 4 1 2 4 8 258.928 262.542
176   -15.845   -59.460  3.183  24 1 4 1 2 4 8 819.956 823.573
177    29.266    -2.222  3.201   7 1 4 1 2 4 8 411.165 414.869
178   -12.598   -58.929  3.420  13 1 4 1 2 4 8 438.000 441.572
179   -17.303   -35.297  2.930  25 1 4 1 2 4 8 480.914 484.636
180    57.050   -50.354  3.042  15 1 4 1 2 4 8 858.760 862.416
181    26.941    17.444  3.372  15 1 4 1 2 4 8 607.318 610.923
182    -6.195    -8.881  3.361  16 1 4 1 2 4 8 773.308 776.887
183    16.980   -16.321  3.010   5 1 4 1 2 4 8 202.052 205.515
184    83.710   -32.520  2.885  15 1 4 1 2 4 8 780.490 784.127
185    12.451    34.589  3.384  24 1 4 1 2 4 8 292.642 296.288
186    15.057    67.004  2.889  15 1 4 1 2 4 8 429.699 433.397
187    25.818    -5.835  2.865   9 1 4 1 2 4 8 233.158 236.957
188    13.666   -14.832  2.886  19 1 4 1 2 4 8 44.937 48.445
189    48.322    -5.164  3.296  15 1 4 1 2 4 8 674.476 678.188
190    13.489    19.739  3.425   2 1 4 1 2 4 8 722.413 726.099
191   -18.512    65.405  3.052   3 1 4 1 2 4 8 301.580 305.204
192    17.554    38.379  3.016  18 1 4 1 2 4 8 593.577 597.296
193    37.775   -16.003  3.012  20 1 4 1 2 4 8 54.958 58.537
194    47.968   -30.310  3.134  14 1 4 1 2 4 8 656.158 659.770
195    38.806    36.243  3.030  10 1 4 1 2 4 8 746.093 749.881
196   -16.089   -42.841  3.273   6 1 4 1 2 4 8 133.660 137.293
197    28.656    -1.990  3.297  17 1 4 1 2 4 8 528.760 532.267
198    -5.859    -1.862  3.236  20 1 4 1 2 4 8 684.053 687.761
199    60.516    63.416  3.022   3 1 4 1 2 4 8 642.594 646.298
200    63.196   -47.766  2.945  14 1 4 1 2 4 8 675.607 679.197
201   -15.308   -23.285  3.275  12 1 4 1 2 4 8 719.396 723.036
202    -2.875     0.787  2.895   2 1 4 1 2 4 8 729.355 733.113
203    32.056   -10.175  3.251  11 1 4 1 2 4 8 86.953 90.597
204   -18.634   -25.665  3.086  16 1 4 1 2 4 8 797.944 801.503
205    -3.632    25.433  3.365  18 1 4 1 2 4 8 668.055 671.830
206    10.480    22.888  3.290  14 1 4 1 2 4 8 882.937 886.425
207     1.819    -3.009  3.352   6 1 4 1 2 4 8 772.149 775.948
208   -25.275   -12.183  3.050  12 1 4 1 2 4 8 235.975 239.567
209    56.927   -75.507  3.366  21 1 4 1 2 4 8 195.217 198.712
210    13.885   -36.230  3.011   1 1 4 1 2 4 8 648.844 652.649
211    32.520   -29.523  3.088  18 1 4 1 2 4 8 598.958 602.551
212     4.803    -7.288  2.890  17 1 4 1 2 4 8 93.553 97.103
213    11.365    -8.344  3.381  15 1 4 1 2 4 8 302.866 306.405
214    17.126   -24.646  3.315   4 1 4 1 2 4 8 88.402 92.037
215   -33.661   -41.241  3.088  18 1 4 1 2 4 8 460.244 463.961
216   -32.391   -50.885  3.178  22 1 4 1 2 4 8 144.287 147.788
217    23.041   -14.496  3.238  16 1 4 1 2 4 8 137.169 140.940
218   -21.857   -39.502  3.108  14 1 4 1 2 4 8 346.889 350.448
219    32.013    77.332  3.032  25 1 4 1 2 4 8 805.579 809.359
220    13.831   -76.190  2.883  15 1 4 1 2 4 8 136.270 140.066
221    -8.051   -21.179  3.265   6 1 4 1 2 4 8 862.051 865.839
222    25.391    46.613  3.402   7 1 4 1 2 4 8 117.440 121.103
223    49.536   -54.639  2.998  21 1 4 1 2 4 8 338.797 342.422
224    63.416    -8.636  3.344   3 1 4 1 2 4 8 107.028 110.779
225     2.301    -5.536  2.988  15 1 4 1 2 4 8 296.403 300.184
226    52.423    29.895  3.000  24 1 4 1 2 4 8 579.026 582.520
227     9.296   -16.254  3.043   2 1 4 1 2 4 8 900.145 903.943
228    34.845   -96.185  2.940  17 1 4 1 2 4 8 567.644 571.303
229   -21.063   -41.498  3.274   2 1 4 1 2 4 8 741.131 744.604
230    28.448    10.242  2.926  25 1 4 1 2 4 8 686.100 689.692
231    16.254   -22.583  2.960  15 1 4 1 2 4 8 470.242 473.944
232   -36.639   -34.033  3.259   3 1 4 1 2 4 8 571.185 574.908
233   -27.356   -50.177  2.954   1 1 4 1 2 4 8 508.019 511.607
234   -53.705    11.334  3.053   1 1 4 1 2 4 8 439.428 442.946
235    26.276    -5.994  3.288  20 1 4 1 2 4 8 749.715 753.502
236   -31.519    34.589  3.263  19 1 4 1 2 4 8 694.745 698.350
237   -14.612   -31.506  3.239   2 1 4 1 2 4 8 586.071 589.729
238    -4.242   -30.865  3.218   9 1 4 1 2 4 8 281.043 284.554
239   -18.524   -29.486  3.264   4 1 4 1 2 4 8 675.668 679.321
240   -17.133   -19.397  3.014  16 1 4 1 2 4 8 369.699 373.230
241    34.430   -17.151 0.000   0 0 0 0.000 951.660
242     0.269    -8.154 0.000   0 0 0 0.000 951.660
243     3.140    13.297 0.000   0 0 0 0.000 951.660
244    -3.113   -29.745 0.000   0 0 0 0.000 951.660
