6 6 288 4
400 175
400 175
400 175
400 175
  1   -66.174   -37.811  3.400  19 1 4 1 2 4 8 727.914 731.814
  2     2.673   -35.223  3.000  21 1 4 1 2 4 8 434.571 438.450
  3    38.751     8.618  3.446  17 1 4 1 2 4 8 788.392 792.071
  4    62.653    20.667  3.313   6 1 4 1 2 4 8 215.624 219.425
  5    60.974    -6.110  3.010   6 1 4 1 2 4 8 122.824 126.427
  6   -98.535   -39.532  3.025  19 1 4 1 2 4 8 630.392 634.204
  7     8.411   -81.274  3.210  17 1 4 1 2 4 8 497.892 501.607
  8   -14.569    26.056  3.063  19 1 4 1 2 4 8 878.802 882.467
  9   -34.186   -76.697  3.485   2 1 4 1 2 4 8 159.816 163.584
 10    55.145   -33.911  3.020   3 1 4 1 2 4 8 411.970 415.881
 11    15.869     8.716  3.139  24 1 4 1 2 4 8 293.174 296.976
 12   -63.416   -20.282  3.409   5 1 4 1 2 4 8 186.038 189.886
 13    -9.357   -42.212  3.082   9 1 4 1 2 4 8 788.590 792.410
 14   -53.619     3.729  3.346  20 1 4 1 2 4 8 402.022 405.895
 15    53.491    -3.308  3.224  19 1 4 1 2 4 8 733.222 736.846
 16   -22.614   -32.794  3.395  20 1 4 1 2 4 8 212.427 216.290
 17    39.612    -1.550  3.364   4 1 4 1 2 4 8 437.422 441.135
 18    16.705   -22.748  3.453   3 1 4 1 2 4 8 427.942 431.836
 19   -51.245   -13.757  3.373   2 1 4 1 2 4 8 765.037 768.714
 20   -29.907    14.380  3.114  23 1 4 1 2 4 8 698.987 702.516
 21   -70.441   -27.911  3.086   6 1 4 1 2 4 8 594.180 597.803
 22   -75.385   -30.811  3.219  17 1 4 1 2 4 8 157.186 160.722
 23    10.590   -28.931  3.449  17 1 4 1 2 4 8 330.539 334.090
 24    86.340   -45.935  3.469   3 1 4 1 2 4 8 648.687 652.326
 25     3.864    34.583  2.990  16 1 4 1 2 4 8 123.332 127.246
 26   -37.598   -42.114  3.200  15 1 4 1 2 4 8 845.739 849.356
 27    69.440     1.379  3.375  23 1 4 1 2 4 8 569.560 573.262
 28   -13.818     1.245  3.361  15 1 4 1 2 4 8 867.625 871.343
 29   -27.124   -38.037  3.196  12 1 4 1 2 4 8 632.087 635.862
 30   -69.348   -14.734  3.511  19 1 4 1 2 4 8 249.288 253.035
 31    58.575    29.346  3.370  23 1 4 1 2 4 8 493.537 497.273
 32    58.105    31.702  3.430  10 1 4 1 2 4 8 143.205 147.078
 33   -62.250   -16.425  3.211  23 1 4 1 2 4 8 102.383 105.956
 34   -66.382    13.586  3.207  22 1 4 1 2 4 8 438.671 442.336
 35    68.030   -12.482  3.021   4 1 4 1 2 4 8 654.300 658.131
 36   -30.701   -41.681  3.434   5 1 4 1 2 4 8 846.658 850.534
 37   -55.389   -51.050  3.406   1 1 4 1 2 4 8 157.259 160.913
 38    36.237    -2.655  3.524  11 1 4 1 2 4 8 739.682 743.384
 39    -1.215     5.591  3.338  20 1 4 1 2 4 8 411.576 415.222
 40    10.278   -23.950  3.078  25 1 4 1 2 4 8 830.625 834.327
 41    -7.159    36.859  2.998  18 1 4 1 2 4 8 230.989 234.733
 42   -90.204    61.169  2.969   4 1 4 1 2 4 8 411.613 415.429
 43    46.368    65.082  3.401  10 1 4 1 2 4 8 550.750 554.494
 44    13.348    31.372  3.311  17 1 4 1 2 4 8 209.912 213.769
 45   -73.566   -28.839  3.136   7 1 4 1 2 4 8 644.489 648.019
 46   -41.528   -37.097  3.160   4 1 4 1 2 4 8 116.346 120.091
 47   -60.938   -27.246  3.307   3 1 4 1 2 4 8 854.750 858.417
 48    38.312    54.376  3.016  12 1 4 1 2 4 8 698.536 702.256
 49    26.306    11.975  3.085  13 1 4 1 2 4 8 591.921 595.797
 50    10.297   -48.346  3.513  24 1 4 1 2 4 8 578.966 582.493
 51    52.417   -28.363  3.338  16 1 4 1 2 4 8 391.115 394.742
 52   -43.756   -39.343  3.507   2 1 4 1 2 4 8 409.523 413.300
 53    49.316    11.395  3.265   7 1 4 1 2 4 8 745.113 748.892
 54    45.593     4.346  3.414  15 1 4 1 2 4 8 697.230 700.973
 55   -25.989   -15.814  3.482  12 1 4 1 2 4 8 388.207 392.017
 56    65.253   -59.631  2.985  15 1 4 1 2 4 8 730.579 734.279
 57    12.109   -34.387  3.191  17 1 4 1 2 4 8 507.192 510.748
 58    12.390   -16.254  3.295  16 1 4 1 2 4 8 595.115 598.763
 59     0.525    69.611  3.486   1 1 4 1 2 4 8 537.340 541.009
 60    -8.679     7.770  3.357   9 1 4 1 2 4 8 367.955 371.812
 61    41.467   -35.016  3.317   4 1 4 1 2 4 8 413.739 417.617
 62    11.859   -34.973  3.208   3 1 4 1 2 4 8 240.994 244.694
 63    -1.306   -58.063  2.959   1 1 4 1 2 4 8 839.458 843.041
 64     6.024   -31.018  3.041   4 1 4 1 2 4 8 452.336 456.069
 65     1.788   -32.544  3.093   6 1 4 1 2 4 8 470.483 474.022
 66    29.272    -6.494  3.115   1 1 4 1 2 4 8 107.672 111.302
 67    23.950    10.742  3.099  19 1 4 1 2 4 8 406.771 410.367
 68   -65.887    40.912  3.451   1 1 4 1 2 4 8 616.056 619.685
 69   -10.095    26.257  3.124   2 1 4 1 2 4 8 207.267 211.175
 70    58.093    67.352  3.117  25 1 4 1 2 4 8 504.832 508.634
 71    90.015     9.485  3.330   4 1 4 1 2 4 8 367.675 371.259
 72    -6.622    15.216  3.225   4 1 4 1 2 4 8 623.922 627.736
 73    -2.875   -42.841  3.425  13 1 4 1 2 4 8 734.434 738.173
 74   -37.714    -7.306  3.176  18 1 4 1 2 4 8 827.449 831.138
 75    44.171   -11.224  3.477   9 1 4 1 2 4 8 121.280 125.001
 76   -58.704    -2.808  3.390   5 1 4 1 2 4 8 641.190 644.808
 77    -3.912    10.071  3.407  12 1 4 1 2 4 8 117.986 121.841
 78   -41.370    -1.495  3.395  22 1 4 1 2 4 8 673.338 676.966
 79    58.179    27.563  3.456   9 1 4 1 2 4 8 287.757 291.416
 80   -63.861    26.147  3.317  11 1 4 1 2 4 8 738.251 741.811
 81   -56.793   -15.918  3.460   6 1 4 1 2 4 8 430.831 434.455
 82    22.217   -27.509  3.046  19 1 4 1 2 4 8 797.006 800.703
 83    -1.031   -14.838  3.013  10 1 4 1 2 4 8 183.849 187.434
 84   -57.703   -10.480  3.171   1 1 4 1 2 4 8 546.857 550.414
 85    80.847     6.299  3.228  10 1 4 1 2 4 8 488.233 492.047
 86     2.887    10.822  3.497  20 1 4 1 2 4 8 196.814 200.532
 87   -37.390    -7.800  3.171  18 1 4 1 2 4 8 240.321 243.987
 88   -33.600   -26.740  3.308   1 1 4 1 2 4 8 231.926 235.636
 89    95.197    24.231  2.962  11 1 4 1 2 4 8 510.905 514.780
 90   -13.904    29.327  3.418  20 1 4 1 2 4 8 208.908 212.509
 91   -53.461     9.296  3.368  12 1 4 1 2 4 8 380.223 383.769
 92    67.578    13.007  3.402  17 1 4 1 2 4 8 278.230 281.763
 93   -83.881   -53.265  3.229  16 1 4 1 2 4 8 599.848 603.378
 94    30.255   -72.430  3.287   3 1 4 1 2 4 8 820.367 824.070
 95   -22.333   -20.538  3.284  14 1 4 1 2 4 8 463.520 467.346
 96     3.741   -35.461  3.066  12 1 4 1 2 4 8 649.291 653.037
 97   -20.093   -43.982  3.036   9 1 4 1 2 4 8 734.164 738.003
 98   -47.687   -21.100  2.974   1 1 4 1 2 4 8 587.287 590.926
 99   -20.447   -13.849  3.332   7 1 4 1 2 4 8 801.858 805.438
100    34.515     3.967  3.351   7 1 4 1 2 4 8 595.326 599.092
101    20.514   -11.884  3.249   5 1 4 1 2 4 8 731.317 734.860
102   -46.039   -22.565  3.027   9 1 4 1 2 4 8 115.132 118.883
103   -39.630    25.385  3.518  15 1 4 1 2 4 8 90.161 93.974
104    -1.025    50.433  3.014   4 1 4 1 2 4 8 265.476 269.296
105   -28.632    23.486  3.234  10 1 4 1 2 4 8 268.510 272.321
106   -52.997   -16.248  3.036  21 1 4 1 2 4 8 832.705 836.478
107    -3.345   -22.955  3.147   2 1 4 1 2 4 8 156.081 159.778
108   -62.640   -26.349  3.049   6 1 4 1 2 4 8 289.380 293.149
109    25.403     0.531  3.048   1 1 4 1 2 4 8 560.008 563.748
110   -29.895    72.919  3.140  23 1 4 1 2 4 8 216.301 220.003
111    26.630     1.971  3.473  24 1 4 1 2 4 8 787.401 791.143
112    -9.814    35.004  3.221  16 1 4 1 2 4 8 629.098 632.869
113    -7.758   -42.426  3.412  18 1 4 1 2 4 8 790.881 794.543
114    28.918    -7.117  3.034   1 1 4 1 2 4 8 720.328 723.865
115    47.693    36.108  3.411   1 1 4 1 2 4 8 714.837 718.668
116   -53.168     5.206  3.481  21 1 4 1 2 4 8 769.042 772.894
117    17.560    13.214  3.337   8 1 4 1 2 4 8 563.036 566.578
118     6.836    -2.496  2.950  22 1 4 1 2 4 8 680.549 684.248
119   -17.322    97.260  2.972  23 1 4 1 2 4 8 619.079 622.707
120    22.406    26.532  3.126  11 1 4 1 2 4 8 246.882 250.581
121   -73.090   -13.251  3.336  15 1 4 1 2 4 8 754.480 758.262
122   -64.996    -4.578  3.160  14 1 4 1 2 4 8 514.191 517.960
123   -34.906   -43.903  3.354  16 1 4 1 2 4 8 165.842 169.523
124   -92.346    -4.517  3.381  25 1 4 1 2 4 8 665.518 669.213
125     0.647    -8.496  3.464  12 1 4 1 2 4 8 763.116 766.678
126     5.048   -37.323  3.382   9 1 4 1 2 4 8 437.633 441.507
127   -19.080   -14.178  3.264  20 1 4 1 2 4 8 883.141 886.691
128   -71.704   -11.450  3.233  22 1 4 1 2 4 8 524.741 528.374
129   -45.581   -28.717  3.176  13 1 4 1 2 4 8 782.935 786.710
130   -28.351   -23.914  3.208  24 1 4 1 2 4 8 862.149 865.688
131   -16.486    30.920  3.419  13 1 4 1 2 4 8 250.989 254.737
132   -83.423   -20.935  2.989   4 1 4 1 2 4 8 327.864 331.769
133   -12.054   -20.612  3.487  22 1 4 1 2 4 8 498.166 501.982
134    -7.184   -63.721  3.398  18 1 4 1 2 4 8 154.919 158.707
135    34.546    -8.881  3.214  25 1 4 1 2 4 8 686.447 690.035
136    -4.865    73.694  3.486  19 1 4 1 2 4 8 679.117 682.982
137   -36.005    -3.876  3.514   8 1 4 1 2 4 8 318.928 322.493
138   -28.400   -21.820  2.949  13 1 4 1 2 4 8 289.354 292.902
139   -56.281   -15.112  3.123   1 1 4 1 2 4 8 582.521 586.078
140   -11.017    42.151  3.139   1 1 4 1 2 4 8 151.198 154.881
141   -63.092   -62.573  3.114   5 1 4 1 2 4 8 308.921 312.496
142    29.486    79.944  3.003   2 1 4 1 2 4 8 842.226 846.037
143   -65.674    -0.238  3.440  22 1 4 1 2 4 8 742.290 746.046
144    46.130   -20.416  3.345   3 1 4 1 2 4 8 648.586 652.270
145     1.575   -16.364  3.248   2 1 4 1 2 4 8 231.769 235.295
146    40.277    -1.379  3.421   6 1 4 1 2 4 8 871.712 875.463
147   -15.271    42.249  3.075  19 1 4 1 2 4 8 644.269 648.067
148    33.215   -16.614  3.142   5 1 4 1 2 4 8 595.961 599.637
149   -72.388    13.074  3.134  25 1 4 1 2 4 8 594.771 598.507
150   -24.487     5.273  2.971   9 1 4 1 2 4 8 892.582 896.379
151    -6.598   -30.957  3.444  20 1 4 1 2 4 8 222.300 226.205
152    31.287    21.332  3.013  11 1 4 1 2 4 8 805.012 808.836
153    20.557     0.378  3.109  18 1 4 1 2 4 8 449.820 453.420
154   -67.200   -41.339  2.939  25 1 4 1 2 4 8 183.704 187.577
155    22.168   -40.375  3.110  22 1 4 1 2 4 8 588.024 591.658
156    31.165     2.222  3.199  25 1 4 1 2 4 8 458.674 462.216
157    74.634    30.219  3.154  14 1 4 1 2 4 8 502.017 505.885
158    60.699    81.116  3.120  21 1 4 1 2 4 8 706.973 710.760
159   -60.736    24.133  2.955   1 1 4 1 2 4 8 104.974 108.605
160     1.978    17.517  3.176   9 1 4 1 2 4 8 386.842 390.612
161   -80.566   -38.196  3.262   2 1 4 1 2 4 8 742.811 746.653
162   -49.927   -36.713  3.312   2 1 4 1 2 4 8 597.963 601.494
163   -60.449   -27.820  2.945   4 1 4 1 2 4 8 576.081 579.651
164   -78.748   -44.226  3.218  15 1 4 1 2 4 8 626.504 630.082
165    54.260    -9.259  3.098  11 1 4 1 2 4 8 785.326 788.929
166   -42.059   -26.636  3.159  15 1 4 1 2 4 8 682.737 686.418
167   -57.336   -16.718  3.283  15 1 4 1 2 4 8 125.131 128.887
168    -1.276   -13.330  3.231  16 1 4 1 2 4 8 412.253 415.868
169   -24.158    39.197  3.223  14 1 4 1 2 4 8 282.601 286.243
170    17.908   -40.442  2.948  25 1 4 1 2 4 8 378.083 381.615
171    59.833    -3.674  3.307   9 1 4 1 2 4 8 190.230 193.970
172    -3.510     6.256  3.334  23 1 4 1 2 4 8 577.308 581.014
173    40.167     8.594  3.136  16 1 4 1 2 4 8 604.370 608.147
174    -1.691   -54.376  3.305  10 1 4 1 2 4 8 665.868 669.560
175   -36.035   -17.065  3.367   4 1 4 1 2 4 8 800.399 803.970
176     7.275    -4.144  2.992  25 1 4 1 2 4 8 252.839 256.366
177    30.219    -6.830  3.161  20 1 4 1 2 4 8 729.418 732.943
178   -26.379   -63.055  2.943   5 1 4 1 2 4 8 713.363 716.902
179    28.772    -0.031  3.391  19 1 4 1 2 4 8 217.504 221.237
180     2.625     5.072  2.993   2 1 4 1 2 4 8 459.184 462.710
181     3.595   -21.600  3.370  13 1 4 1 2 4 8 268.134 271.660
182   -64.948   -10.956  3.178  19 1 4 1 2 4 8 397.176 400.799
183    18.671   -41.010  3.477   2 1 4 1 2 4 8 252.631 256.449
184    29.291    12.799  3.374  16 1 4 1 2 4 8 216.092 219.649
185     4.529    26.654  2.994   2 1 4 1 2 4 8 899.726 903.479
186    25.360    29.718  3.218   6 1 4 1 2 4 8 393.615 397.365
187    57.349   -15.405  3.082   3 1 4 1 2 4 8 123.042 126.871
188   -11.566   -19.012  2.993  20 1 4 1 2 4 8 690.619 694.217
189   -45.441   -71.808  3.017  13 1 4 1 2 4 8 604.924 608.626
190     2.197    -3.564  3.343   9 1 4 1 2 4 8 120.020 123.899
191    -1.855   -24.475  3.420   5 1 4 1 2 4 8 726.215 729.895
192   -59.851   -48.938  3.106  15 1 4 1 2 4 8 121.106 124.749
193    70.081   -17.816  3.077  22 1 4 1 2 4 8 310.755 314.510
194    -4.932    28.754  2.973  18 1 4 1 2 4 8 902.644 906.538
195   -46.625   -23.529  3.456  21 1 4 1 2 4 8 796.280 799.956
196   -49.872   -35.339  3.060  16 1 4 1 2 4 8 644.672 648.289
197   -67.499     8.142  2.979  22 1 4 1 2 4 8 511.151 514.746
198    31.195   -18.243  3.216  23 1 4 1 2 4 8 715.443 719.162
199   -42.139   -52.704  3.460   1 1 4 1 2 4 8 282.823 286.623
200   -15.094    18.933  3.443   1 1 4 1 2 4 8 294.229 297.891
201   -78.625   -24.341  3.389  13 1 4 1 2 4 8 760.236 764.018
202    51.471    -9.607  2.996  14 1 4 1 2 4 8 445.276 448.816
203    29.987   -31.061  3.391  18 1 4 1 2 4 8 89.394 93.191
204    46.741     1.453  3.063   5 1 4 1 2 4 8 442.275 445.894
205   -52.954    31.738  3.479  24 1 4 1 2 4 8 174.801 178.345
206    10.535   -61.432  2.940  11 1 4 1 2 4 8 595.183 599.013
207   -15.948   -56.012  3.455   5 1 4 1 2 4 8 246.028 249.632
208    -7.776   -54.730  3.422   1 1 4 1 2 4 8 539.064 542.851
209    11.047   -20.905  3.137  21 1 4 1 2 4 8 735.718 739.261
210   -24.359   -23.047  3.144   6 1 4 1 2 4 8 517.352 521.267
211     2.948   -20.398  3.313   6 1 4 1 2 4 8 131.542 135.444
212   -82.654    24.323  3.228   5 1 4 1 2 4 8 848.673 852.422
213   -12.134    42.065  3.152  23 1 4 1 2 4 8 448.571 452.155
214   -98.035   -36.359  3.470  16 1 4 1 2 4 8 364.367 368.009
215   -61.102   -13.477  3.254  18 1 4 1 2 4 8 507.702 511.236
216   -39.136     6.287  3.436  10 1 4 1 2 4 8 224.322 228.176
217    41.180     7.971  3.016   9 1 4 1 2 4 8 549.654 553.310
218     4.254    19.830  2.966  18 1 4 1 2 4 8 281.025 284.624
219   -34.143   -37.915  3.344  22 1 4 1 2 4 8 867.764 871.392
220    -4.559    23.566  2.982  24 1 4 1 2 4 8 294.406 298.055
221    37.891    -1.947  3.117  15 1 4 1 2 4 8 688.451 692.010
222    78.259    15.936  3.290   6 1 4 1 2 4 8 574.423 578.048
223    -8.661   -25.110  3.378  12 1 4 1 2 4 8 798.647 802.514
224    10.071    37.164  3.134  19 1 4 1 2 4 8 181.350 185.165
225   -42.621   -46.985  3.216  19 1 4 1 2 4 8 503.540 507.340
226    92.157   -94.183  3.051  17 1 4 1 2 4 8 182.907 186.815
227    32.202   -39.844  3.313  22 1 4 1 2 4 8 811.094 814.838
228   -55.231   -15.027  3.260  25 1 4 1 2 4 8 784.680 788.416
229   -26.746   -21.490  3.096  11 1 4 1 2 4 8 483.756 487.425
230   -75.513    -0.708  3.463  23 1 4 1 2 4 8 753.816 757.543
231    34.021    12.665  3.414  10 1 4 1 2 4 8 153.041 156.744
232    -2.643   -20.831  3.304  17 1 4 1 2 4 8 616.661 620.281
233    53.369    13.770  3.478   6 1 4 1 2 4 8 793.413 797.277
234   -14.948   -40.259  3.274  20 1 4 1 2 4 8 538.213 541.952
235    67.828     5.750  3.229   6 1 4 1 2 4 8 616.764 620.640
236   -13.220   -26.031  3.499   4 1 4 1 2 4 8 687.584 691.488
237     4.169   -32.617  3.430  25 1 4 1 2 4 8 698.210 702.109
238   -26.050   -33.313  3.122   7 1 4 1 2 4 8 122.950 126.847
239    31.964   -45.703  3.338  11 1 4 1 2 4 8 531.701 535.427
240    96.820    26.208  3.081  14 1 4 1 2 4 8 617.645 621.516
241   -44.696   -37.854  3.024  14 1 4 1 2 4 8 590.007 593.680
242    33.417    11.792  3.067  15 1 4 1 2 4 8 520.581 524.170
243   -35.187    19.226  3.364   2 1 4 1 2 4 8 675.553 679.369
244   -14.233   -74.988  3.176  14 1 4 1 2 4 8 576.464 580.204
245    37.158    -0.836  3.420  17 1 4 1 2 4 8 792.472 796.239
246   -51.697   -26.447  3.119  24 1 4 1 2 4 8 452.200 455.944
247    23.535     5.896  3.369  10 1 4 1 2 4 8 877.025 880.696
248   -18.433    53.711  3.481  20 1 4 1 2 4 8 391.429 394.960
249   -11.340   -17.621  3.474  11 1 4 1 2 4 8 235.699 239.499
250    -7.812   -35.895  3.082  16 1 4 1 2 4 8 914.807 918.385
251     3.522    26.941  3.505   3 1 4 1 2 4 8 774.659 778.458
252   -46.588   -22.266  3.201  11 1 4 1 2 4 8 265.701 269.248
253    -2.997    -0.549  3.253  10 1 4 1 2 4 8 176.389 180.186
254    32.147    17.151  3.478  18 1 4 1 2 4 8 598.836 602.457
255    32.019    13.007  3.197  20 1 4 1 2 4 8 526.649 530.243
256    -6.628    29.889  2.999  24 1 4 1 2 4 8 405.780 409.625
257    77.777   -25.397  3.011  16 1 4 1 2 4 8 783.497 787.139
258    30.707    65.704  3.176   2 1 4 1 2 4 8 252.223 255.752
259   -43.811   -43.036  3.137  14 1 4 1 2 4 8 300.285 304.049
260    49.561    16.827  3.271  10 1 4 1 2 4 8 598.038 601.568
261   -28.931    -0.439  3.146  22 1 4 1 2 4 8 891.804 895.668
262    40.363    16.382  3.314  14 1 4 1 2 4 8 798.294 801.969
263    22.748    40.674  3.149  15 1 4 1 2 4 8 518.961 522.618
264    -1.471     6.567  3.343   7 1 4 1 2 4 8 611.812 615.723
265    -1.190    16.864  3.316  20 1 4 1 2 4 8 377.348 381.257
266     8.032    41.821  2.962   1 1 4 1 2 4 8 878.733 882.612
267   -44.019   -22.784  2.953  24 1 4 1 2 4 8 195.670 199.510
268    12.366   -11.353  3.282  22 1 4 1 2 4 8 755.953 759.616
269    33.276    15.881  3.364  23 1 4 1 2 4 8 267.442 271.202
270   -34.790   -15.045  3.291  20 1 4 1 2 4 8 174.705 178.451
271   -96.857   -19.391  2.997  15 1 4 1 2 4 8 670.982 674.524
272    38.434    -5.353  3.188  14 1 4 1 2 4 8 558.304 561.912
273   -25.391     0.220  2.992  12 1 4 1 2 4 8 819.405 822.940
274     0.848   -31.860  3.116   4 1 4 1 2 4 8 818.425 822.150
275   -24.023    95.691  3.029  15 1 4 1 2 4 8 558.416 562.256
276    -4.272    35.468  3.165  12 1 4 1 2 4 8 436.299 440.074
277    -6.927     1.855  3.493   8 1 4 1 2 4 8 400.061 403.711
278   -70.953    -3.217  3.466   2 1 4 1 2 4 8 515.502 519.030
279   -32.648   -16.522  3.487  24 1 4 1 2 4 8 297.284 300.978
280    42.859   -21.680  2.951   5 1 4 1 2 4 8 96.769 100.586
281     5.182     6.403  3.021   8 1 4 1 2 4 8 343.620 347.471
282    36.920    -4.987  3.044  21 1 4 1 2 4 8 826.780 830.452
283    49.591    27.783  3.368   5 1 4 1 2 4 8 779.078 782.619
284    45.038    10.785  3.427  16 1 4 1 2 4 8 348.230 352.095
285     7.690    14.056  3.388   8 1 4 1 2 4 8 751.876 755.612
286   -60.907    18.640  2.952  24 1 4 1 2 4 8 683.974 687.679
287   -64.496     8.923  3.253  23 1 4 1 2 4 8 839.332 843.117
288    37.158   -14.990  3.500   6 1 4 1 2 4 8 363.307 367.009
289     2.277     7.840 0.000   0 0 0 0.000 978.975
290    32.883    -1.779 0.000   0 0 0 0.000 978.975
291   -49.554   -17.828 0.000   0 0 0 0.000 978.975
292     3.690   -26.099 0.000   0 0 0 0.000 978.975
