6 1 72 6
500 200
500 200
500 200
500 200
500 200
500 200
  1   -92.700   -59.180  2.770  20 1 6 1 2 4 8 16 32 529.411 532.730
  2    71.179    12.543  2.958   6 1 6 1 2 4 8 16 32 497.173 500.387
  3    31.537    66.638  2.714  19 1 6 1 2 4 8 16 32 485.535 488.654
  4    -4.694    25.537  2.949  10 1 6 1 2 4 8 16 32 221.741 224.954
  5   -30.194    67.773  2.621  18 1 6 1 2 4 8 16 32 162.192 165.620
  6    12.677   -57.471  2.855   1 1 6 1 2 4 8 16 32 141.328 144.495
  7   -32.355   -20.966  2.982  15 1 6 1 2 4 8 16 32 181.331 184.590
  8    19.910    48.975  3.067  23 1 6 1 2 4 8 16 32 174.869 178.302
  9    13.202   -19.135  2.607  13 1 6 1 2 4 8 16 32 237.874 241.112
 10    54.877   -41.168  3.054  12 1 6 1 2 4 8 16 32 480.141 483.489
 11    15.063   -25.171  2.935   7 1 6 1 2 4 8 16 32 163.940 167.248
 12   -50.598   -16.418  3.002  25 1 6 1 2 4 8 16 32 319.622 322.970
 13   -29.730    17.078  2.999   5 1 6 1 2 4 8 16 32 250.726 254.170
 14    17.542     1.575  2.620   1 1 6 1 2 4 8 16 32 725.852 729.077
 15    11.127    77.216  2.969  25 1 6 1 2 4 8 16 32 732.599 735.869
 16    33.752    71.259  2.599  10 1 6 1 2 4 8 16 32 274.992 278.207
 17   -56.012   -10.394  2.923   2 1 6 1 2 4 8 16 32 491.474 494.751
 18    57.874   -16.290  2.990   7 1 6 1 2 4 8 16 32 426.397 429.585
 19    10.718   -18.787  2.918  11 1 6 1 2 4 8 16 32 427.688 430.913
 20    53.088   -18.750  2.702   4 1 6 1 2 4 8 16 32 427.443 430.788
 21     1.569     7.532  2.970   6 1 6 1 2 4 8 16 32 531.607 535.055
 22    31.531    48.944  2.597  15 1 6 1 2 4 8 16 32 655.397 658.602
 23   -66.833   -37.854  3.109   7 1 6 1 2 4 8 16 32 619.072 622.298
 24   -70.740    62.244  2.648   8 1 6 1 2 4 8 16 32 685.481 688.620
 25    32.538    23.096  2.816  10 1 6 1 2 4 8 16 32 611.199 614.376
 26   -51.453   -36.444  2.985   9 1 6 1 2 4 8 16 32 373.458 376.800
 27    36.456   -22.638  2.761   4 1 6 1 2 4 8 16 32 771.938 775.376
 28   -31.207    43.494  3.011   6 1 6 1 2 4 8 16 32 288.708 291.977
 29   -10.388    34.491  2.964  22 1 6 1 2 4 8 16 32 137.776 141.220
 30    14.722   -10.834  2.814  17 1 6 1 2 4 8 16 32 238.285 241.713
 31    47.095   -21.387  3.085   9 1 6 1 2 4 8 16 32 478.470 481.727
 32    43.781    34.766  2.666  25 1 6 1 2 4 8 16 32 628.906 632.206
 33    53.546   -67.487  2.951  10 1 6 1 2 4 8 16 32 449.871 453.166
 34    26.801    46.515  2.875  18 1 6 1 2 4 8 16 32 330.595 333.747
 35    63.385    11.981  3.084  21 1 6 1 2 4 8 16 32 206.896 210.026
 36    47.192    -5.475  2.754  10 1 6 1 2 4 8 16 32 494.028 497.256
 37   -16.315   -11.267  2.653  23 1 6 1 2 4 8 16 32 641.838 645.163
 38    78.900    17.651  3.042  23 1 6 1 2 4 8 16 32 623.317 626.590
 39    79.822    22.272  2.805  11 1 6 1 2 4 8 16 32 258.450 261.874
 40    12.878    16.919  2.825   1 1 6 1 2 4 8 16 32 109.694 112.907
 41   -67.981    -3.754  3.091  23 1 6 1 2 4 8 16 32 425.826 429.106
 42     9.198   -18.597  2.896  16 1 6 1 2 4 8 16 32 365.990 369.151
 43   -35.950   -19.141  2.684  10 1 6 1 2 4 8 16 32 590.783 594.020
 44    28.766    45.276  2.829  12 1 6 1 2 4 8 16 32 211.939 215.109
 45    11.469    68.231  2.864  12 1 6 1 2 4 8 16 32 722.082 725.283
 46   -22.760    45.496  3.028   3 1 6 1 2 4 8 16 32 473.961 477.272
 47   -65.674   -23.120  2.950  22 1 6 1 2 4 8 16 32 507.288 510.687
 48     7.239     1.599  2.969  21 1 6 1 2 4 8 16 32 466.791 470.169
 49   -29.785   -11.285  3.047  13 1 6 1 2 4 8 16 32 672.777 676.094
 50   -89.050    16.211  2.930  15 1 6 1 2 4 8 16 32 661.411 664.521
 51   -46.887    -3.363  2.732  13 1 6 1 2 4 8 16 32 737.194 740.559
 52   -14.972    30.621  3.080  20 1 6 1 2 4 8 16 32 360.398 363.822
 53   -17.035    49.774  2.671  10 1 6 1 2 4 8 16 32 432.950 436.109
 54    31.635    53.619  3.051  25 1 6 1 2 4 8 16 32 564.991 568.242
 55    -3.577    13.342  2.988   7 1 6 1 2 4 8 16 32 188.903 192.209
 56    33.008    58.960  2.828  15 1 6 1 2 4 8 16 32 373.156 376.527
 57   -92.950    63.263  2.710   2 1 6 1 2 4 8 16 32 616.747 619.999
 58    -9.137   -22.931  2.611  23 1 6 1 2 4 8 16 32 374.254 377.646
 59   -39.960     6.195  2.706   5 1 6 1 2 4 8 16 32 690.045 693.324
 60    28.430   -19.214  2.650  25 1 6 1 2 4 8 16 32 440.839 443.964
 61   -28.540    -3.485  2.870   9 1 6 1 2 4 8 16 32 427.518 430.679
 62    31.415    36.859  2.822   2 1 6 1 2 4 8 16 32 688.911 692.077
 63   -49.426    60.602  2.999  24 1 6 1 2 4 8 16 32 244.462 247.764
 64   -72.827   -27.765  2.877  13 1 6 1 2 4 8 16 32 305.736 308.950
 65    60.083   -45.905  2.947  20 1 6 1 2 4 8 16 32 148.749 151.989
 66    10.870    -3.900  2.909  13 1 6 1 2 4 8 16 32 123.291 126.481
 67    25.122     7.672  2.614  15 1 6 1 2 4 8 16 32 771.182 774.439
 68   -46.997   -17.474  2.813   4 1 6 1 2 4 8 16 32 339.996 343.220
 69    16.058    33.020  2.663  20 1 6 1 2 4 8 16 32 453.641 456.751
 70    25.409   -11.700  2.660   8 1 6 1 2 4 8 16 32 424.100 427.299
 71    68.323    -5.145  3.048  19 1 6 1 2 4 8 16 32 378.986 382.319
 72   -13.104    62.158  2.798  20 1 6 1 2 4 8 16 32 114.393 117.752
 73    42.395    -8.344 0.000   0 0 0 0.000 863.860
 74   -42.175   -14.554 0.000   0 0 0 0.000 863.860
 75    16.034    40.726 0.000   0 0 0 0.000 863.860
 76   -14.639    29.633 0.000   0 0 0 0.000 863.860
 77    16.049    -3.934 0.000   0 0 0 0.000 863.860
 78    46.112    12.430 0.000   0 0 0 0.000 863.860
