6 2 144 6
475 190
475 190
475 190
475 190
475 190
475 190
  1   -40.289   -42.303  2.896  20 1 6 1 2 4 8 16 32 130.071 133.507
  2   -64.709   -17.389  2.681  10 1 6 1 2 4 8 16 32 162.677 165.983
  3     5.060   -14.349  2.913   8 1 6 1 2 4 8 16 32 607.475 610.810
  4    72.095    20.233  3.017   6 1 6 1 2 4 8 16 32 513.716 516.955
  5     2.594   -15.002  3.162   1 1 6 1 2 4 8 16 32 658.160 661.347
  6   -24.176   -72.894  3.053  19 1 6 1 2 4 8 16 32 697.349 700.642
  7   -13.190    66.498  2.771  13 1 6 1 2 4 8 16 32 742.108 745.317
  8    33.191    13.690  3.092  24 1 6 1 2 4 8 16 32 770.247 773.607
  9    66.827   -30.554  2.929  15 1 6 1 2 4 8 16 32 483.713 487.142
 10    19.934    35.883  2.832  13 1 6 1 2 4 8 16 32 512.275 515.601
 11   -27.771    32.269  2.722  10 1 6 1 2 4 8 16 32 785.912 789.419
 12    51.154   -16.827  2.706   4 1 6 1 2 4 8 16 32 428.286 431.459
 13   -19.214    23.749  2.772  12 1 6 1 2 4 8 16 32 628.916 632.404
 14   -46.643   -52.954  3.060  21 1 6 1 2 4 8 16 32 372.041 375.539
 15   -10.590   -16.626  2.948   2 1 6 1 2 4 8 16 32 145.986 149.400
 16    35.150    12.622  2.711  10 1 6 1 2 4 8 16 32 617.747 620.994
 17   -37.378    12.256  2.793  20 1 6 1 2 4 8 16 32 553.779 557.106
 18    82.794    25.836  2.995   9 1 6 1 2 4 8 16 32 674.810 678.025
 19     8.936    -3.723  3.161  24 1 6 1 2 4 8 16 32 454.715 458.020
 20   -56.659    25.555  3.099  19 1 6 1 2 4 8 16 32 521.376 524.578
 21   -52.020   -40.137  2.719  13 1 6 1 2 4 8 16 32 613.883 617.111
 22    39.270    12.787  2.672  14 1 6 1 2 4 8 16 32 405.894 409.144
 23    19.757    21.228  2.673  17 1 6 1 2 4 8 16 32 505.044 508.467
 24   -23.071   -12.659  3.127  25 1 6 1 2 4 8 16 32 495.246 498.429
 25    15.686    52.374  3.013   1 1 6 1 2 4 8 16 32 391.754 395.029
 26    58.771    -7.056  3.013   9 1 6 1 2 4 8 16 32 280.114 283.446
 27   -33.087    72.266  2.698  12 1 6 1 2 4 8 16 32 688.554 692.055
 28     2.551    46.851  3.022  22 1 6 1 2 4 8 16 32 298.056 301.546
 29   -18.719    73.126  3.041   2 1 6 1 2 4 8 16 32 491.570 494.806
 30   -67.627   -20.679  2.740  21 1 6 1 2 4 8 16 32 496.453 499.948
 31   -76.862   -11.365  2.916   8 1 6 1 2 4 8 16 32 658.273 661.510
 32   -24.194   -38.263  2.952  19 1 6 1 2 4 8 16 32 124.621 127.899
 33   -20.374   -31.903  3.069  24 1 6 1 2 4 8 16 32 232.914 236.194
 34     9.290    39.618  2.740  24 1 6 1 2 4 8 16 32 259.736 263.209
 35    26.044    35.974  3.036   2 1 6 1 2 4 8 16 32 660.985 664.501
 36   -57.385   -45.264  3.159  20 1 6 1 2 4 8 16 32 378.029 381.307
 37     1.489   -62.592  2.649  20 1 6 1 2 4 8 16 32 604.823 608.276
 38    34.937    13.672  3.112   5 1 6 1 2 4 8 16 32 601.330 604.504
 39   -22.290    45.648  2.834  17 1 6 1 2 4 8 16 32 238.331 241.766
 40    -5.920    44.061  2.731   4 1 6 1 2 4 8 16 32 424.641 427.906
 41   -38.446   -23.541  3.012  21 1 6 1 2 4 8 16 32 415.716 418.965
 42    28.894    33.936  2.773   3 1 6 1 2 4 8 16 32 550.682 554.173
 43   -35.388    -5.341  2.983  16 1 6 1 2 4 8 16 32 662.430 665.679
 44   -19.501    13.519  3.077  14 1 6 1 2 4 8 16 32 502.367 505.821
 45    -9.216   -30.988  2.781   6 1 6 1 2 4 8 16 32 184.302 187.631
 46   -22.131   -17.065  2.904   5 1 6 1 2 4 8 16 32 775.550 778.963
 47   -22.827    36.810  3.143  12 1 6 1 2 4 8 16 32 341.282 344.756
 48   -61.365   -18.463  3.047  23 1 6 1 2 4 8 16 32 717.679 720.898
 49    50.128   -66.046  2.812  12 1 6 1 2 4 8 16 32 554.653 557.921
 50    25.647    24.139  2.966  18 1 6 1 2 4 8 16 32 492.436 495.758
 51    65.521    42.810  3.063  24 1 6 1 2 4 8 16 32 196.993 200.269
 52   -60.956   -47.925  2.889   3 1 6 1 2 4 8 16 32 727.886 731.245
 53    -9.070    42.798  2.876   3 1 6 1 2 4 8 16 32 303.528 306.969
 54   -19.061     4.480  2.858  25 1 6 1 2 4 8 16 32 98.921 102.155
 55   -54.071    -3.870  2.955  22 1 6 1 2 4 8 16 32 640.019 643.325
 56   -25.598   -18.866  2.910  25 1 6 1 2 4 8 16 32 524.642 527.823
 57   -18.707    84.296  3.102  15 1 6 1 2 4 8 16 32 542.638 546.046
 58   -70.184   -39.166  2.851  18 1 6 1 2 4 8 16 32 357.672 361.116
 59   -14.636    -0.446  2.667   8 1 6 1 2 4 8 16 32 429.598 432.966
 60   -76.465   -38.922  3.154  20 1 6 1 2 4 8 16 32 206.430 209.732
 61    44.092    12.433  2.884  18 1 6 1 2 4 8 16 32 178.078 181.275
 62   -22.772   -50.867  2.957   5 1 6 1 2 4 8 16 32 555.796 559.114
 63    19.104    44.672  2.735  25 1 6 1 2 4 8 16 32 684.297 687.651
 64   -44.019   -39.935  2.794  16 1 6 1 2 4 8 16 32 777.409 780.666
 65    -2.972    -4.059  2.727  14 1 6 1 2 4 8 16 32 166.542 169.873
 66   -24.261    35.907  2.899   1 1 6 1 2 4 8 16 32 162.765 165.960
 67   -61.877   -73.901  2.985  15 1 6 1 2 4 8 16 32 465.009 468.448
 68    -5.640   -26.721  2.806  22 1 6 1 2 4 8 16 32 177.777 181.143
 69    45.844   -36.835  2.964   6 1 6 1 2 4 8 16 32 708.272 711.612
 70   -51.746   -79.840  2.964  24 1 6 1 2 4 8 16 32 182.830 186.162
 71   -33.008    10.992  3.108  19 1 6 1 2 4 8 16 32 524.002 527.187
 72   -25.653    -0.372  2.643  12 1 6 1 2 4 8 16 32 83.516 86.916
 73   -21.497    61.487  2.699  13 1 6 1 2 4 8 16 32 606.021 609.288
 74     2.032    26.727  2.825  10 1 6 1 2 4 8 16 32 632.785 636.187
 75   -26.758    14.807  2.813  12 1 6 1 2 4 8 16 32 444.474 447.854
 76   -37.256   -44.861  3.083  13 1 6 1 2 4 8 16 32 424.226 427.577
 77    -0.861   -16.418  2.691  25 1 6 1 2 4 8 16 32 625.618 628.855
 78   -51.160    34.967  2.742  12 1 6 1 2 4 8 16 32 753.241 756.633
 79   -41.266   -76.886  2.756   2 1 6 1 2 4 8 16 32 258.183 261.415
 80   -30.255    74.701  2.793  11 1 6 1 2 4 8 16 32 479.647 483.047
 81   -46.368    -1.514  2.771  10 1 6 1 2 4 8 16 32 323.503 326.793
 82   -71.619    73.077  3.083   9 1 6 1 2 4 8 16 32 349.527 353.033
 83   -46.606   -39.948  2.825  21 1 6 1 2 4 8 16 32 424.016 427.250
 84   -30.243    67.102  2.836  14 1 6 1 2 4 8 16 32 635.101 638.564
 85   -40.997   -43.036  2.720  15 1 6 1 2 4 8 16 32 98.102 101.346
 86   -74.286   -52.307  3.027   6 1 6 1 2 4 8 16 32 120.831 124.108
 87   -17.609   -71.851  2.674  25 1 6 1 2 4 8 16 32 743.860 747.364
 88     2.350   -81.805  2.825  14 1 6 1 2 4 8 16 32 128.395 131.673
 89   -85.486   -54.059  2.837  17 1 6 1 2 4 8 16 32 480.704 484.188
 90    23.822    10.571  3.009   8 1 6 1 2 4 8 16 32 320.616 323.792
 91   -24.530   -31.726  2.702   4 1 6 1 2 4 8 16 32 578.134 581.634
 92   -42.474   -15.009  3.047  17 1 6 1 2 4 8 16 32 781.492 784.847
 93   -33.624    50.330  3.108  23 1 6 1 2 4 8 16 32 421.197 424.405
 94   -81.458   -41.565  2.798   4 1 6 1 2 4 8 16 32 145.266 148.495
 95   -73.505   -48.279  3.150   4 1 6 1 2 4 8 16 32 486.674 490.015
 96    -3.052    70.898  2.965   9 1 6 1 2 4 8 16 32 236.037 239.238
 97     0.946    25.458  2.717   9 1 6 1 2 4 8 16 32 458.181 461.649
 98   -54.144    13.525  2.849  19 1 6 1 2 4 8 16 32 165.093 168.296
 99   -30.634     7.526  2.835  12 1 6 1 2 4 8 16 32 427.277 430.651
100   -68.335   -34.277  2.641  25 1 6 1 2 4 8 16 32 381.210 384.642
101     7.178    57.935  3.101   8 1 6 1 2 4 8 16 32 548.246 551.591
102     4.712    48.669  2.849  13 1 6 1 2 4 8 16 32 510.696 514.166
103    58.087    26.379  2.980   3 1 6 1 2 4 8 16 32 487.211 490.543
104    18.347    34.784  2.985   6 1 6 1 2 4 8 16 32 466.302 469.528
105   -44.629   -61.975  3.022  11 1 6 1 2 4 8 16 32 739.255 742.735
106     5.231    26.068  2.788  24 1 6 1 2 4 8 16 32 498.675 502.128
107   -48.065   -36.755  2.973  16 1 6 1 2 4 8 16 32 723.873 727.175
108    -3.589   -27.734  2.748  21 1 6 1 2 4 8 16 32 702.149 705.667
109     9.808    36.896  2.924  25 1 6 1 2 4 8 16 32 334.035 337.508
110    59.460     1.233  2.922  10 1 6 1 2 4 8 16 32 141.851 145.043
111   -47.522    19.873  3.083   2 1 6 1 2 4 8 16 32 492.234 495.669
112   -48.431   -50.317  2.789  13 1 6 1 2 4 8 16 32 358.531 361.868
113    44.666    20.953  2.900  14 1 6 1 2 4 8 16 32 470.166 473.605
114   -19.226    32.770  2.963  19 1 6 1 2 4 8 16 32 91.484 94.868
115   -15.662    17.462  2.744  16 1 6 1 2 4 8 16 32 252.405 255.657
116   -91.669    77.722  3.133  23 1 6 1 2 4 8 16 32 151.908 155.084
117   -30.035   -78.284  2.891  13 1 6 1 2 4 8 16 32 136.874 140.393
118    73.663    32.941  2.955  24 1 6 1 2 4 8 16 32 591.752 595.136
119    22.400   -60.083  2.655  17 1 6 1 2 4 8 16 32 393.073 396.576
120    61.206   -13.501  2.796   8 1 6 1 2 4 8 16 32 229.389 232.590
121    22.131   -50.012  2.979  12 1 6 1 2 4 8 16 32 659.198 662.500
122    -6.317    56.665  3.065   6 1 6 1 2 4 8 16 32 707.596 710.988
123   -20.471    12.885  3.020  20 1 6 1 2 4 8 16 32 610.336 613.608
124   -61.084   -44.769  2.851  20 1 6 1 2 4 8 16 32 581.995 585.512
125    -9.576   -19.366  2.923  24 1 6 1 2 4 8 16 32 280.747 284.195
126     5.627   -88.501  2.880  10 1 6 1 2 4 8 16 32 249.054 252.370
127    -2.618    22.131  2.984  18 1 6 1 2 4 8 16 32 573.109 576.323
128    40.497    32.343  2.878  10 1 6 1 2 4 8 16 32 153.474 156.664
129    -3.296    36.774  2.785  15 1 6 1 2 4 8 16 32 622.792 626.025
130   -50.995    19.781  2.792  12 1 6 1 2 4 8 16 32 733.621 736.983
131   -70.520    -3.809  3.145  22 1 6 1 2 4 8 16 32 773.522 776.713
132     4.205     0.812  3.036  11 1 6 1 2 4 8 16 32 346.996 350.330
133     9.955    26.337  3.128  14 1 6 1 2 4 8 16 32 682.531 685.966
134    13.538   -21.313  2.855   9 1 6 1 2 4 8 16 32 505.778 509.002
135   -21.869   -18.768  2.776   6 1 6 1 2 4 8 16 32 752.584 755.778
136   -37.158   -30.768  2.705  23 1 6 1 2 4 8 16 32 410.965 414.229
137   -86.975    10.345  2.735   8 1 6 1 2 4 8 16 32 463.832 467.155
138   -47.272   -46.326  2.737  22 1 6 1 2 4 8 16 32 560.639 563.817
139     4.095   -19.354  2.794   7 1 6 1 2 4 8 16 32 360.523 363.741
140     4.205    30.292  2.883  15 1 6 1 2 4 8 16 32 330.133 333.329
141   -42.017    53.986  3.050  22 1 6 1 2 4 8 16 32 396.374 399.548
142    35.095   -10.895  3.113   7 1 6 1 2 4 8 16 32 131.136 134.347
143    61.188   -59.875  2.921  14 1 6 1 2 4 8 16 32 642.736 646.164
144   -34.674    -1.337  2.926  21 1 6 1 2 4 8 16 32 557.872 561.188
145    -3.799    44.290 0.000   0 0 0 0.000 879.825
146    14.233    21.173 0.000   0 0 0 0.000 879.825
147   -23.334   -28.397 0.000   0 0 0 0.000 879.825
148    10.065     1.822 0.000   0 0 0 0.000 879.825
149   -49.115   -43.549 0.000   0 0 0 0.000 879.825
150   -21.054     4.144 0.000   0 0 0 0.000 879.825
