6 3 216 6
450 180
450 180
450 180
450 180
450 180
450 180
  1   -41.235   -66.357  3.016   3 1 6 1 2 4 8 16 32 716.798 720.453
  2    34.064   -59.357  3.436  16 1 6 1 2 4 8 16 32 270.661 274.382
  3    20.917   -52.582  2.938   8 1 6 1 2 4 8 16 32 457.960 461.645
  4   -38.538   -37.396  3.087  15 1 6 1 2 4 8 16 32 101.892 105.533
  5    41.058    22.931  3.026  12 1 6 1 2 4 8 16 32 684.101 687.756
  6   -54.034   -53.131  3.189  13 1 6 1 2 4 8 16 32 753.658 757.174
  7     8.099    80.725  3.065   8 1 6 1 2 4 8 16 32 590.650 594.426
  8    81.299    13.409  3.174  24 1 6 1 2 4 8 16 32 221.055 224.583
  9    14.459    -2.972  3.267  14 1 6 1 2 4 8 16 32 538.635 542.160
 10   -52.539    60.107  2.889  17 1 6 1 2 4 8 16 32 393.220 396.829
 11   -57.202   -34.229  2.961   8 1 6 1 2 4 8 16 32 242.220 245.915
 12   -65.552   -40.222  3.079  11 1 6 1 2 4 8 16 32 631.979 635.771
 13   -19.751   -10.278  3.383   8 1 6 1 2 4 8 16 32 544.316 548.122
 14   -26.965   -87.012  3.280  17 1 6 1 2 4 8 16 32 443.624 447.208
 15     3.192   -88.654  3.230  19 1 6 1 2 4 8 16 32 632.683 636.361
 16    34.521    32.837  3.095  13 1 6 1 2 4 8 16 32 608.428 612.192
 17    80.035     5.273  2.995   2 1 6 1 2 4 8 16 32 720.169 723.787
 18   -39.838   -67.731  3.057   8 1 6 1 2 4 8 16 32 185.498 189.078
 19    14.600    11.365  3.241  21 1 6 1 2 4 8 16 32 398.540 402.227
 20   -20.990   -80.511  3.198  13 1 6 1 2 4 8 16 32 277.109 280.740
 21    48.242    47.284  3.435  17 1 6 1 2 4 8 16 32 584.737 588.566
 22    59.338   -31.860  2.973   4 1 6 1 2 4 8 16 32 166.443 169.992
 23   -13.995   -45.624  3.244  22 1 6 1 2 4 8 16 32 104.418 108.073
 24    32.397   -32.532  2.904  24 1 6 1 2 4 8 16 32 508.535 512.342
 25     2.826    50.824  3.078  11 1 6 1 2 4 8 16 32 362.684 366.182
 26   -66.077   -34.686  3.206   6 1 6 1 2 4 8 16 32 609.636 613.414
 27   -13.660    18.640  3.187  19 1 6 1 2 4 8 16 32 743.001 746.756
 28   -59.344    12.769  3.335  11 1 6 1 2 4 8 16 32 780.645 784.167
 29    -5.133   -18.463  2.896  23 1 6 1 2 4 8 16 32 557.560 561.125
 30   -22.961   -21.729  3.258   4 1 6 1 2 4 8 16 32 719.459 723.243
 31    58.130    46.606  3.340   5 1 6 1 2 4 8 16 32 184.377 187.848
 32   -49.603   -76.624  3.285  16 1 6 1 2 4 8 16 32 389.932 393.395
 33    -4.803    43.036  3.308   2 1 6 1 2 4 8 16 32 140.034 143.792
 34    68.616   -19.623  3.237  13 1 6 1 2 4 8 16 32 170.528 174.097
 35    37.915    63.599  2.908  11 1 6 1 2 4 8 16 32 711.882 715.599
 36     1.251   -26.550  2.983   9 1 6 1 2 4 8 16 32 428.166 431.705
 37   -37.952     1.685  3.123  18 1 6 1 2 4 8 16 32 180.229 183.859
 38   -40.503     8.038  3.078   7 1 6 1 2 4 8 16 32 845.170 848.651
 39    -8.392   -38.678  3.077  24 1 6 1 2 4 8 16 32 731.195 734.656
 40   -36.725    25.494  2.894   5 1 6 1 2 4 8 16 32 145.085 148.913
 41   -47.754   -50.073  3.372   2 1 6 1 2 4 8 16 32 289.902 293.723
 42    22.595   -28.357  3.083   5 1 6 1 2 4 8 16 32 520.443 524.168
 43   -36.365   -48.163  2.933   5 1 6 1 2 4 8 16 32 327.537 331.248
 44    75.452   -13.422  3.270   3 1 6 1 2 4 8 16 32 170.772 174.282
 45   -64.520   -13.232  3.431  13 1 6 1 2 4 8 16 32 690.237 694.074
 46     1.257    29.156  2.987   2 1 6 1 2 4 8 16 32 412.578 416.402
 47    -1.569   -35.974  3.444  10 1 6 1 2 4 8 16 32 647.322 650.836
 48    46.747     6.696  3.394  12 1 6 1 2 4 8 16 32 131.276 134.881
 49    82.080    27.057  3.368  24 1 6 1 2 4 8 16 32 492.390 495.940
 50    74.695    19.366  3.194  21 1 6 1 2 4 8 16 32 227.689 231.191
 51    47.015     9.338  3.428  18 1 6 1 2 4 8 16 32 145.082 148.805
 52   -62.036   -21.326  3.346   5 1 6 1 2 4 8 16 32 533.701 537.321
 53     9.192    20.038  3.394  15 1 6 1 2 4 8 16 32 426.049 429.630
 54    -3.094    21.582  3.055  11 1 6 1 2 4 8 16 32 435.778 439.583
 55   -75.446    13.086  3.106   7 1 6 1 2 4 8 16 32 581.126 584.811
 56    10.034   -63.739  2.923   3 1 6 1 2 4 8 16 32 470.396 474.032
 57    71.814    26.501  3.181  17 1 6 1 2 4 8 16 32 171.109 174.585
 58    18.842   -38.019  2.984  14 1 6 1 2 4 8 16 32 134.187 137.750
 59   -10.541   -31.305  3.250  14 1 6 1 2 4 8 16 32 536.207 539.972
 60     8.252   -91.150  3.147   7 1 6 1 2 4 8 16 32 334.396 338.180
 61    72.821   -38.916  2.995  12 1 6 1 2 4 8 16 32 191.557 195.034
 62   -30.157    38.776  3.099   5 1 6 1 2 4 8 16 32 388.688 392.391
 63   -56.256    -5.548  3.002  11 1 6 1 2 4 8 16 32 833.668 837.194
 64    -8.398   -37.604  3.023  17 1 6 1 2 4 8 16 32 514.810 518.414
 65    15.021    13.708  3.417   3 1 6 1 2 4 8 16 32 825.494 829.321
 66   -60.199    24.292  2.901   7 1 6 1 2 4 8 16 32 136.994 140.705
 67   -13.794   -27.106  3.107  13 1 6 1 2 4 8 16 32 208.196 211.825
 68   -34.796   -22.205  3.254  20 1 6 1 2 4 8 16 32 571.836 575.596
 69    69.641    83.057  3.028  13 1 6 1 2 4 8 16 32 566.036 569.557
 70   -44.440    30.090  3.144   4 1 6 1 2 4 8 16 32 839.190 842.785
 71    48.633     3.021  2.974   3 1 6 1 2 4 8 16 32 276.358 280.171
 72   -15.314    51.709  3.124  24 1 6 1 2 4 8 16 32 484.173 487.798
 73    36.261    26.782  3.053  23 1 6 1 2 4 8 16 32 269.263 272.803
 74    59.961    24.310  3.431  21 1 6 1 2 4 8 16 32 571.739 575.282
 75    55.304     6.628  3.009  23 1 6 1 2 4 8 16 32 623.542 627.311
 76    39.960    48.297  2.910  10 1 6 1 2 4 8 16 32 419.787 423.491
 77   -48.895   -71.100  3.181  21 1 6 1 2 4 8 16 32 251.517 255.203
 78    -2.338   -62.909  3.030  24 1 6 1 2 4 8 16 32 95.594 99.268
 79     9.491   -41.901  3.448   9 1 6 1 2 4 8 16 32 286.317 290.132
 80   -54.675   -18.439  2.922  22 1 6 1 2 4 8 16 32 205.599 209.394
 81    10.980    -7.605  3.233   3 1 6 1 2 4 8 16 32 467.723 471.486
 82   -69.824   -50.354  3.190   6 1 6 1 2 4 8 16 32 752.073 755.627
 83   -40.308    -7.452  3.049  11 1 6 1 2 4 8 16 32 763.234 766.821
 84    62.244    43.628  2.895  10 1 6 1 2 4 8 16 32 744.146 747.896
 85    29.077    63.116  3.298  15 1 6 1 2 4 8 16 32 355.782 359.512
 86   -12.067   -21.509  2.930   9 1 6 1 2 4 8 16 32 319.207 323.048
 87    14.728    28.906  3.215  20 1 6 1 2 4 8 16 32 236.189 239.755
 88   -63.086   -60.114  3.005  19 1 6 1 2 4 8 16 32 642.120 645.630
 89    33.655    -0.928  2.998  19 1 6 1 2 4 8 16 32 338.735 342.255
 90   -12.225    14.148  3.338  19 1 6 1 2 4 8 16 32 843.547 847.267
 91   -89.966    51.514  3.141  20 1 6 1 2 4 8 16 32 643.430 647.053
 92    -0.763    41.339  2.980   1 1 6 1 2 4 8 16 32 300.632 304.193
 93    80.695    32.983  3.428  15 1 6 1 2 4 8 16 32 661.111 664.790
 94   -53.394   -14.240  2.893  18 1 6 1 2 4 8 16 32 825.117 828.875
 95   -53.284   -64.136  3.026   2 1 6 1 2 4 8 16 32 270.383 274.112
 96    73.260    10.669  3.090  25 1 6 1 2 4 8 16 32 477.372 480.973
 97    59.613    13.452  3.061  20 1 6 1 2 4 8 16 32 310.263 314.075
 98   -37.012     6.476  3.147  18 1 6 1 2 4 8 16 32 157.439 161.082
 99   -53.656    21.692  3.262   8 1 6 1 2 4 8 16 32 548.593 552.150
100   -36.890    18.372  3.080   3 1 6 1 2 4 8 16 32 794.041 797.850
101    -4.608   -13.806  2.921   2 1 6 1 2 4 8 16 32 251.032 254.535
102    53.802    36.993  3.081  15 1 6 1 2 4 8 16 32 609.634 613.339
103    48.468   -66.040  3.188  21 1 6 1 2 4 8 16 32 402.253 405.764
104   -46.393   -20.929  3.014   6 1 6 1 2 4 8 16 32 509.426 513.157
105   -15.045   -40.845  3.252  24 1 6 1 2 4 8 16 32 628.648 632.359
106   -73.621    -9.552  2.980  19 1 6 1 2 4 8 16 32 276.656 280.253
107    92.847    45.587  3.221  23 1 6 1 2 4 8 16 32 609.250 612.956
108    33.557    28.064  3.424  16 1 6 1 2 4 8 16 32 779.205 782.857
109    47.321    24.414  3.009  16 1 6 1 2 4 8 16 32 207.316 211.033
110    -6.610   -30.157  3.231   9 1 6 1 2 4 8 16 32 660.943 664.732
111    12.103    23.840  3.156   1 1 6 1 2 4 8 16 32 337.048 340.834
112   -61.963    26.239  2.959  10 1 6 1 2 4 8 16 32 630.163 633.675
113    23.877     9.808  2.903  14 1 6 1 2 4 8 16 32 853.062 856.815
114    49.780     6.866  3.092  11 1 6 1 2 4 8 16 32 629.999 633.839
115   -53.021   -21.484  3.250   4 1 6 1 2 4 8 16 32 679.980 683.516
116    54.962     2.985  3.312  23 1 6 1 2 4 8 16 32 630.587 634.149
117     4.865   -69.586  3.085  23 1 6 1 2 4 8 16 32 131.158 134.898
118    33.948    45.209  2.967  22 1 6 1 2 4 8 16 32 164.753 168.291
119   -32.166   -23.621  3.326  11 1 6 1 2 4 8 16 32 380.800 384.434
120   -17.548   -46.765  3.250  14 1 6 1 2 4 8 16 32 456.337 460.043
121    31.744    33.972  3.315  12 1 6 1 2 4 8 16 32 104.101 107.601
122    45.374    22.131  3.449  13 1 6 1 2 4 8 16 32 282.380 285.913
123    -5.219   -23.114  2.981  11 1 6 1 2 4 8 16 32 564.898 568.362
124   -51.056   -46.545  3.359   9 1 6 1 2 4 8 16 32 235.578 239.089
125    11.774    11.133  3.333   6 1 6 1 2 4 8 16 32 700.416 703.918
126   -39.758   -13.019  3.428  25 1 6 1 2 4 8 16 32 462.636 466.168
127    27.930    29.321  3.223  21 1 6 1 2 4 8 16 32 189.125 192.735
128    33.740    66.595  2.896  13 1 6 1 2 4 8 16 32 643.005 646.668
129   -91.815    29.858  3.060  23 1 6 1 2 4 8 16 32 323.747 327.449
130   -24.628   -68.701  3.310   8 1 6 1 2 4 8 16 32 573.320 576.893
131    44.659    20.465  3.085   7 1 6 1 2 4 8 16 32 672.497 675.969
132    45.447   -21.069  3.017   8 1 6 1 2 4 8 16 32 319.268 322.881
133   -37.366   -12.097  2.967   9 1 6 1 2 4 8 16 32 579.298 582.985
134    41.998     0.153  3.070   2 1 6 1 2 4 8 16 32 580.081 583.539
135   -42.822   -30.170  3.368  24 1 6 1 2 4 8 16 32 183.623 187.267
136    34.906    -4.578  2.942   7 1 6 1 2 4 8 16 32 604.574 608.274
137   -65.137   -43.079  3.026  23 1 6 1 2 4 8 16 32 531.852 535.666
138    20.270    -4.999  3.019  21 1 6 1 2 4 8 16 32 833.091 836.676
139   -36.731    -8.929  3.389  12 1 6 1 2 4 8 16 32 465.830 469.383
140   -26.984   -19.568  3.213  23 1 6 1 2 4 8 16 32 318.434 321.894
141   -31.299   -83.813  3.393  18 1 6 1 2 4 8 16 32 489.297 492.853
142   -26.794    12.506  2.891   5 1 6 1 2 4 8 16 32 806.977 810.678
143   -39.362   -58.521  3.367  15 1 6 1 2 4 8 16 32 710.045 713.757
144   -34.369     0.610  3.353  11 1 6 1 2 4 8 16 32 106.936 110.458
145    43.372     4.187  3.209   8 1 6 1 2 4 8 16 32 647.030 650.633
146   -38.226    -9.448  3.438   2 1 6 1 2 4 8 16 32 715.274 718.958
147   -25.610   -99.237  2.890   6 1 6 1 2 4 8 16 32 353.850 357.555
148    48.059    29.517  3.307  23 1 6 1 2 4 8 16 32 193.975 197.574
149   -43.628   -32.318  3.075   9 1 6 1 2 4 8 16 32 360.890 364.400
150   -16.602   -29.327  2.915   1 1 6 1 2 4 8 16 32 102.695 106.490
151   -29.810   -12.408  3.097  12 1 6 1 2 4 8 16 32 735.817 739.605
152   -51.910   -28.711  3.350  17 1 6 1 2 4 8 16 32 291.057 294.741
153    -1.801   -18.671  3.265   2 1 6 1 2 4 8 16 32 570.996 574.502
154    18.738    21.399  3.093   5 1 6 1 2 4 8 16 32 749.088 752.586
155    60.120     7.788  3.340   1 1 6 1 2 4 8 16 32 539.609 543.256
156    43.079    42.017  3.436  20 1 6 1 2 4 8 16 32 269.148 272.844
157   -39.435    -5.902  3.216  19 1 6 1 2 4 8 16 32 528.339 532.177
158   -35.889   -16.034  3.336  13 1 6 1 2 4 8 16 32 184.383 188.029
159   -41.827    38.995  3.155  10 1 6 1 2 4 8 16 32 288.090 291.898
160    84.497    29.822  3.258   9 1 6 1 2 4 8 16 32 673.173 676.972
161   -17.560   -10.480  3.372  14 1 6 1 2 4 8 16 32 242.821 246.283
162   -48.383   -48.920  2.956   4 1 6 1 2 4 8 16 32 266.085 269.773
163   -49.335   -17.969  3.248  20 1 6 1 2 4 8 16 32 634.109 637.817
164    16.095    -2.490  3.094  17 1 6 1 2 4 8 16 32 654.747 658.368
165    65.527    14.026  2.897  19 1 6 1 2 4 8 16 32 123.581 127.240
166    -2.930    13.220  3.275  19 1 6 1 2 4 8 16 32 781.944 785.693
167   -18.768   -23.663  2.988  16 1 6 1 2 4 8 16 32 246.857 250.472
168   -91.095   -80.737  3.333   4 1 6 1 2 4 8 16 32 525.875 529.676
169   -21.088   -13.293  3.407   1 1 6 1 2 4 8 16 32 181.968 185.602
170    46.985    17.224  3.103  21 1 6 1 2 4 8 16 32 740.952 744.667
171   -61.957   -33.038  3.119   9 1 6 1 2 4 8 16 32 517.075 520.544
172    -9.003   -25.452  3.292   2 1 6 1 2 4 8 16 32 641.319 644.825
173    33.661    -7.666  3.225  24 1 6 1 2 4 8 16 32 826.877 830.442
174   -25.592   -10.840  3.357   1 1 6 1 2 4 8 16 32 722.487 725.998
175    36.560    -2.441  3.103  21 1 6 1 2 4 8 16 32 617.739 621.361
176     7.141    24.817  2.902  13 1 6 1 2 4 8 16 32 117.181 120.641
177   -43.170   -30.487  3.287  15 1 6 1 2 4 8 16 32 347.698 351.528
178   -21.228     0.751  3.141   4 1 6 1 2 4 8 16 32 335.132 338.678
179    19.696    10.767  2.972  10 1 6 1 2 4 8 16 32 391.730 395.416
180    -6.494   -29.425  3.137  19 1 6 1 2 4 8 16 32 463.680 467.450
181    54.388     8.630  3.323   1 1 6 1 2 4 8 16 32 450.941 454.606
182    64.203    77.612  3.257  25 1 6 1 2 4 8 16 32 743.068 746.857
183    40.381     1.611  3.242   3 1 6 1 2 4 8 16 32 469.046 472.576
184   -41.711    -5.133  3.057  21 1 6 1 2 4 8 16 32 142.426 145.967
185    74.274   -19.922  3.354   7 1 6 1 2 4 8 16 32 249.948 253.580
186   -73.999   -54.626  3.053  18 1 6 1 2 4 8 16 32 662.164 665.655
187    29.706    15.454  3.021   3 1 6 1 2 4 8 16 32 300.279 304.079
188    23.785    12.177  2.933   1 1 6 1 2 4 8 16 32 393.789 397.514
189    42.578    45.325  3.312   2 1 6 1 2 4 8 16 32 475.845 479.467
190   -16.730   -16.559  3.402   8 1 6 1 2 4 8 16 32 109.207 112.779
191   -14.697    -0.116  3.096  10 1 6 1 2 4 8 16 32 304.420 307.952
192   -19.769     8.392  3.260  19 1 6 1 2 4 8 16 32 527.773 531.352
193   -30.267    14.893  3.452  17 1 6 1 2 4 8 16 32 459.940 463.653
194   -63.116   -67.462  3.431  19 1 6 1 2 4 8 16 32 287.303 290.868
195    86.029    38.916  3.135  24 1 6 1 2 4 8 16 32 595.211 598.853
196    79.480   -24.866  3.431  24 1 6 1 2 4 8 16 32 245.097 248.757
197    35.144    14.734  3.201   6 1 6 1 2 4 8 16 32 594.725 598.214
198   -49.365    -9.052  3.153   2 1 6 1 2 4 8 16 32 519.226 522.974
199   -49.475   -17.578  3.318   7 1 6 1 2 4 8 16 32 738.489 742.089
200    57.501    16.327  3.023  10 1 6 1 2 4 8 16 32 836.102 839.771
201    54.889    12.024  2.909  13 1 6 1 2 4 8 16 32 140.806 144.310
202   -53.027   -33.179  3.351  20 1 6 1 2 4 8 16 32 241.639 245.292
203    -0.415    16.644  3.352   1 1 6 1 2 4 8 16 32 475.085 478.860
204    21.594    16.144  3.100  17 1 6 1 2 4 8 16 32 373.892 377.730
205   -46.924   -49.261  3.044  17 1 6 1 2 4 8 16 32 385.708 389.468
206    18.457    19.733  3.343  16 1 6 1 2 4 8 16 32 420.285 424.105
207    35.822    19.763  3.454   9 1 6 1 2 4 8 16 32 423.720 427.223
208    71.869    29.034  3.428  25 1 6 1 2 4 8 16 32 367.331 371.167
209   -56.378   -42.755  2.990   1 1 6 1 2 4 8 16 32 782.677 786.400
210   -25.800    25.159  3.376  23 1 6 1 2 4 8 16 32 377.391 381.213
211    -5.676    33.850  2.988  10 1 6 1 2 4 8 16 32 738.764 742.479
212    54.041    -5.292  3.407  15 1 6 1 2 4 8 16 32 554.655 558.290
213   -63.074    27.380  2.988  25 1 6 1 2 4 8 16 32 325.715 329.555
214   -16.864   -49.768  3.283  25 1 6 1 2 4 8 16 32 486.934 490.478
215    47.919    13.629  3.446  16 1 6 1 2 4 8 16 32 560.883 564.408
216   -10.724    -2.075  3.291   1 1 6 1 2 4 8 16 32 516.423 520.235
217   -15.067   -23.950 0.000   0 0 0 0.000 960.420
218    38.791    22.443 0.000   0 0 0 0.000 960.420
219   -41.833   -35.361 0.000   0 0 0 0.000 960.420
220   -29.523    -4.843 0.000   0 0 0 0.000 960.420
221    49.725    11.990 0.000   0 0 0 0.000 960.420
222    21.133    14.142 0.000   0 0 0 0.000 960.420
