6 4 288 6
425 170
425 170
425 170
425 170
425 170
425 170
  1    12.805     1.886  3.170  10 1 6 1 2 4 8 16 32 579.055 582.805
  2    18.213     1.373  3.041  21 1 6 1 2 4 8 16 32 797.211 800.930
  3    57.947   -48.779  3.014   8 1 6 1 2 4 8 16 32 627.073 630.969
  4   -52.429   -84.088  3.086  23 1 6 1 2 4 8 16 32 157.236 160.891
  5    60.797   -32.593  3.345  10 1 6 1 2 4 8 16 32 350.712 354.565
  6    23.151     4.205  3.524   9 1 6 1 2 4 8 16 32 119.291 123.142
  7    25.385    22.986  3.085  21 1 6 1 2 4 8 16 32 234.800 238.666
  8    25.513   -52.985  3.520  16 1 6 1 2 4 8 16 32 335.423 339.257
  9   -49.261   -41.718  3.289  21 1 6 1 2 4 8 16 32 412.672 416.580
 10   -37.561   -41.730  3.047   3 1 6 1 2 4 8 16 32 817.901 821.680
 11   -14.520    48.962  3.231  24 1 6 1 2 4 8 16 32 849.232 852.917
 12    41.229   -24.500  3.348   2 1 6 1 2 4 8 16 32 592.584 596.402
 13   -21.863     0.916  3.143   4 1 6 1 2 4 8 16 32 619.648 623.434
 14   -48.181   -16.284  2.988  18 1 6 1 2 4 8 16 32 123.277 127.025
 15    -7.776    44.348  3.377   5 1 6 1 2 4 8 16 32 754.917 758.853
 16    20.801    10.760  2.977  13 1 6 1 2 4 8 16 32 239.659 243.413
 17   -29.712   -46.326  3.122  13 1 6 1 2 4 8 16 32 451.771 455.479
 18   -20.203   -59.564  3.183  14 1 6 1 2 4 8 16 32 92.729 96.437
 19   -87.079   -52.899  3.241  10 1 6 1 2 4 8 16 32 562.912 566.582
 20     3.046    -6.305  3.334   3 1 6 1 2 4 8 16 32 254.622 258.559
 21    11.865     5.261  3.069   1 1 6 1 2 4 8 16 32 544.070 547.763
 22   -24.072   -55.927  3.497  11 1 6 1 2 4 8 16 32 516.488 520.414
 23   -22.803     5.658  3.395  16 1 6 1 2 4 8 16 32 197.600 201.415
 24   -51.904     9.412  3.081   6 1 6 1 2 4 8 16 32 221.881 225.757
 25    12.732   -40.967  3.102  18 1 6 1 2 4 8 16 32 878.390 882.176
 26   -30.988     7.654  3.244  11 1 6 1 2 4 8 16 32 439.344 443.047
 27    37.512     0.458  3.247  15 1 6 1 2 4 8 16 32 888.222 892.002
 28     2.954    -8.563  3.173  17 1 6 1 2 4 8 16 32 631.408 635.325
 29     0.549     3.644  3.255  17 1 6 1 2 4 8 16 32 777.721 781.456
 30   -52.484     9.711  3.257   1 1 6 1 2 4 8 16 32 568.162 571.835
 31    33.936   -48.718  3.395   1 1 6 1 2 4 8 16 32 591.587 595.291
 32   -13.129   -53.601  3.558  18 1 6 1 2 4 8 16 32 284.395 288.122
 33   -99.591    23.303  3.288   3 1 6 1 2 4 8 16 32 332.582 336.319
 34     6.439    -3.516  3.332  21 1 6 1 2 4 8 16 32 439.253 443.082
 35   -14.032   -19.818  3.191  22 1 6 1 2 4 8 16 32 797.348 801.225
 36   -24.677    16.608  3.057  14 1 6 1 2 4 8 16 32 846.385 850.250
 37   -10.260   -81.769  3.287   4 1 6 1 2 4 8 16 32 123.973 127.628
 38    35.858     5.597  3.415  17 1 6 1 2 4 8 16 32 788.839 792.648
 39   -11.603    42.908  3.425  16 1 6 1 2 4 8 16 32 575.006 578.884
 40   -34.662   -15.466  3.035   8 1 6 1 2 4 8 16 32 880.472 884.253
 41    66.852     1.135  3.040  14 1 6 1 2 4 8 16 32 385.623 389.381
 42     6.866    -1.416  3.015  23 1 6 1 2 4 8 16 32 203.165 206.920
 43     1.660    -2.234  3.545   1 1 6 1 2 4 8 16 32 607.223 611.073
 44    37.561    11.450  3.058  21 1 6 1 2 4 8 16 32 688.482 692.440
 45    51.672   -26.343  3.326  10 1 6 1 2 4 8 16 32 541.934 545.581
 46    19.025   -10.889  3.015  19 1 6 1 2 4 8 16 32 601.516 605.157
 47   -37.982    -6.360  3.179   6 1 6 1 2 4 8 16 32 614.909 618.625
 48   -56.537   -42.334  3.482   4 1 6 1 2 4 8 16 32 340.955 344.660
 49     1.099   -14.624  2.988  18 1 6 1 2 4 8 16 32 439.112 442.679
 50   -56.238    -3.076  3.091  23 1 6 1 2 4 8 16 32 326.581 330.361
 51   -23.669   -15.289  3.340  25 1 6 1 2 4 8 16 32 140.816 144.708
 52   -34.277    -1.410  3.533  17 1 6 1 2 4 8 16 32 915.817 919.604
 53   -64.178    63.812  3.044  11 1 6 1 2 4 8 16 32 785.021 788.609
 54   -47.083   -20.386  3.165  20 1 6 1 2 4 8 16 32 208.551 212.267
 55   -33.710     8.380  3.358   9 1 6 1 2 4 8 16 32 225.179 229.043
 56    34.290    26.031  3.434  23 1 6 1 2 4 8 16 32 484.292 488.146
 57   -38.861    42.114  3.494  14 1 6 1 2 4 8 16 32 763.338 767.078
 58   -92.731    44.885  3.297   7 1 6 1 2 4 8 16 32 505.365 509.245
 59    23.633    27.643  3.445  15 1 6 1 2 4 8 16 32 408.633 412.536
 60   -67.139   -67.078  3.563  22 1 6 1 2 4 8 16 32 705.155 709.111
 61    25.726   -25.836  3.318   4 1 6 1 2 4 8 16 32 283.742 287.541
 62   -40.985   -16.895  3.011  14 1 6 1 2 4 8 16 32 740.563 744.333
 63    77.008    -6.097  3.463  24 1 6 1 2 4 8 16 32 209.569 213.514
 64   -54.810    -1.935  3.173  13 1 6 1 2 4 8 16 32 504.572 508.161
 65   -53.943   -29.663  2.988   9 1 6 1 2 4 8 16 32 896.306 899.934
 66    16.089   -27.887  3.377   3 1 6 1 2 4 8 16 32 815.365 819.145
 67   -59.436    36.487  3.206  23 1 6 1 2 4 8 16 32 703.366 707.148
 68    34.473    25.391  3.478   2 1 6 1 2 4 8 16 32 360.317 364.064
 69    -9.283    -6.689  3.487  23 1 6 1 2 4 8 16 32 161.382 164.948
 70   -85.559   -20.477  3.309   8 1 6 1 2 4 8 16 32 170.377 174.150
 71    29.523    18.347  3.370  23 1 6 1 2 4 8 16 32 502.342 506.298
 72    27.814     6.512  3.386  13 1 6 1 2 4 8 16 32 471.316 475.217
 73    42.151   -25.580  3.450  25 1 6 1 2 4 8 16 32 197.433 201.320
 74    82.202    85.828  3.002  25 1 6 1 2 4 8 16 32 382.124 385.710
 75   -47.766   -35.590  3.160  20 1 6 1 2 4 8 16 32 176.042 179.733
 76    22.015   -20.349  3.347   9 1 6 1 2 4 8 16 32 703.238 706.985
 77   -55.756   -33.490  3.373  15 1 6 1 2 4 8 16 32 699.581 703.218
 78    62.006    -1.453  2.997   4 1 6 1 2 4 8 16 32 785.413 789.183
 79    25.549    -3.796  3.462   1 1 6 1 2 4 8 16 32 741.197 744.820
 80   -43.372    -7.379  3.111   7 1 6 1 2 4 8 16 32 228.133 232.087
 81    60.297    52.637  3.365  12 1 6 1 2 4 8 16 32 828.255 831.823
 82   -96.155    34.100  3.066   5 1 6 1 2 4 8 16 32 417.629 421.452
 83   -32.806    -3.845  3.475   8 1 6 1 2 4 8 16 32 464.103 468.020
 84   -47.827   -45.203  3.166   1 1 6 1 2 4 8 16 32 268.682 272.289
 85   -31.128   -93.848  3.099  24 1 6 1 2 4 8 16 32 483.445 487.345
 86   -17.010   -21.857  3.476  23 1 6 1 2 4 8 16 32 533.622 537.347
 87    -8.386    -2.264  2.988  12 1 6 1 2 4 8 16 32 249.380 253.108
 88    35.834    13.147  3.192   2 1 6 1 2 4 8 16 32 818.962 822.669
 89    29.315    54.468  3.460  22 1 6 1 2 4 8 16 32 446.890 450.696
 90    48.352    -8.783  3.240   3 1 6 1 2 4 8 16 32 717.430 721.263
 91    -2.930    27.039  3.047  12 1 6 1 2 4 8 16 32 730.190 734.133
 92   -16.620   -55.389  3.470  16 1 6 1 2 4 8 16 32 609.349 613.010
 93   -40.851   -47.742  3.335   8 1 6 1 2 4 8 16 32 347.820 351.679
 94   -12.878    -2.039  3.275  25 1 6 1 2 4 8 16 32 81.233 84.894
 95   -51.776     7.281  3.335   6 1 6 1 2 4 8 16 32 854.143 857.805
 96   -32.922    23.828  3.130  24 1 6 1 2 4 8 16 32 404.836 408.590
 97    13.983   -34.521  3.544  16 1 6 1 2 4 8 16 32 334.615 338.277
 98   -35.834   -23.834  3.056   7 1 6 1 2 4 8 16 32 143.161 147.099
 99    91.858     5.542  3.497   9 1 6 1 2 4 8 16 32 395.781 399.376
100   -28.442   -34.180  3.249  23 1 6 1 2 4 8 16 32 865.505 869.306
101    33.844    27.875  3.489  24 1 6 1 2 4 8 16 32 574.987 578.711
102    98.431    31.348  3.150  19 1 6 1 2 4 8 16 32 485.178 489.065
103   -57.751   -27.753  3.276   9 1 6 1 2 4 8 16 32 559.904 563.761
104   -43.890    13.007  3.408  10 1 6 1 2 4 8 16 32 807.164 810.886
105    37.585    49.768  3.207  23 1 6 1 2 4 8 16 32 248.503 252.310
106    -3.687     7.373  3.507   2 1 6 1 2 4 8 16 32 860.962 864.600
107   -98.242    61.658  3.317   5 1 6 1 2 4 8 16 32 606.827 610.486
108   -23.560   -32.520  3.051  25 1 6 1 2 4 8 16 32 316.480 320.062
109    22.980   -18.109  3.430  17 1 6 1 2 4 8 16 32 723.761 727.664
110    43.915    -2.985  3.421  23 1 6 1 2 4 8 16 32 796.158 800.089
111    71.509    11.652  3.529  23 1 6 1 2 4 8 16 32 648.550 652.175
112   -43.011   -38.702  3.065  13 1 6 1 2 4 8 16 32 214.209 217.805
113   -83.954     2.179  3.056   2 1 6 1 2 4 8 16 32 672.297 676.163
114    11.090   -40.942  3.023  24 1 6 1 2 4 8 16 32 907.549 911.153
115    27.173   -13.330  3.515  22 1 6 1 2 4 8 16 32 313.577 317.307
116   -86.102   -59.808  3.458  20 1 6 1 2 4 8 16 32 305.326 308.920
117   -22.345   -78.278  3.442  15 1 6 1 2 4 8 16 32 248.501 252.242
118   -38.727   -33.588  3.360  12 1 6 1 2 4 8 16 32 895.777 899.635
119    -1.227   -28.668  3.421  17 1 6 1 2 4 8 16 32 256.020 259.718
120    81.329   -44.244  3.001  21 1 6 1 2 4 8 16 32 807.836 811.647
121    51.904    19.891  3.402  10 1 6 1 2 4 8 16 32 359.608 363.450
122   -34.973   -27.856  3.038   4 1 6 1 2 4 8 16 32 147.578 151.393
123   -51.483   -23.248  3.230  21 1 6 1 2 4 8 16 32 420.075 423.725
124    -0.647   -46.057  3.232   3 1 6 1 2 4 8 16 32 816.196 820.033
125    68.219   -66.986  3.067  17 1 6 1 2 4 8 16 32 834.785 838.709
126   -15.149   -25.482  3.081  19 1 6 1 2 4 8 16 32 535.175 538.786
127    22.412   -34.375  3.319  10 1 6 1 2 4 8 16 32 620.431 624.139
128    36.176   -10.431  3.273  21 1 6 1 2 4 8 16 32 448.317 452.199
129   -23.639   -47.681  3.014  21 1 6 1 2 4 8 16 32 123.012 126.707
130   -14.722    32.684  3.231   6 1 6 1 2 4 8 16 32 543.975 547.810
131    16.821   -12.720  3.050   8 1 6 1 2 4 8 16 32 874.273 878.183
132    93.378    23.004  3.446   8 1 6 1 2 4 8 16 32 763.237 767.011
133    40.344   -24.176  3.291  13 1 6 1 2 4 8 16 32 225.735 229.582
134     5.530    -4.901  3.471   7 1 6 1 2 4 8 16 32 877.978 881.553
135   -78.015     1.270  3.469  11 1 6 1 2 4 8 16 32 544.078 548.021
136    51.569   -45.673  3.022  18 1 6 1 2 4 8 16 32 207.428 211.326
137    49.249   -30.896  2.980  10 1 6 1 2 4 8 16 32 778.131 781.885
138   -62.195   -21.399  3.109  25 1 6 1 2 4 8 16 32 296.602 300.377
139    -5.048     7.306  3.008   7 1 6 1 2 4 8 16 32 816.096 819.869
140     1.727   -70.221  3.404  17 1 6 1 2 4 8 16 32 276.154 279.866
141     1.361    -3.564  3.392  20 1 6 1 2 4 8 16 32 341.743 345.311
142   -15.521    16.425  3.073  18 1 6 1 2 4 8 16 32 453.995 457.711
143   -31.604   -60.938  3.239  21 1 6 1 2 4 8 16 32 299.281 302.966
144   -46.997   -55.560  3.243  14 1 6 1 2 4 8 16 32 582.094 585.995
145     2.301     5.536  3.303   2 1 6 1 2 4 8 16 32 433.258 436.988
146   -30.328    -0.580  3.332  18 1 6 1 2 4 8 16 32 281.222 285.032
147   -16.821    17.664  3.141  10 1 6 1 2 4 8 16 32 262.548 266.400
148    52.655    29.034  3.309   5 1 6 1 2 4 8 16 32 453.257 457.047
149   -11.993   -83.771  3.110  15 1 6 1 2 4 8 16 32 310.959 314.762
150    41.632    43.048  3.101  17 1 6 1 2 4 8 16 32 565.664 569.361
151     8.508    -2.539  3.424  12 1 6 1 2 4 8 16 32 534.262 538.101
152    31.512    -8.978  3.558  14 1 6 1 2 4 8 16 32 189.692 193.405
153    -3.339   -36.243  3.266   3 1 6 1 2 4 8 16 32 791.065 794.798
154   -26.379    13.776  3.023   7 1 6 1 2 4 8 16 32 106.481 110.179
155    28.430    10.571  3.365  21 1 6 1 2 4 8 16 32 770.603 774.318
156     5.975    27.289  3.231   7 1 6 1 2 4 8 16 32 262.549 266.449
157   -32.135   -45.068  3.140   5 1 6 1 2 4 8 16 32 200.463 204.189
158    31.097    -7.916  3.445  24 1 6 1 2 4 8 16 32 212.276 216.004
159    28.198   -29.755  3.270  13 1 6 1 2 4 8 16 32 93.552 97.405
160   -39.612   -33.594  3.306  18 1 6 1 2 4 8 16 32 584.344 588.116
161   -19.220    -5.133  3.489  19 1 6 1 2 4 8 16 32 790.349 794.251
162   -10.114    69.977  3.470  22 1 6 1 2 4 8 16 32 637.267 641.162
163    22.894   -44.348  3.423  13 1 6 1 2 4 8 16 32 537.264 540.834
164   -34.741     0.580  3.345  10 1 6 1 2 4 8 16 32 628.829 632.656
165   -44.952   -77.734  3.005   4 1 6 1 2 4 8 16 32 618.184 622.110
166   -23.749   -56.012  3.162  17 1 6 1 2 4 8 16 32 321.755 325.437
167    69.073   -97.125  2.989   2 1 6 1 2 4 8 16 32 550.355 554.115
168    12.170   -59.869  3.132  18 1 6 1 2 4 8 16 32 366.678 370.509
169    47.339    17.365  3.371   2 1 6 1 2 4 8 16 32 872.723 876.616
170    -4.706    14.056  3.288  18 1 6 1 2 4 8 16 32 431.676 435.368
171   -52.374   -50.244  3.134  13 1 6 1 2 4 8 16 32 433.221 437.050
172    39.215   -29.773  3.231  24 1 6 1 2 4 8 16 32 718.804 722.448
173   -42.316   -60.602  3.124  25 1 6 1 2 4 8 16 32 552.030 555.891
174    19.135    41.150  3.549   2 1 6 1 2 4 8 16 32 192.653 196.376
175   -54.706   -17.596  3.233   2 1 6 1 2 4 8 16 32 471.606 475.186
176    11.737   -83.173  3.228   7 1 6 1 2 4 8 16 32 307.944 311.722
177   -40.582   -53.247  3.453  23 1 6 1 2 4 8 16 32 177.765 181.506
178    -6.421    21.967  3.309  21 1 6 1 2 4 8 16 32 118.355 122.105
179   -31.268   -34.613  3.196  18 1 6 1 2 4 8 16 32 672.994 676.663
180    -3.668   -26.868  3.311  21 1 6 1 2 4 8 16 32 240.701 244.271
181    13.409   -22.302  3.392  23 1 6 1 2 4 8 16 32 667.383 671.021
182   -95.892   -86.322  3.470  16 1 6 1 2 4 8 16 32 702.920 706.784
183    88.983   -53.387  3.189  22 1 6 1 2 4 8 16 32 338.635 342.536
184   -55.048   -32.538  3.550  11 1 6 1 2 4 8 16 32 558.541 562.294
185    27.850   -10.028  3.435  22 1 6 1 2 4 8 16 32 163.078 166.652
186    40.918   -36.090  3.358  10 1 6 1 2 4 8 16 32 100.510 104.140
187   -58.350    15.814  3.382  15 1 6 1 2 4 8 16 32 345.922 349.647
188   -52.161   -74.725  3.335  23 1 6 1 2 4 8 16 32 325.766 329.679
189   -66.772   -34.943  3.282   7 1 6 1 2 4 8 16 32 746.504 750.315
190   -33.374   -62.024  3.174   1 1 6 1 2 4 8 16 32 202.120 205.864
191    -8.649    31.708  3.112  21 1 6 1 2 4 8 16 32 257.286 261.065
192   -26.166   -56.152  3.421  11 1 6 1 2 4 8 16 32 352.163 355.839
193   -39.874   -53.375  3.444   2 1 6 1 2 4 8 16 32 518.134 521.854
194    71.643   -36.981  3.103  24 1 6 1 2 4 8 16 32 669.133 672.880
195   -96.924     8.411  3.097  25 1 6 1 2 4 8 16 32 179.865 183.602
196    -2.911    36.200  3.377  17 1 6 1 2 4 8 16 32 860.213 864.014
197   -53.253    14.099  3.467  10 1 6 1 2 4 8 16 32 881.127 884.779
198    67.316   -39.734  3.244  18 1 6 1 2 4 8 16 32 270.682 274.436
199    -6.525    11.975  3.299   2 1 6 1 2 4 8 16 32 578.282 582.194
200    16.425    33.221  3.300  12 1 6 1 2 4 8 16 32 489.981 493.802
201   -19.061   -56.921  3.531   4 1 6 1 2 4 8 16 32 497.568 501.378
202    25.189   -21.045  3.392   1 1 6 1 2 4 8 16 32 359.688 363.267
203    37.854    -5.524  3.205   1 1 6 1 2 4 8 16 32 355.179 358.832
204   -16.479    48.657  2.984   6 1 6 1 2 4 8 16 32 170.546 174.426
205     2.344   -16.516  3.148  22 1 6 1 2 4 8 16 32 425.273 428.944
206   -48.621   -12.390  3.183  25 1 6 1 2 4 8 16 32 355.980 359.715
207   -42.621   -50.006  3.207  21 1 6 1 2 4 8 16 32 348.265 352.125
208    16.016    11.169  3.551  18 1 6 1 2 4 8 16 32 741.083 744.946
209   -80.408   -60.583  3.371  14 1 6 1 2 4 8 16 32 451.579 455.317
210   -95.068    44.293  3.042  21 1 6 1 2 4 8 16 32 742.385 746.198
211    -6.885    24.884  3.289   4 1 6 1 2 4 8 16 32 488.290 492.106
212    -4.803    21.674  3.375   1 1 6 1 2 4 8 16 32 737.369 741.181
213     7.037   -45.337  3.392  18 1 6 1 2 4 8 16 32 908.898 912.482
214    31.293   -39.905  3.118   4 1 6 1 2 4 8 16 32 137.152 140.920
215    14.984    26.172  3.496   4 1 6 1 2 4 8 16 32 526.570 530.349
216    33.203   -52.289  3.509   5 1 6 1 2 4 8 16 32 244.262 247.915
217   -59.277    39.667  3.388  15 1 6 1 2 4 8 16 32 521.394 525.256
218    30.054   -36.823  3.352   5 1 6 1 2 4 8 16 32 156.335 160.099
219     9.351   -39.044  3.417  22 1 6 1 2 4 8 16 32 515.409 519.220
220   -10.651    54.431  2.980  21 1 6 1 2 4 8 16 32 621.166 624.818
221    20.856   -26.465  3.447  17 1 6 1 2 4 8 16 32 852.711 856.528
222    19.617    17.865  3.406   8 1 6 1 2 4 8 16 32 277.080 280.823
223   -36.981   -92.950  3.483   4 1 6 1 2 4 8 16 32 438.783 442.380
224    -3.760    59.875  3.101   4 1 6 1 2 4 8 16 32 864.083 867.958
225    11.682   -63.336  3.257  16 1 6 1 2 4 8 16 32 607.727 611.294
226     4.468   -36.133  3.412   5 1 6 1 2 4 8 16 32 178.942 182.766
227    47.040   -41.254  3.460  15 1 6 1 2 4 8 16 32 624.030 627.875
228    29.938   -58.710  3.148  25 1 6 1 2 4 8 16 32 782.013 785.820
229   -70.569    -7.037  3.230  15 1 6 1 2 4 8 16 32 141.312 145.222
230    56.262     1.819  3.033   7 1 6 1 2 4 8 16 32 787.477 791.299
231    46.210   -53.522  3.397  19 1 6 1 2 4 8 16 32 624.695 628.294
232     6.366   -14.264  3.508  11 1 6 1 2 4 8 16 32 191.208 195.131
233   -34.540   -39.502  3.196  13 1 6 1 2 4 8 16 32 703.960 707.706
234   -50.537    28.357  3.539  24 1 6 1 2 4 8 16 32 540.978 544.669
235   -61.444   -10.901  3.312   4 1 6 1 2 4 8 16 32 413.343 417.090
236   -30.823    17.902  3.536  13 1 6 1 2 4 8 16 32 819.426 823.014
237    49.658    24.469  3.350   6 1 6 1 2 4 8 16 32 361.400 364.980
238   -69.775   -41.406  3.386   4 1 6 1 2 4 8 16 32 799.104 803.011
239   -18.939    57.690  3.241  12 1 6 1 2 4 8 16 32 599.109 603.042
240   -22.449    15.771  3.277   4 1 6 1 2 4 8 16 32 451.424 455.271
241    -7.599    37.030  3.379   4 1 6 1 2 4 8 16 32 638.533 642.327
242    27.435    17.554  3.072  25 1 6 1 2 4 8 16 32 188.511 192.200
243    45.526    -5.127  2.989  25 1 6 1 2 4 8 16 32 348.491 352.309
244   -33.551   -25.586  3.429  14 1 6 1 2 4 8 16 32 469.343 473.029
245    -4.645    53.754  3.515  25 1 6 1 2 4 8 16 32 731.323 734.902
246   -41.119   -13.361  3.428  13 1 6 1 2 4 8 16 32 843.851 847.513
247    23.010   -45.703  3.428  13 1 6 1 2 4 8 16 32 472.461 476.160
248    17.230     5.096  3.386  11 1 6 1 2 4 8 16 32 841.654 845.607
249    -6.818   -19.873  3.051  24 1 6 1 2 4 8 16 32 497.104 500.938
250    52.966    51.410  3.241   5 1 6 1 2 4 8 16 32 400.475 404.345
251   -28.662   -50.940  3.080  12 1 6 1 2 4 8 16 32 578.446 582.349
252    69.684   -51.520  3.213   4 1 6 1 2 4 8 16 32 348.357 352.022
253    36.884   -17.371  3.105   5 1 6 1 2 4 8 16 32 813.864 817.531
254   -19.659    42.035  3.382  24 1 6 1 2 4 8 16 32 434.322 437.924
255    72.125    65.405  3.317  17 1 6 1 2 4 8 16 32 688.938 692.614
256   -71.368    59.863  3.320   4 1 6 1 2 4 8 16 32 536.969 540.544
257    18.317   -37.750  3.273   1 1 6 1 2 4 8 16 32 266.881 270.735
258    18.121     0.482  3.217  19 1 6 1 2 4 8 16 32 118.053 121.848
259    -1.105   -30.676  3.347   7 1 6 1 2 4 8 16 32 534.447 538.325
260   -44.574   -44.055  3.437  24 1 6 1 2 4 8 16 32 280.829 284.480
261   -28.058   -59.436  3.549  10 1 6 1 2 4 8 16 32 898.216 901.912
262    -7.953     4.639  3.478  13 1 6 1 2 4 8 16 32 253.871 257.475
263   -37.366   -28.528  3.196  24 1 6 1 2 4 8 16 32 436.161 439.980
264     4.388   -38.489  3.361   3 1 6 1 2 4 8 16 32 698.504 702.262
265   -44.592   -35.333  3.470  14 1 6 1 2 4 8 16 32 832.594 836.335
266   -56.714   -39.252  3.342   2 1 6 1 2 4 8 16 32 787.248 791.191
267    13.452   -32.159  3.481  24 1 6 1 2 4 8 16 32 328.515 332.300
268   -20.343   -11.182  3.555  11 1 6 1 2 4 8 16 32 147.624 151.198
269     3.436   -52.734  3.033   5 1 6 1 2 4 8 16 32 205.282 209.036
270    40.576   -54.492  3.442  14 1 6 1 2 4 8 16 32 92.659 96.374
271    31.952   -25.421  3.000  21 1 6 1 2 4 8 16 32 861.975 865.789
272   -57.434    38.525  3.431  14 1 6 1 2 4 8 16 32 825.577 829.294
273    47.510   -42.035  3.487  15 1 6 1 2 4 8 16 32 264.387 268.331
274   -28.143   -41.614  3.158   3 1 6 1 2 4 8 16 32 691.640 695.495
275    -2.258    -5.078  3.171  15 1 6 1 2 4 8 16 32 108.172 111.933
276   -27.167   -27.936  3.060  15 1 6 1 2 4 8 16 32 227.149 231.095
277   -24.048   -47.192  2.987  21 1 6 1 2 4 8 16 32 472.094 475.691
278   -77.521   -55.084  3.170  17 1 6 1 2 4 8 16 32 352.583 356.214
279   -62.036   -43.439  3.234  18 1 6 1 2 4 8 16 32 350.819 354.699
280   -71.936   -20.160  3.051  15 1 6 1 2 4 8 16 32 302.545 306.363
281   -66.504   -39.789  3.497  19 1 6 1 2 4 8 16 32 878.765 882.551
282    14.587    48.444  3.193   9 1 6 1 2 4 8 16 32 177.272 181.048
283    31.366   -29.462  3.344  10 1 6 1 2 4 8 16 32 132.368 135.948
284     6.512   -46.124  3.352  13 1 6 1 2 4 8 16 32 225.657 229.485
285     9.650    39.508  3.467  25 1 6 1 2 4 8 16 32 266.252 270.002
286    16.040    16.681  2.977   1 1 6 1 2 4 8 16 32 858.643 862.342
287     7.745   -75.378  2.982  11 1 6 1 2 4 8 16 32 159.901 163.693
288   -27.173    -4.462  3.447  25 1 6 1 2 4 8 16 32 802.037 805.631
289   -40.198   -12.781 0.000   0 0 0 0.000 990.110
290   -40.488   -35.864 0.000   0 0 0 0.000 990.110
291    -1.193     2.515 0.000   0 0 0 0.000 990.110
292    18.329   -35.468 0.000   0 0 0 0.000 990.110
293    23.746    -0.522 0.000   0 0 0 0.000 990.110
294   -46.396   -39.923 0.000   0 0 0 0.000 990.110
