6 1 48 4
0 200
0 200
0 200
0 200
  1   -29.730    64.136  3.358  12 1 4 1 2 4 8 811.447 814.969
  2   -30.664     5.463  3.123   8 1 4 1 2 4 8 56.644 60.394
  3    51.642     5.469  3.231  16 1 4 1 2 4 8 424.190 427.956
  4   -13.171    69.336  3.362   5 1 4 1 2 4 8 239.821 243.519
  5   -67.413    68.323  2.921  12 1 4 1 2 4 8 608.029 611.515
  6    48.907     6.274  2.931   5 1 4 1 2 4 8 97.686 101.422
  7     5.243    22.260  3.090  13 1 4 1 2 4 8 799.688 803.320
  8   -65.002    77.234  3.440  20 1 4 1 2 4 8 582.665 586.286
  9    -4.175    -1.569  2.964  13 1 4 1 2 4 8 283.267 286.900
 10    23.029    11.639  3.075  18 1 4 1 2 4 8 169.449 172.907
 11    25.482     6.287  3.128  -7 1 4 1 2 4 8 633.898 637.519
 12   -42.615   -26.392  3.395   6 1 4 1 2 4 8 822.906 826.552
 13   -76.672    99.341  3.238   9 1 4 1 2 4 8 546.467 550.246
 14   -20.673    57.892  3.349  -9 1 4 1 2 4 8 772.402 776.161
 15   -52.039     6.567  3.148   4 1 4 1 2 4 8 150.765 154.361
 16   -41.376    50.824  3.155  25 1 4 1 2 4 8 244.034 247.717
 17   -91.943    27.588  3.268  -5 1 4 1 2 4 8 146.392 150.059
 18   -65.118    30.212  3.342  17 1 4 1 2 4 8 801.383 804.934
 19    18.597    96.716  3.194   3 1 4 1 2 4 8 674.365 677.884
 20   -40.942    83.209  2.915  16 1 4 1 2 4 8 435.090 438.864
 21   -37.756   -33.325  3.211 -25 1 4 1 2 4 8 848.153 851.735
 22    23.767    29.083  3.077  21 1 4 1 2 4 8 291.888 295.462
 23   -43.030    20.453  3.226  14 1 4 1 2 4 8 307.358 311.016
 24   -35.297   -24.896  3.400  19 1 4 1 2 4 8 571.325 575.120
 25   -54.755    14.368  2.947  14 1 4 1 2 4 8 407.787 411.258
 26   -49.329    33.374  3.234   6 1 4 1 2 4 8 875.712 879.207
 27    57.404    23.822  3.299 -16 1 4 1 2 4 8 204.323 208.026
 28   -22.754    55.408  3.213   9 1 4 1 2 4 8 802.169 805.925
 29   -56.622    73.340  3.131  20 1 4 1 2 4 8 156.857 160.510
 30   -38.562    -3.705  3.189  13 1 4 1 2 4 8 637.724 641.507
 31   -16.779    19.537  3.250 -10 1 4 1 2 4 8 375.292 378.840
 32   -11.560    11.615  3.384  16 1 4 1 2 4 8 587.836 591.522
 33   -46.545    97.974  3.231  19 1 4 1 2 4 8 215.947 219.469
 34    16.229     9.320  3.290  22 1 4 1 2 4 8 176.427 180.086
 35     1.294     7.349  3.075  14 1 4 1 2 4 8 860.033 863.573
 36   -26.404    29.529  3.360  10 1 4 1 2 4 8 147.638 151.331
 37     4.352    14.685  3.032  11 1 4 1 2 4 8 670.493 674.072
 38   -50.665   -23.126  3.213  15 1 4 1 2 4 8 829.696 833.167
 39   -22.833    -9.814  3.108  13 1 4 1 2 4 8 532.450 536.031
 40   -71.100   -18.616  3.316 -15 1 4 1 2 4 8 344.613 348.306
 41    -7.849    32.074  3.390   8 1 4 1 2 4 8 123.534 127.112
 42    11.877   -24.933  3.240  22 1 4 1 2 4 8 118.358 122.141
 43   -18.927   -23.730  3.232  24 1 4 1 2 4 8 481.226 484.866
 44   -11.920    11.755  3.365   3 1 4 1 2 4 8 318.610 322.346
 45    29.840    11.633  3.413 -25 1 4 1 2 4 8 349.877 353.427
 46    12.268   -55.811  3.010  19 1 4 1 2 4 8 379.482 383.191
 47   -37.933   -21.613  3.099 -21 1 4 1 2 4 8 403.060 406.828
 48    42.883    -2.966  3.178  10 1 4 1 2 4 8 391.546 395.151
 49     4.163    13.559 0.000   0 0 0 0.000 956.420
 50    21.387    17.105 0.000   0 0 0 0.000 956.420
 51   -36.118    49.097 0.000   0 0 0 0.000 956.420
 52   -31.201     0.235 0.000   0 0 0 0.000 956.420
