6 2 96 4
0 195
0 195
0 195
0 195
  1    33.588    30.750  2.908   4 1 4 1 2 4 8 426.636 429.944
  2    48.828    65.314  2.773  12 1 4 1 2 4 8 584.826 588.057
  3    86.176    59.344  2.697   3 1 4 1 2 4 8 227.031 230.515
  4    39.270   -33.057  2.926 -15 1 4 1 2 4 8 532.903 536.296
  5   -23.370    86.853  3.122  13 1 4 1 2 4 8 748.742 752.009
  6    48.132    95.593  2.689  20 1 4 1 2 4 8 316.928 320.152
  7   -16.357    93.311  2.981  21 1 4 1 2 4 8 626.223 629.409
  8   -57.703   -65.601  2.681   4 1 4 1 2 4 8 540.798 544.141
  9     7.147    32.684  2.814  25 1 4 1 2 4 8 643.250 646.646
 10    42.950    68.701  2.747 -21 1 4 1 2 4 8 565.059 568.377
 11    37.085    -2.112  2.997   7 1 4 1 2 4 8 752.561 756.004
 12    77.759    55.817  3.038   3 1 4 1 2 4 8 200.164 203.643
 13   -17.462   -56.567  2.851   9 1 4 1 2 4 8 185.293 188.745
 14    58.575    59.888  3.055  -5 1 4 1 2 4 8 75.668 79.132
 15    57.776    15.344  2.720  20 1 4 1 2 4 8 493.279 496.737
 16   -22.327    36.072  2.850 -21 1 4 1 2 4 8 435.725 439.078
 17    -7.080    30.493  3.138  19 1 4 1 2 4 8 613.134 616.357
 18    55.658    60.425  3.068   2 1 4 1 2 4 8 633.167 636.495
 19   -14.307    11.456  3.132  16 1 4 1 2 4 8 200.079 203.343
 20   -29.724    24.268  3.073  18 1 4 1 2 4 8 152.259 155.600
 21    43.219     0.739  2.656  24 1 4 1 2 4 8 128.687 132.137
 22    45.184    35.474  2.647 -24 1 4 1 2 4 8 305.000 308.492
 23    64.484     2.240  2.810   8 1 4 1 2 4 8 726.788 730.133
 24    55.078    72.241  2.938  16 1 4 1 2 4 8 102.478 105.803
 25    16.925    15.741  3.042  19 1 4 1 2 4 8 562.254 565.705
 26    45.038    -3.723  3.057  12 1 4 1 2 4 8 307.815 311.162
 27   -76.782     5.939  3.105   9 1 4 1 2 4 8 497.502 500.836
 28    36.169     0.256  2.725   3 1 4 1 2 4 8 83.749 87.226
 29    29.218     8.936  3.019  15 1 4 1 2 4 8 255.483 258.708
 30    65.057     5.225  2.984   4 1 4 1 2 4 8 413.744 416.985
 31    42.175   -22.284  3.130  24 1 4 1 2 4 8 351.136 354.562
 32    25.574    31.726  2.959  22 1 4 1 2 4 8 331.096 334.333
 33    31.561    37.262  2.950 -14 1 4 1 2 4 8 773.157 776.488
 34    66.498   -54.169  2.878 -11 1 4 1 2 4 8 609.213 612.612
 35    46.576   -17.938  3.135  20 1 4 1 2 4 8 304.687 308.193
 36    65.063    40.875  3.048   5 1 4 1 2 4 8 390.811 394.312
 37    -2.716    24.768  2.941  11 1 4 1 2 4 8 499.574 502.904
 38   -40.002     3.870  3.026  12 1 4 1 2 4 8 552.196 555.429
 39   -73.505    57.043  2.884   7 1 4 1 2 4 8 703.853 707.072
 40    81.146   -25.714  2.963   1 1 4 1 2 4 8 128.976 132.345
 41    12.006    -7.965  3.029  23 1 4 1 2 4 8 280.996 284.184
 42    42.761    38.092  2.954  13 1 4 1 2 4 8 367.391 370.629
 43     3.857   -23.181  2.810   4 1 4 1 2 4 8 754.635 758.104
 44    -7.367    24.390  2.983  23 1 4 1 2 4 8 500.594 503.990
 45    35.944   -11.835  2.692  17 1 4 1 2 4 8 732.069 735.251
 46    52.075     9.692  2.780 -13 1 4 1 2 4 8 696.768 700.095
 47    30.725    30.701  2.878   9 1 4 1 2 4 8 827.121 830.397
 48    41.223    77.924  2.674 -10 1 4 1 2 4 8 334.769 338.073
 49    68.884   -40.546  2.639 -22 1 4 1 2 4 8 678.200 681.565
 50    76.312    86.670  2.747  21 1 4 1 2 4 8 253.083 256.545
 51    63.934    78.540  2.950  13 1 4 1 2 4 8 361.719 365.033
 52    29.150    -9.961  3.040  25 1 4 1 2 4 8 554.389 557.737
 53    85.522    39.954  2.968   8 1 4 1 2 4 8 703.005 706.516
 54    31.775     3.870  2.652  20 1 4 1 2 4 8 372.836 376.308
 55   -20.544    19.086  2.772   3 1 4 1 2 4 8 354.547 357.962
 56    55.353    43.817  2.638  -4 1 4 1 2 4 8 450.566 453.793
 57    35.406    10.278  3.022 -13 1 4 1 2 4 8 451.378 454.730
 58    25.464    -0.287  3.136  18 1 4 1 2 4 8 131.177 134.544
 59    12.396     0.244  2.722   1 1 4 1 2 4 8 155.859 159.228
 60    18.359    20.917  2.855  10 1 4 1 2 4 8 519.236 522.568
 61    27.960   -15.039  2.911  16 1 4 1 2 4 8 539.786 543.248
 62    -3.192    19.879  3.066   9 1 4 1 2 4 8 759.915 763.184
 63     9.332   -41.351  2.881  13 1 4 1 2 4 8 496.341 499.606
 64   -20.581    38.177  2.815  23 1 4 1 2 4 8 569.838 573.227
 65    27.820    28.729  2.648  14 1 4 1 2 4 8 325.516 329.013
 66    59.027    42.310  2.678   5 1 4 1 2 4 8 318.818 322.266
 67    56.311    58.734  2.642   1 1 4 1 2 4 8 180.604 183.935
 68   -51.654    -0.342  2.698   6 1 4 1 2 4 8 572.168 575.513
 69     2.576    32.721  2.732 -20 1 4 1 2 4 8 296.935 300.162
 70    15.131    -3.046  2.687  10 1 4 1 2 4 8 368.140 371.584
 71    66.595    34.937  2.669  19 1 4 1 2 4 8 272.721 276.018
 72    19.476    20.142  3.136  24 1 4 1 2 4 8 640.912 644.329
 73    -1.172    20.648  2.642   3 1 4 1 2 4 8 532.257 535.522
 74   -21.204    13.660  2.759  -5 1 4 1 2 4 8 367.879 371.087
 75    98.846     1.257  3.024 -13 1 4 1 2 4 8 252.917 256.339
 76    82.593    72.003  2.660   5 1 4 1 2 4 8 713.330 716.582
 77    30.017   -30.896  2.899  -4 1 4 1 2 4 8 202.631 206.127
 78    33.228    41.663  2.879  12 1 4 1 2 4 8 313.156 316.640
 79    39.490    -8.539  3.022  11 1 4 1 2 4 8 95.721 99.152
 80    54.498    70.813  2.849  20 1 4 1 2 4 8 559.222 562.566
 81     3.058    10.248  2.670  13 1 4 1 2 4 8 625.934 629.423
 82    51.831   -16.870  2.791   1 1 4 1 2 4 8 424.240 427.752
 83    76.416    11.346  3.052   3 1 4 1 2 4 8 225.022 228.489
 84     5.243     0.238  2.679   2 1 4 1 2 4 8 223.225 226.634
 85    50.592    34.247  2.663 -23 1 4 1 2 4 8 341.471 344.877
 86    -5.231    -2.081  2.821   8 1 4 1 2 4 8 467.779 471.165
 87    24.194    25.836  2.946 -25 1 4 1 2 4 8 134.752 137.945
 88    33.630    37.585  2.951  18 1 4 1 2 4 8 656.653 659.835
 89    31.445    -7.001  3.153   4 1 4 1 2 4 8 698.871 702.291
 90    30.707   -28.168  2.864   5 1 4 1 2 4 8 332.399 335.752
 91    49.860     1.038  3.137 -21 1 4 1 2 4 8 360.529 363.932
 92   -35.767    14.142  3.020  23 1 4 1 2 4 8 651.250 654.656
 93   -29.309     4.889  2.642  19 1 4 1 2 4 8 584.858 588.059
 94    19.049    41.974  3.041   2 1 4 1 2 4 8 279.102 282.270
 95    27.600    13.934  2.991  21 1 4 1 2 4 8 71.642 74.845
 96    52.832    50.684  3.122  10 1 4 1 2 4 8 355.082 358.450
 97     6.229    10.590 0.000   0 0 0 0.000 878.140
 98    32.663    44.730 0.000   0 0 0 0.000 878.140
 99    48.807    48.792 0.000   0 0 0 0.000 878.140
100    33.179    -4.968 0.000   0 0 0 0.000 878.140
