6 3 144 4
0 190
0 190
0 190
0 190
  1   -55.280   -24.371  3.143   9 1 4 1 2 4 8 234.311 237.731
  2   -48.297    53.314  3.288  22 1 4 1 2 4 8 416.545 420.223
  3   -49.072   -38.489  3.274  10 1 4 1 2 4 8 416.619 420.167
  4    25.311   -18.561  3.023  24 1 4 1 2 4 8 265.918 269.390
  5   -24.469    -3.815  3.225  25 1 4 1 2 4 8 77.868 81.446
  6    24.591   -17.896  2.963  -6 1 4 1 2 4 8 643.196 646.750
  7   -10.419    60.364  2.892  22 1 4 1 2 4 8 718.332 721.727
  8    38.177   -35.175  2.830   1 1 4 1 2 4 8 338.744 342.162
  9   -68.280    93.073  2.975  19 1 4 1 2 4 8 747.093 750.705
 10   -30.792   -57.336  3.361  19 1 4 1 2 4 8 785.792 789.360
 11   -37.061   -12.122  3.243  -5 1 4 1 2 4 8 462.369 465.886
 12   -15.741   -47.638  3.139  -9 1 4 1 2 4 8 156.103 159.599
 13   -63.379   -22.919  3.371   8 1 4 1 2 4 8 518.919 522.619
 14   -43.109   -43.439  3.032  14 1 4 1 2 4 8 243.203 246.814
 15   -25.623    13.599  3.250   4 1 4 1 2 4 8 413.870 417.585
 16    -2.625    16.632  3.326   7 1 4 1 2 4 8 784.045 787.433
 17   -41.577   -28.497  3.095  10 1 4 1 2 4 8 212.366 215.963
 18     2.081    12.885  3.122 -22 1 4 1 2 4 8 166.961 170.548
 19     3.925   -47.845  3.083  17 1 4 1 2 4 8 200.997 204.472
 20   -83.295    26.324  3.087  10 1 4 1 2 4 8 378.385 381.844
 21    -6.458    26.355  2.893   8 1 4 1 2 4 8 652.896 656.336
 22     3.290     6.732  3.175  14 1 4 1 2 4 8 514.095 517.480
 23   -34.869    30.426  3.202  12 1 4 1 2 4 8 109.652 113.154
 24    15.546   -36.273  3.017 -17 1 4 1 2 4 8 495.366 498.886
 25    12.842     5.127  3.262  19 1 4 1 2 4 8 300.430 303.942
 26   -48.450   -24.426  3.039 -25 1 4 1 2 4 8 164.683 168.141
 27   -88.538   -10.461  3.113 -25 1 4 1 2 4 8 796.151 799.901
 28   -29.773     0.995  2.892  -6 1 4 1 2 4 8 151.018 154.530
 29     9.827    38.416  2.900  21 1 4 1 2 4 8 335.720 339.446
 30     1.410    92.938  3.252   3 1 4 1 2 4 8 506.245 509.626
 31   -79.303    15.381  3.093  19 1 4 1 2 4 8 266.259 269.638
 32   -30.652    40.063  3.073  16 1 4 1 2 4 8 358.362 361.742
 33    18.927    21.637  3.064  21 1 4 1 2 4 8 155.837 159.515
 34    45.087   -59.906  3.233  17 1 4 1 2 4 8 512.060 515.644
 35   -34.949    -3.815  3.130  19 1 4 1 2 4 8 552.449 555.857
 36    81.201   -74.744  2.852   6 1 4 1 2 4 8 240.935 244.413
 37    15.594   -28.455  2.828  10 1 4 1 2 4 8 751.483 754.878
 38   -72.192    29.547  2.821  22 1 4 1 2 4 8 152.791 156.186
 39   -42.914   -22.675  3.051  17 1 4 1 2 4 8 181.285 184.817
 40   -76.392   -57.489  3.271  16 1 4 1 2 4 8 544.110 547.614
 41   -28.540    12.073  3.332   5 1 4 1 2 4 8 86.979 90.596
 42   -61.389    26.526  3.106   1 1 4 1 2 4 8 260.891 264.313
 43    -8.472    12.616  3.298  21 1 4 1 2 4 8 812.948 816.692
 44   -61.475    33.392  3.091 -20 1 4 1 2 4 8 498.505 501.979
 45   -34.674   -27.588  3.219   6 1 4 1 2 4 8 734.777 738.215
 46    10.315   -12.518  3.349   1 1 4 1 2 4 8 524.285 527.993
 47   -83.014    77.002  3.101  11 1 4 1 2 4 8 495.182 498.653
 48   -40.417    49.988  3.134 -22 1 4 1 2 4 8 164.229 167.860
 49    83.832    33.905  3.046  25 1 4 1 2 4 8 628.512 632.209
 50   -20.563   -75.830  2.955  18 1 4 1 2 4 8 444.092 447.826
 51    15.442   -18.719  2.820   9 1 4 1 2 4 8 509.599 513.168
 52   -59.937   -65.802  3.064  23 1 4 1 2 4 8 517.875 521.500
 53     5.151    47.815  3.352  17 1 4 1 2 4 8 763.739 767.149
 54    46.008    14.990  3.065   4 1 4 1 2 4 8 556.368 560.009
 55    82.977    -1.660  3.344  -1 1 4 1 2 4 8 172.430 175.877
 56    39.893   -38.916  2.919 -14 1 4 1 2 4 8 235.621 239.260
 57    90.839   -83.539  3.225  11 1 4 1 2 4 8 597.528 601.247
 58     7.068     0.067  3.259   7 1 4 1 2 4 8 722.027 725.600
 59    18.958    40.088  2.866 -21 1 4 1 2 4 8 798.651 802.202
 60   -80.487    58.209  2.814   3 1 4 1 2 4 8 594.657 598.364
 61    64.459   -62.946  3.299  18 1 4 1 2 4 8 451.791 455.181
 62   -43.616   -26.117  3.019   5 1 4 1 2 4 8 324.635 328.212
 63   -18.408    10.303  2.818   6 1 4 1 2 4 8 660.047 663.691
 64   -43.921    63.251  2.932  22 1 4 1 2 4 8 690.801 694.270
 65    11.353    26.221  3.154  13 1 4 1 2 4 8 577.327 580.836
 66    -6.995    38.239  3.042  17 1 4 1 2 4 8 833.569 837.176
 67    74.084   -34.216  3.004   5 1 4 1 2 4 8 346.915 350.565
 68    14.301    -0.800  3.343   7 1 4 1 2 4 8 746.489 750.043
 69   -94.141   -48.779  3.356   1 1 4 1 2 4 8 604.701 608.333
 70    15.332   -42.169  3.281   3 1 4 1 2 4 8 535.155 538.667
 71   -46.637   -16.461  2.984  10 1 4 1 2 4 8 507.032 510.541
 72    -0.958   -81.000  3.156  -5 1 4 1 2 4 8 683.243 686.707
 73   -37.445   -42.505  3.173   1 1 4 1 2 4 8 482.658 486.355
 74    -3.680   -69.073  3.041  17 1 4 1 2 4 8 715.381 718.827
 75    34.894   -20.898  3.312  14 1 4 1 2 4 8 364.255 367.980
 76    45.544    51.410  3.144   4 1 4 1 2 4 8 449.547 453.098
 77   -31.927    88.239  3.030 -10 1 4 1 2 4 8 209.165 212.594
 78   -13.580   -26.959  2.994 -25 1 4 1 2 4 8 629.134 632.562
 79    12.653   -48.340  3.037  11 1 4 1 2 4 8 327.267 330.976
 80   -46.179   -38.269  3.299 -16 1 4 1 2 4 8 570.648 574.233
 81   -29.620    35.083  2.958  25 1 4 1 2 4 8 419.457 423.007
 82    13.696    43.988  3.305  20 1 4 1 2 4 8 308.802 312.527
 83    38.342   -46.338  3.206   3 1 4 1 2 4 8 218.338 221.958
 84   -26.227    24.506  3.073   7 1 4 1 2 4 8 140.462 144.002
 85    90.009   -43.640  3.120   2 1 4 1 2 4 8 384.370 387.966
 86    -6.995    22.522  3.217   6 1 4 1 2 4 8 372.529 376.114
 87   -29.993   -28.851  2.939  14 1 4 1 2 4 8 227.721 231.314
 88   -56.268   -64.740  3.255  14 1 4 1 2 4 8 217.378 220.957
 89   -87.415    90.796  3.303   2 1 4 1 2 4 8 266.136 269.546
 90    -5.762    54.034  3.082  15 1 4 1 2 4 8 586.849 590.230
 91   -34.845   -27.185  3.041 -22 1 4 1 2 4 8 388.632 392.303
 92   -16.479    16.180  3.246   4 1 4 1 2 4 8 460.268 463.883
 93    23.712    29.492  2.992  22 1 4 1 2 4 8 589.463 592.857
 94   -40.991    46.594  3.211 -19 1 4 1 2 4 8 623.408 627.027
 95   -53.516   -21.619  3.028   5 1 4 1 2 4 8 139.413 143.103
 96   -17.560    37.494  3.085  10 1 4 1 2 4 8 206.433 209.935
 97   -37.311    56.836  3.006  -4 1 4 1 2 4 8 158.567 161.968
 98    71.515    22.510  2.971   7 1 4 1 2 4 8 511.935 515.436
 99   -41.864    27.710  2.842 -11 1 4 1 2 4 8 177.159 180.794
100    14.819   -82.117  3.064  14 1 4 1 2 4 8 322.324 325.951
101    30.316   -55.322  3.149   2 1 4 1 2 4 8 604.041 607.564
102   -39.172    47.998  3.309  12 1 4 1 2 4 8 791.464 795.134
103   -94.415    15.192  3.169  12 1 4 1 2 4 8 291.453 294.850
104    -7.806    11.273  3.180  24 1 4 1 2 4 8 133.735 137.275
105    28.571   -49.908  3.351  -8 1 4 1 2 4 8 562.479 566.112
106   -20.654    24.554  3.193   4 1 4 1 2 4 8 703.217 706.607
107   -30.963   -18.903  3.156  25 1 4 1 2 4 8 526.951 530.397
108     1.721   -20.447  3.247   6 1 4 1 2 4 8 698.654 702.387
109   -31.012   -21.106  3.025  -9 1 4 1 2 4 8 270.768 274.441
110   -85.718   -28.015  3.011  23 1 4 1 2 4 8 324.488 328.036
111    58.826   -63.043  3.289  15 1 4 1 2 4 8 246.364 249.985
112   -15.753   -52.686  3.336   7 1 4 1 2 4 8 436.089 439.721
113   -71.661    51.184  3.373   6 1 4 1 2 4 8 710.642 714.107
114   -92.633    -6.598  3.094   5 1 4 1 2 4 8 139.099 142.736
115    33.508   -49.255  2.959  12 1 4 1 2 4 8 677.383 680.824
116    59.314    54.095  2.938   3 1 4 1 2 4 8 629.896 633.310
117    30.737   -28.436  2.845  22 1 4 1 2 4 8 671.403 674.789
118   -55.896    18.457  2.911  18 1 4 1 2 4 8 462.013 465.623
119   -89.960   -39.532  2.970  16 1 4 1 2 4 8 132.588 136.120
120    36.438    20.819  3.118   5 1 4 1 2 4 8 497.350 500.787
121   -53.674   -56.427  3.010   1 1 4 1 2 4 8 640.875 644.409
122   -31.866    32.538  2.871   8 1 4 1 2 4 8 291.746 295.224
123     5.658    12.756  3.345  20 1 4 1 2 4 8 560.068 563.639
124   -52.905    42.804  3.283  17 1 4 1 2 4 8 423.161 426.771
125    47.131   -45.465  3.031  11 1 4 1 2 4 8 798.405 802.143
126    30.792     9.869  3.248   8 1 4 1 2 4 8 698.084 701.523
127   -45.209   -56.293  3.230  15 1 4 1 2 4 8 635.803 639.488
128    10.919    13.306  3.018  16 1 4 1 2 4 8 737.172 740.641
129   -32.990   -34.003  2.841   6 1 4 1 2 4 8 430.239 433.748
130   -40.869    30.579  3.246  24 1 4 1 2 4 8 727.652 731.087
131   -69.348    80.408  3.205  10 1 4 1 2 4 8 268.772 272.220
132   -58.966   -29.541  2.899   4 1 4 1 2 4 8 788.192 791.658
133   -36.847   -33.710  3.320  10 1 4 1 2 4 8 491.215 494.665
134   -21.820    65.369  2.843 -17 1 4 1 2 4 8 473.726 477.427
135    22.980   -41.010  3.237  -5 1 4 1 2 4 8 282.001 285.601
136   -77.557    59.814  3.130  14 1 4 1 2 4 8 649.994 653.492
137   -47.205    67.725  2.876  16 1 4 1 2 4 8 748.633 752.161
138   -21.606    35.168  3.290  11 1 4 1 2 4 8 760.257 763.969
139   -55.676   -31.384  3.205  25 1 4 1 2 4 8 526.308 529.926
140   -85.229    88.788  3.251  -4 1 4 1 2 4 8 285.205 288.935
141    -3.918   -63.525  3.232  12 1 4 1 2 4 8 276.638 280.234
142   -58.557    59.375  3.166 -19 1 4 1 2 4 8 626.236 629.926
143   -24.542    14.935  3.249  -6 1 4 1 2 4 8 164.261 167.890
144   -48.779    16.968  3.357  23 1 4 1 2 4 8 686.626 690.099
145   -40.082   -24.780 0.000   0 0 0 0.000 937.440
146    24.292   -27.704 0.000   0 0 0 0.000 937.440
147   -45.877    41.092 0.000   0 0 0 0.000 937.440
148   -11.896    15.875 0.000   0 0 0 0.000 937.440
