6 4 192 4
0 185
0 185
0 185
0 185
  1   -44.629   -55.640  3.194  11 1 4 1 2 4 8 417.658 421.319
  2    36.096    64.935  2.978  11 1 4 1 2 4 8 192.742 196.436
  3   -25.470    44.580  2.983  23 1 4 1 2 4 8 736.769 740.606
  4   -33.954   -73.059  3.212  16 1 4 1 2 4 8 268.481 272.232
  5    45.654    35.730  3.344  16 1 4 1 2 4 8 750.322 753.848
  6    14.954   -36.719  3.161   2 1 4 1 2 4 8 185.014 188.813
  7    -1.477    47.205  3.204   1 1 4 1 2 4 8 532.693 536.173
  8     2.155   -40.912  3.110  25 1 4 1 2 4 8 515.103 518.666
  9    22.992     1.398  2.961  24 1 4 1 2 4 8 384.682 388.401
 10   -28.857     5.957  3.154  14 1 4 1 2 4 8 703.055 706.791
 11   -48.120    94.116  3.328   6 1 4 1 2 4 8 713.951 717.633
 12     7.239    17.322  3.188  20 1 4 1 2 4 8 212.051 215.523
 13     4.614    27.051  3.206  10 1 4 1 2 4 8 384.874 388.528
 14   -13.971    28.198  3.441 -11 1 4 1 2 4 8 611.279 614.954
 15    12.946   -11.688  3.333  -2 1 4 1 2 4 8 341.904 345.669
 16   -36.670    23.102  3.095 -22 1 4 1 2 4 8 594.485 598.323
 17    -4.224   -49.310  3.028   2 1 4 1 2 4 8 257.228 260.790
 18     1.093    -7.135  3.234 -12 1 4 1 2 4 8 142.696 146.277
 19   -56.958    27.905  2.998   9 1 4 1 2 4 8 747.415 750.928
 20   -80.994   -77.686  3.260 -21 1 4 1 2 4 8 701.201 704.795
 21    72.260    59.027  3.188  10 1 4 1 2 4 8 740.099 743.739
 22   -21.655     1.636  3.016 -13 1 4 1 2 4 8 317.728 321.535
 23   -20.154   -62.415  3.096  25 1 4 1 2 4 8 426.668 430.481
 24   -48.157     6.287  3.173   9 1 4 1 2 4 8 117.066 120.562
 25    -5.078    61.597  3.447 -19 1 4 1 2 4 8 783.200 786.832
 26    17.145   -47.046  2.903 -22 1 4 1 2 4 8 766.518 770.100
 27   -16.064     8.557  3.290   4 1 4 1 2 4 8 58.736 62.341
 28     6.683   -27.069  3.142   4 1 4 1 2 4 8 326.944 330.669
 29    15.027   -34.979  3.451   7 1 4 1 2 4 8 160.091 163.885
 30    37.946    73.914  3.190  20 1 4 1 2 4 8 365.474 369.004
 31   -41.199   -43.018  3.125 -17 1 4 1 2 4 8 340.227 344.008
 32    32.538    11.786  3.016  19 1 4 1 2 4 8 381.196 384.922
 33   -20.306   -20.239  3.169  12 1 4 1 2 4 8 109.388 113.226
 34   -35.480    19.135  3.222   2 1 4 1 2 4 8 731.533 735.163
 35    58.038    56.659  3.375  13 1 4 1 2 4 8 506.413 509.924
 36   -36.694    -6.256  3.239  24 1 4 1 2 4 8 888.388 892.118
 37     0.446   -46.735  3.430  22 1 4 1 2 4 8 563.907 567.572
 38   -19.690    38.977  3.294  17 1 4 1 2 4 8 482.173 485.949
 39   -47.339    20.911  3.001  19 1 4 1 2 4 8 606.229 609.746
 40   -79.236   -57.678  3.430   4 1 4 1 2 4 8 195.896 199.719
 41     5.597   -34.076  3.125 -12 1 4 1 2 4 8 794.863 798.494
 42    34.454    -8.289  2.949  22 1 4 1 2 4 8 347.458 351.045
 43    18.500   -51.154  3.121  -2 1 4 1 2 4 8 322.686 326.471
 44    -4.346   -44.525  3.052  19 1 4 1 2 4 8 343.138 346.965
 45   -14.148   -74.164  2.982  -3 1 4 1 2 4 8 738.591 742.375
 46    19.867    77.515  2.971   5 1 4 1 2 4 8 261.404 265.114
 47   -50.079    17.871  2.933  22 1 4 1 2 4 8 509.074 512.553
 48    42.786   -79.883  3.348   6 1 4 1 2 4 8 405.652 409.144
 49     1.520   -29.034  3.278   9 1 4 1 2 4 8 107.731 111.556
 50    14.728    -3.436  3.421   8 1 4 1 2 4 8 148.374 152.021
 51   -26.166   -48.999  3.276  24 1 4 1 2 4 8 380.307 383.805
 52   -63.873    -5.273  3.050  15 1 4 1 2 4 8 225.140 228.652
 53   -54.138     7.086  2.905  16 1 4 1 2 4 8 755.188 758.806
 54    17.932   -34.094  3.066   9 1 4 1 2 4 8 684.318 687.791
 55   -98.706    34.552  3.050   1 1 4 1 2 4 8 221.244 224.834
 56    28.802    -8.582  3.054  18 1 4 1 2 4 8 155.812 159.357
 57     2.716    90.594  2.979  17 1 4 1 2 4 8 158.941 162.681
 58   -31.024    48.938  3.353  18 1 4 1 2 4 8 135.099 138.723
 59   -46.545    42.316  2.911   2 1 4 1 2 4 8 348.926 352.450
 60    27.289    58.179  2.928  25 1 4 1 2 4 8 174.960 178.553
 61    28.815   -28.027  3.279  21 1 4 1 2 4 8 724.687 728.330
 62   -26.099    11.328  3.421 -19 1 4 1 2 4 8 536.738 540.528
 63     0.537   -26.221  2.898 -10 1 4 1 2 4 8 726.018 729.525
 64   -50.458     7.812  3.195   2 1 4 1 2 4 8 246.166 249.815
 65    30.005    19.092  2.981 -21 1 4 1 2 4 8 99.727 103.415
 66   -12.604    22.058  3.173  20 1 4 1 2 4 8 763.914 767.423
 67    22.009    -8.636  2.997 -21 1 4 1 2 4 8 86.177 89.695
 68     8.942     2.875  3.071   2 1 4 1 2 4 8 76.230 79.916
 69   -19.812     0.922  3.201   6 1 4 1 2 4 8 487.507 491.053
 70    -4.230    31.250  3.053  -2 1 4 1 2 4 8 491.056 494.892
 71    17.975    -0.409  3.288 -12 1 4 1 2 4 8 136.879 140.614
 72    -2.350    42.938  2.959  12 1 4 1 2 4 8 481.723 485.434
 73   -16.516    68.085  3.007   5 1 4 1 2 4 8 199.456 203.240
 74    -1.190    42.023  3.270   5 1 4 1 2 4 8 79.700 83.501
 75    56.635   -44.019  3.158  -8 1 4 1 2 4 8 234.219 238.070
 76    57.483    35.504  3.128  15 1 4 1 2 4 8 540.389 544.241
 77   -26.099     7.477  3.109   8 1 4 1 2 4 8 783.143 786.855
 78     7.489   -57.239  2.953   7 1 4 1 2 4 8 215.647 219.318
 79   -22.095    55.780  3.383  14 1 4 1 2 4 8 103.396 106.946
 80    19.867    38.824  3.383 -18 1 4 1 2 4 8 739.095 742.848
 81     5.310    49.219  3.130  17 1 4 1 2 4 8 364.574 368.071
 82    15.155     6.299  3.352   5 1 4 1 2 4 8 773.143 776.630
 83     5.481   -31.500  3.074   6 1 4 1 2 4 8 500.100 503.619
 84     7.959   -28.662  3.046   9 1 4 1 2 4 8 551.225 554.724
 85   -75.812     4.010  3.019  24 1 4 1 2 4 8 169.402 173.042
 86   -43.671   -61.646  3.311  13 1 4 1 2 4 8 416.434 420.034
 87    -2.576   -62.140  3.323   5 1 4 1 2 4 8 405.477 409.074
 88   -18.842   -36.884  3.334  -4 1 4 1 2 4 8 818.474 822.086
 89    20.844    21.167  3.264 -22 1 4 1 2 4 8 893.856 897.582
 90     3.137   -19.220  3.210  24 1 4 1 2 4 8 190.063 193.598
 91   -20.361    18.878  2.936  25 1 4 1 2 4 8 577.182 581.017
 92    -0.897   -54.938  3.075   9 1 4 1 2 4 8 627.768 631.606
 93   -29.553     9.277  3.041   8 1 4 1 2 4 8 767.053 770.610
 94     5.048   -35.046  2.938   8 1 4 1 2 4 8 437.230 440.928
 95    27.759    48.712  2.933 -25 1 4 1 2 4 8 363.049 366.902
 96    12.079   -42.346  3.423   7 1 4 1 2 4 8 492.527 496.285
 97   -51.270    41.144  2.911  24 1 4 1 2 4 8 756.726 760.202
 98   -29.077     4.291  2.923  16 1 4 1 2 4 8 460.644 464.430
 99   -18.555   -14.819  3.375  15 1 4 1 2 4 8 357.784 361.555
100     7.855   -49.451  3.182   7 1 4 1 2 4 8 195.404 198.931
101   -19.116   -32.086  3.429  17 1 4 1 2 4 8 757.752 761.566
102    17.651   -52.271  3.355   9 1 4 1 2 4 8 527.915 531.687
103    16.907   -62.964  3.261  14 1 4 1 2 4 8 509.666 513.413
104    18.988     6.219  3.245  20 1 4 1 2 4 8 389.646 393.404
105   -68.878   -64.539  3.380   6 1 4 1 2 4 8 395.546 399.021
106   -13.361    20.264  3.006 -17 1 4 1 2 4 8 120.387 124.153
107   -44.440    63.721  3.127  23 1 4 1 2 4 8 663.702 667.472
108    -6.500    71.436  3.050  14 1 4 1 2 4 8 167.587 171.332
109   -51.978    25.409  2.904  19 1 4 1 2 4 8 373.231 377.041
110    -0.739    59.491  3.106  21 1 4 1 2 4 8 384.459 388.063
111   -64.679    83.038  3.149   6 1 4 1 2 4 8 411.818 415.494
112   -11.273   -35.944  3.074   1 1 4 1 2 4 8 385.755 389.270
113   -16.864     7.776  3.357  22 1 4 1 2 4 8 461.620 465.281
114    19.843   -49.805  3.185   7 1 4 1 2 4 8 690.057 693.881
115   -16.284    -2.936  3.462  14 1 4 1 2 4 8 646.163 649.763
116     8.356    67.041  2.973   7 1 4 1 2 4 8 713.430 717.200
117    30.878    24.316  2.945  25 1 4 1 2 4 8 208.204 211.880
118    93.524   -20.233  3.071 -17 1 4 1 2 4 8 786.168 789.910
119    -9.332   -56.177  2.938  10 1 4 1 2 4 8 481.063 484.667
120   -34.442   -63.312  3.456  23 1 4 1 2 4 8 535.216 538.903
121    20.941    -5.646  3.153  22 1 4 1 2 4 8 732.495 736.087
122    -3.418    89.594  3.433  -3 1 4 1 2 4 8 134.420 137.926
123   -18.738    45.227  3.308  14 1 4 1 2 4 8 245.342 249.160
124     2.435   -30.524  3.113  14 1 4 1 2 4 8 622.983 626.785
125   -28.864    56.616  3.086   2 1 4 1 2 4 8 488.890 492.494
126    76.880   -29.901  3.351   2 1 4 1 2 4 8 183.626 187.342
127   -90.466    10.278  3.343 -21 1 4 1 2 4 8 801.687 805.161
128   -35.101    46.545  2.915  10 1 4 1 2 4 8 191.698 195.471
129   -48.395    43.854  3.321  10 1 4 1 2 4 8 238.426 242.153
130   -40.997    26.703  3.087   5 1 4 1 2 4 8 456.554 460.068
131    13.696    34.607  2.965   9 1 4 1 2 4 8 423.533 427.241
132   -71.472    11.450  2.896 -15 1 4 1 2 4 8 119.129 122.605
133   -36.230    51.904  3.160  19 1 4 1 2 4 8 828.751 832.552
134   -39.465     4.907  3.107  -7 1 4 1 2 4 8 876.540 880.058
135   -16.565    23.773  3.343 -11 1 4 1 2 4 8 357.547 361.212
136    10.754   -28.552  3.371   2 1 4 1 2 4 8 798.016 801.771
137   -23.029    47.015  3.406  25 1 4 1 2 4 8 270.757 274.264
138    -8.807    21.216  3.011  14 1 4 1 2 4 8 406.314 409.856
139   -40.039    27.435  3.019  15 1 4 1 2 4 8 741.407 745.229
140   -37.445   -41.040  3.205 -12 1 4 1 2 4 8 725.221 728.992
141    48.224     0.085  2.956  11 1 4 1 2 4 8 791.716 795.567
142    -0.323    68.237  3.375  17 1 4 1 2 4 8 733.198 736.826
143   -14.294   -33.423  3.092   4 1 4 1 2 4 8 704.911 708.732
144    -1.440   -34.814  3.359  24 1 4 1 2 4 8 551.647 555.431
145   -34.454    42.346  3.038   8 1 4 1 2 4 8 352.188 356.018
146     8.679   -66.180  3.130 -20 1 4 1 2 4 8 817.037 820.727
147   -61.249   -51.367  3.423  12 1 4 1 2 4 8 401.731 405.502
148    -1.093     9.912  3.044  10 1 4 1 2 4 8 843.252 846.723
149   -16.565    66.547  3.266  12 1 4 1 2 4 8 739.343 742.834
150     8.435    52.838  3.223   9 1 4 1 2 4 8 215.616 219.108
151   -22.034   -36.896  2.900  16 1 4 1 2 4 8 662.299 665.902
152    15.765    17.322  3.464  23 1 4 1 2 4 8 797.475 801.007
153     9.003   -18.695  3.306  15 1 4 1 2 4 8 291.000 294.850
154    -4.584     3.491  3.196  10 1 4 1 2 4 8 192.451 196.133
155     8.875    40.662  3.137  21 1 4 1 2 4 8 281.460 285.080
156    26.093   -33.966  3.428   2 1 4 1 2 4 8 442.700 446.445
157   -32.501    39.526  2.983  16 1 4 1 2 4 8 133.144 136.947
158   -32.629   -82.581  3.461  15 1 4 1 2 4 8 804.784 808.490
159   -98.486    22.021  3.243  11 1 4 1 2 4 8 354.126 357.672
160   -59.052     4.163  3.175  11 1 4 1 2 4 8 735.191 738.730
161     7.428    -2.570  3.203  17 1 4 1 2 4 8 391.990 395.717
162   -59.601    12.469  3.444   3 1 4 1 2 4 8 300.813 304.328
163   -11.224   -31.830  3.210   9 1 4 1 2 4 8 109.732 113.420
164   -16.809   -35.040  3.012   1 1 4 1 2 4 8 237.040 240.522
165    21.863    18.140  3.236  13 1 4 1 2 4 8 221.413 224.960
166    45.038   -61.316  3.017  -1 1 4 1 2 4 8 584.087 587.599
167   -48.816    25.568  3.078  -2 1 4 1 2 4 8 241.224 244.742
168   -32.184   -16.736  2.982  22 1 4 1 2 4 8 425.840 429.546
169    12.439   -41.492  3.272  10 1 4 1 2 4 8 170.567 174.326
170   -21.082   -77.075  3.351  -4 1 4 1 2 4 8 800.781 804.562
171   -17.822   -18.518  3.037  -9 1 4 1 2 4 8 573.893 577.450
172    48.334    93.518  2.903  11 1 4 1 2 4 8 734.379 738.135
173   -18.677    49.005  2.924   3 1 4 1 2 4 8 748.699 752.289
174    12.140    30.042  3.238  19 1 4 1 2 4 8 332.682 336.255
175     3.113   -40.302  2.930  19 1 4 1 2 4 8 238.447 242.223
176    17.133    37.079  3.406   4 1 4 1 2 4 8 356.390 360.162
177    22.577     0.836  3.073  19 1 4 1 2 4 8 243.049 246.666
178   -30.426    52.942  2.899  15 1 4 1 2 4 8 124.367 128.027
179    33.765   -67.108  3.311  21 1 4 1 2 4 8 311.620 315.111
180     5.414     1.532  3.235  25 1 4 1 2 4 8 72.380 75.942
181    72.156    30.103  2.998   4 1 4 1 2 4 8 310.679 314.414
182   -24.109   -34.625  3.225   3 1 4 1 2 4 8 560.617 564.097
183    17.413    75.146  3.449   6 1 4 1 2 4 8 765.695 769.301
184    10.638   -60.052  3.444  -6 1 4 1 2 4 8 824.280 827.972
185    -5.176   -48.999  2.896 -21 1 4 1 2 4 8 192.409 196.117
186   -19.342    21.118  3.439  25 1 4 1 2 4 8 303.673 307.173
187   -46.802   -14.661  3.434  10 1 4 1 2 4 8 153.788 157.363
188   -16.779    43.439  3.144  25 1 4 1 2 4 8 504.320 508.114
189    14.093   -13.605  3.097  19 1 4 1 2 4 8 156.211 159.991
190   -21.063    26.019  3.126  19 1 4 1 2 4 8 247.328 250.815
191    39.813   -40.668  2.974  22 1 4 1 2 4 8 153.985 157.790
192    52.057    30.334  2.964   5 1 4 1 2 4 8 542.932 546.734
193    -0.140     7.266 0.000   0 0 0 0.000 964.110
194   -23.138    48.450 0.000   0 0 0 0.000 964.110
195   -26.102    16.809 0.000   0 0 0 0.000 964.110
196     0.244   -35.892 0.000   0 0 0 0.000 964.110
