6 5 240 4
0 180
0 180
0 180
0 180
  1    65.991   -49.829  2.905  10 1 4 1 2 4 8 365.522 369.195
  2   -36.938   -36.743  2.909 -25 1 4 1 2 4 8 95.223 98.802
  3    -2.734    18.774  3.272 -18 1 4 1 2 4 8 832.491 836.272
  4    31.116   -35.907  3.227  16 1 4 1 2 4 8 655.286 658.953
  5     2.789     8.008  3.105  14 1 4 1 2 4 8 454.869 458.473
  6    31.152    43.665  3.131  -7 1 4 1 2 4 8 230.729 234.328
  7   -36.304   -21.307  3.370   9 1 4 1 2 4 8 253.783 257.519
  8    52.814    35.046  3.388  16 1 4 1 2 4 8 166.928 170.379
  9    11.267    20.660  3.311  24 1 4 1 2 4 8 423.207 426.771
 10    -0.623    23.114  3.327   6 1 4 1 2 4 8 578.900 582.620
 11    43.091   -12.360  3.294  22 1 4 1 2 4 8 827.635 831.404
 12     6.854    19.073  3.058 -11 1 4 1 2 4 8 708.203 711.806
 13    -6.848    25.317  3.278  19 1 4 1 2 4 8 587.792 591.533
 14   -27.930   -23.712  2.884  20 1 4 1 2 4 8 817.744 821.253
 15    33.240   -30.487  3.385 -20 1 4 1 2 4 8 804.882 808.621
 16    63.885   -52.881  2.860  16 1 4 1 2 4 8 149.071 152.772
 17   -13.672   -43.945  2.986  -5 1 4 1 2 4 8 609.711 613.291
 18    -0.647   -27.502  3.042  21 1 4 1 2 4 8 503.147 506.728
 19    59.406   -49.261  2.977  19 1 4 1 2 4 8 127.928 131.641
 20    27.167    -5.713  3.099  18 1 4 1 2 4 8 760.101 763.686
 21    70.001   -20.844  3.218  22 1 4 1 2 4 8 547.937 551.719
 22    35.327   -65.167  3.358  19 1 4 1 2 4 8 729.529 732.963
 23   -14.386   -42.236  3.317  15 1 4 1 2 4 8 841.163 844.807
 24    19.366    30.273  3.296 -24 1 4 1 2 4 8 740.955 744.701
 25   -39.789    10.101  3.211  20 1 4 1 2 4 8 805.449 808.985
 26   -15.753   -40.204  3.377  17 1 4 1 2 4 8 879.978 883.604
 27   -28.418   -40.503  3.092 -20 1 4 1 2 4 8 619.523 623.143
 28    27.081     9.735  2.989  12 1 4 1 2 4 8 519.504 523.190
 29    22.205    -9.216  2.944  23 1 4 1 2 4 8 266.885 270.504
 30    -0.830    -6.525  3.013  15 1 4 1 2 4 8 719.824 723.395
 31    10.217    75.531  3.228 -19 1 4 1 2 4 8 107.341 111.139
 32     7.446    18.500  2.929 -23 1 4 1 2 4 8 385.325 389.092
 33    48.914   -20.294  3.294  -9 1 4 1 2 4 8 758.171 761.824
 34   -18.958   -29.675  3.094  21 1 4 1 2 4 8 255.360 258.794
 35    16.815    -6.659  3.389 -17 1 4 1 2 4 8 389.425 392.954
 36     2.509   -30.420  3.137   6 1 4 1 2 4 8 510.445 514.152
 37    15.424     4.913  3.224  10 1 4 1 2 4 8 562.947 566.635
 38    60.315    89.801  3.039  -9 1 4 1 2 4 8 427.054 430.488
 39    40.405   -45.367  3.076 -19 1 4 1 2 4 8 845.221 848.719
 40   -26.837   -54.272  3.426 -17 1 4 1 2 4 8 509.763 513.200
 41    69.171    72.577  3.163  22 1 4 1 2 4 8 232.369 235.887
 42   -22.815    46.173  3.254   8 1 4 1 2 4 8 499.709 503.431
 43   -14.258   -30.249  3.396  25 1 4 1 2 4 8 318.402 322.106
 44    76.050    12.073  3.070  13 1 4 1 2 4 8 609.188 612.895
 45    63.043    60.022  3.233   1 1 4 1 2 4 8 168.582 172.134
 46   -20.239   -81.970  2.983  15 1 4 1 2 4 8 673.610 677.407
 47   -41.168   -42.023  3.284  16 1 4 1 2 4 8 861.505 864.988
 48    79.199   -29.016  3.126  20 1 4 1 2 4 8 842.364 845.832
 49   -20.728    -7.068  2.896  14 1 4 1 2 4 8 706.095 709.833
 50    -4.163   -53.497  3.235   2 1 4 1 2 4 8 430.747 434.418
 51    39.594   -40.460  3.008   5 1 4 1 2 4 8 772.174 775.907
 52   -47.125   -77.850  3.391  16 1 4 1 2 4 8 454.908 458.371
 53    -1.233    49.182  3.051  12 1 4 1 2 4 8 827.670 831.397
 54    -0.372   -27.264  2.873   1 1 4 1 2 4 8 368.716 372.260
 55    31.537    -8.722  3.079  15 1 4 1 2 4 8 214.250 217.793
 56    -0.134   -20.264  3.056   5 1 4 1 2 4 8 587.127 590.854
 57    66.394   -26.691  3.032  -9 1 4 1 2 4 8 497.306 500.814
 58     6.104   -64.093  2.986   8 1 4 1 2 4 8 650.372 653.984
 59    13.544   -20.874  3.015   2 1 4 1 2 4 8 662.141 665.833
 60    54.211    -6.537  3.345 -10 1 4 1 2 4 8 127.913 131.598
 61    22.046   -34.137  3.177  25 1 4 1 2 4 8 463.190 466.776
 62    -9.723     4.706  3.108  24 1 4 1 2 4 8 665.972 669.460
 63   -11.584   -46.857  2.944   7 1 4 1 2 4 8 649.523 653.231
 64    -2.905    -0.305  3.191  14 1 4 1 2 4 8 871.693 875.280
 65    13.837   -44.452  3.167  -3 1 4 1 2 4 8 774.825 778.430
 66    17.480    27.747  2.963  23 1 4 1 2 4 8 544.200 547.839
 67     2.972   -43.689  3.210 -21 1 4 1 2 4 8 307.686 311.269
 68   -44.354   -38.202  2.962 -13 1 4 1 2 4 8 712.031 715.502
 69   -59.399     1.514  3.258  15 1 4 1 2 4 8 232.804 236.361
 70   -13.452   -75.531  3.195  14 1 4 1 2 4 8 420.878 424.653
 71    -5.518   -51.947  3.201   7 1 4 1 2 4 8 852.710 856.452
 72    -9.589   -26.880  3.061  20 1 4 1 2 4 8 614.045 617.537
 73    19.318    29.498  3.314  -6 1 4 1 2 4 8 554.976 558.696
 74    26.245    36.743  2.875  24 1 4 1 2 4 8 506.368 510.027
 75    43.707   -28.033  3.100 -17 1 4 1 2 4 8 750.654 754.212
 76   -52.026   -35.339  3.035   3 1 4 1 2 4 8 717.885 721.488
 77    -8.435    -0.116  3.349  15 1 4 1 2 4 8 125.194 128.730
 78    89.111    62.122  3.323   6 1 4 1 2 4 8 519.782 523.476
 79     6.067   -16.132  2.994  21 1 4 1 2 4 8 305.993 309.673
 80    27.094    -5.103  3.226  25 1 4 1 2 4 8 503.932 507.631
 81    27.527   -15.344  3.147  18 1 4 1 2 4 8 225.055 228.772
 82    42.511    32.056  3.084   1 1 4 1 2 4 8 604.115 607.697
 83    25.311    12.689  2.866  19 1 4 1 2 4 8 376.543 380.053
 84    47.778   -12.769  3.199  17 1 4 1 2 4 8 74.027 77.736
 85    -3.143   -13.837  3.103  20 1 4 1 2 4 8 235.085 238.792
 86    12.482   -78.101  3.363  -1 1 4 1 2 4 8 231.161 234.762
 87   -21.039    -3.430  3.300  13 1 4 1 2 4 8 807.631 811.109
 88    -3.149   -55.432  3.229  25 1 4 1 2 4 8 84.493 88.091
 89    53.009    84.900  3.322  16 1 4 1 2 4 8 447.125 450.841
 90    35.638   -47.552  3.314   5 1 4 1 2 4 8 873.714 877.286
 91    43.427   -18.439  3.389  18 1 4 1 2 4 8 328.938 332.439
 92     6.598   -54.578  2.875 -17 1 4 1 2 4 8 270.302 274.006
 93    87.952    94.012  2.995  15 1 4 1 2 4 8 473.939 477.448
 94    39.105   -48.743  3.412  13 1 4 1 2 4 8 761.734 765.372
 95   -48.340   -26.477  3.226  15 1 4 1 2 4 8 785.451 788.899
 96    72.003    -9.253  3.158   2 1 4 1 2 4 8 474.049 477.715
 97   -37.732     3.351  3.215   1 1 4 1 2 4 8 726.033 729.813
 98   -65.967   -36.749  3.004   9 1 4 1 2 4 8 567.196 571.002
 99   -16.669   -35.284  3.390  16 1 4 1 2 4 8 430.539 434.088
100    10.742    -4.669  3.187   6 1 4 1 2 4 8 562.420 566.072
101    15.594    -5.817  3.316  18 1 4 1 2 4 8 230.769 234.429
102    21.606   -18.109  3.408  24 1 4 1 2 4 8 526.330 530.080
103     9.784    49.280  3.110  24 1 4 1 2 4 8 191.352 194.951
104    94.147    -4.492  3.125  -9 1 4 1 2 4 8 345.095 348.758
105    10.382   -16.302  3.406  19 1 4 1 2 4 8 783.073 786.527
106    -1.453    -0.861  3.411 -12 1 4 1 2 4 8 284.440 288.146
107    -6.219    25.305  3.131  22 1 4 1 2 4 8 607.101 610.879
108    -6.250    10.217  3.368 -13 1 4 1 2 4 8 788.118 791.759
109   -17.444   -70.795  3.354 -20 1 4 1 2 4 8 620.650 624.297
110   -55.090   -43.854  3.166  25 1 4 1 2 4 8 576.154 579.648
111    -9.442    23.724  2.920  -1 1 4 1 2 4 8 627.128 630.799
112     8.978    35.406  3.119  24 1 4 1 2 4 8 706.533 710.326
113   -16.754    -0.812  3.218  10 1 4 1 2 4 8 332.382 336.040
114    66.852   -37.842  3.210  22 1 4 1 2 4 8 98.546 102.234
115    14.716   -23.724  3.372 -14 1 4 1 2 4 8 659.063 662.588
116    33.472    20.026  3.220  12 1 4 1 2 4 8 229.922 233.404
117    66.394   -70.111  2.994  23 1 4 1 2 4 8 539.460 543.133
118    -5.664     8.881  3.203  14 1 4 1 2 4 8 278.130 281.558
119    -5.103   -46.729  3.054  23 1 4 1 2 4 8 321.101 324.892
120    -8.826    55.743  3.131  25 1 4 1 2 4 8 764.063 767.526
121     5.847    -3.186  3.326   5 1 4 1 2 4 8 162.352 165.861
122   -25.726   -37.695  2.863   7 1 4 1 2 4 8 137.948 141.656
123   -15.363   -24.548  3.029  25 1 4 1 2 4 8 800.259 803.721
124    43.793   -11.102  3.256  11 1 4 1 2 4 8 712.693 716.484
125    17.664   -25.604  3.217 -18 1 4 1 2 4 8 197.415 201.193
126   -39.624    54.883  3.020 -18 1 4 1 2 4 8 769.588 773.252
127   -24.554   -43.225  2.981   1 1 4 1 2 4 8 679.687 683.222
128   -26.892   -12.738  3.173   7 1 4 1 2 4 8 366.939 370.546
129    34.155   -38.458  3.048  22 1 4 1 2 4 8 588.806 592.423
130   -47.314   -29.468  3.202   7 1 4 1 2 4 8 526.430 530.112
131    49.365   -25.592  3.259   3 1 4 1 2 4 8 540.681 544.354
132     3.705   -16.449  3.242  18 1 4 1 2 4 8 136.330 139.846
133    22.430   -23.273  3.086   8 1 4 1 2 4 8 172.480 176.120
134   -37.549   -29.608  3.240   6 1 4 1 2 4 8 682.275 685.912
135    25.549     3.674  2.992   7 1 4 1 2 4 8 550.631 554.132
136   -15.216     3.284  2.884 -20 1 4 1 2 4 8 355.139 358.598
137   -12.939    -7.495  3.034  10 1 4 1 2 4 8 60.661 64.266
138   -22.107    26.434  2.881  -2 1 4 1 2 4 8 596.056 599.580
139   -17.944     7.733  2.912   3 1 4 1 2 4 8 861.585 865.255
140   -21.234    14.490  2.973  10 1 4 1 2 4 8 808.682 812.131
141     3.503   -19.708  3.108   5 1 4 1 2 4 8 106.873 110.320
142    32.599   -14.935  2.994  25 1 4 1 2 4 8 881.050 884.767
143    -5.737   -28.296  3.062  23 1 4 1 2 4 8 218.885 222.670
144    -6.128   -39.624  3.172  21 1 4 1 2 4 8 384.787 388.289
145    -2.460    12.817  3.005  13 1 4 1 2 4 8 653.647 657.433
146    -6.470     8.466  2.859   1 1 4 1 2 4 8 681.392 684.856
147   -37.891   -36.115  3.151  11 1 4 1 2 4 8 106.846 110.339
148    10.852   -18.750  3.150   6 1 4 1 2 4 8 348.411 351.843
149    50.104     8.636  3.054   9 1 4 1 2 4 8 418.830 422.563
150    46.844     4.712  3.293  17 1 4 1 2 4 8 359.517 363.054
151    19.598   -10.406  3.227 -13 1 4 1 2 4 8 215.576 219.113
152   -38.947    52.942  3.096  23 1 4 1 2 4 8 131.831 135.621
153    -0.641   -21.289  3.071  19 1 4 1 2 4 8 39.289 43.004
154    40.906   -33.765  2.911  11 1 4 1 2 4 8 806.101 809.860
155    -0.574   -62.299  3.257  12 1 4 1 2 4 8 248.874 252.642
156    -9.778    26.794  3.213  18 1 4 1 2 4 8 309.694 313.167
157    34.265   -23.895  3.311  25 1 4 1 2 4 8 276.747 280.483
158    29.572   -24.561  3.226  13 1 4 1 2 4 8 684.529 688.101
159    16.376   -58.887  3.393  24 1 4 1 2 4 8 660.311 663.782
160    61.877   -15.167  2.979  -5 1 4 1 2 4 8 235.947 239.563
161    40.088    -9.625  3.243  14 1 4 1 2 4 8 489.955 493.597
162     0.122    -4.645  3.021  18 1 4 1 2 4 8 745.179 748.615
163    -8.929   -43.903  3.307  25 1 4 1 2 4 8 65.296 68.890
164    -7.135   -57.434  2.985  11 1 4 1 2 4 8 705.843 709.309
165     7.550   -21.210  3.042  18 1 4 1 2 4 8 605.325 608.952
166     3.949     7.300  2.892  23 1 4 1 2 4 8 581.823 585.579
167   -15.118    92.023  3.030  22 1 4 1 2 4 8 796.056 799.844
168    84.821   -24.518  3.039  20 1 4 1 2 4 8 690.347 693.793
169   -52.325    30.682  2.864  11 1 4 1 2 4 8 514.556 518.003
170     7.538    13.818  3.288  11 1 4 1 2 4 8 215.637 219.310
171   -21.484    30.359  3.159  19 1 4 1 2 4 8 795.700 799.444
172    36.047    29.883  3.070  13 1 4 1 2 4 8 236.191 239.950
173    12.781   -40.942  3.239  24 1 4 1 2 4 8 452.353 456.053
174   -17.291   -10.254  3.065   6 1 4 1 2 4 8 310.457 314.179
175   -10.541    12.402  3.000   5 1 4 1 2 4 8 127.032 130.730
176   -15.845   -59.460  3.384  24 1 4 1 2 4 8 386.846 390.623
177    29.266    -2.222  2.971   7 1 4 1 2 4 8 562.392 566.190
178   -12.598   -58.929  3.163  13 1 4 1 2 4 8 74.389 77.869
179   -17.303   -35.297  3.149  25 1 4 1 2 4 8 128.230 131.659
180    57.050   -50.354  2.962  15 1 4 1 2 4 8 373.176 376.881
181    26.941    17.444  3.002  15 1 4 1 2 4 8 237.695 241.398
182    -6.195    -8.881  3.143  16 1 4 1 2 4 8 440.891 444.507
183    16.980   -16.321  3.104   5 1 4 1 2 4 8 98.536 101.962
184    83.710   -32.520  3.314  15 1 4 1 2 4 8 344.747 348.277
185    12.451    34.589  3.206  24 1 4 1 2 4 8 537.633 541.186
186    15.057    67.004  2.901  15 1 4 1 2 4 8 222.376 226.133
187    25.818    -5.835  3.270   9 1 4 1 2 4 8 719.173 722.900
188    13.666   -14.832  3.204  19 1 4 1 2 4 8 223.901 227.643
189    48.322    -5.164  3.330  15 1 4 1 2 4 8 751.384 755.116
190    13.489    19.739  3.228   2 1 4 1 2 4 8 544.859 548.472
191   -18.512    65.405  3.266   3 1 4 1 2 4 8 686.530 690.118
192    17.554    38.379  3.103  18 1 4 1 2 4 8 238.517 242.270
193    37.775   -16.003  3.013  20 1 4 1 2 4 8 290.324 294.046
194    47.968   -30.310  2.935 -14 1 4 1 2 4 8 557.758 561.548
195    38.806    36.243  2.950  10 1 4 1 2 4 8 494.883 498.369
196   -16.089   -42.841  3.142  -6 1 4 1 2 4 8 64.318 67.802
197    28.656    -1.990  2.910  17 1 4 1 2 4 8 168.155 171.856
198    -5.859    -1.862  3.324 -20 1 4 1 2 4 8 482.121 485.852
199    60.516    63.416  3.108  -3 1 4 1 2 4 8 747.478 751.142
200    63.196   -47.766  3.389  14 1 4 1 2 4 8 507.750 511.189
201   -15.308   -23.285  3.023  12 1 4 1 2 4 8 540.028 543.513
202    -2.875     0.787  3.065   2 1 4 1 2 4 8 744.185 747.943
203    32.056   -10.175  3.012  11 1 4 1 2 4 8 420.190 423.819
204   -18.634   -25.665  3.089  16 1 4 1 2 4 8 733.322 736.815
205    -3.632    25.433  3.124 -18 1 4 1 2 4 8 177.800 181.286
206    10.480    22.888  2.941  14 1 4 1 2 4 8 559.509 563.152
207     1.819    -3.009  3.271  -6 1 4 1 2 4 8 623.060 626.800
208   -25.275   -12.183  3.348 -12 1 4 1 2 4 8 753.685 757.273
209    56.927   -75.507  3.129  21 1 4 1 2 4 8 500.002 503.602
210    13.885   -36.230  3.193   1 1 4 1 2 4 8 115.549 119.254
211    32.520   -29.523  2.927  18 1 4 1 2 4 8 510.554 514.003
212     4.803    -7.288  2.876  17 1 4 1 2 4 8 837.782 841.369
213    11.365    -8.344  3.299  15 1 4 1 2 4 8 60.534 63.962
214    17.126   -24.646  2.968   4 1 4 1 2 4 8 398.440 402.180
215   -33.661   -41.241  3.127  18 1 4 1 2 4 8 426.055 429.523
216   -32.391   -50.885  3.351  22 1 4 1 2 4 8 296.952 300.551
217    23.041   -14.496  3.014  16 1 4 1 2 4 8 619.732 623.314
218   -21.857   -39.502  3.407  14 1 4 1 2 4 8 454.551 458.335
219    32.013    77.332  3.228  25 1 4 1 2 4 8 543.991 547.453
220    13.831   -76.190  3.001  15 1 4 1 2 4 8 97.706 101.204
221    -8.051   -21.179  3.179  -6 1 4 1 2 4 8 516.817 520.576
222    25.391    46.613  2.955   7 1 4 1 2 4 8 673.893 677.421
223    49.536   -54.639  3.270  21 1 4 1 2 4 8 116.769 120.207
224    63.416    -8.636  3.200   3 1 4 1 2 4 8 283.372 286.900
225     2.301    -5.536  3.019  15 1 4 1 2 4 8 403.478 407.212
226    52.423    29.895  2.908  24 1 4 1 2 4 8 355.808 359.392
227     9.296   -16.254  3.198   2 1 4 1 2 4 8 620.995 624.706
228    34.845   -96.185  3.306  17 1 4 1 2 4 8 557.553 561.043
229   -21.063   -41.498  3.390   2 1 4 1 2 4 8 802.260 805.694
230    28.448    10.242  2.905  25 1 4 1 2 4 8 390.307 393.755
231    16.254   -22.583  3.097  15 1 4 1 2 4 8 550.795 554.567
232   -36.639   -34.033  3.137   3 1 4 1 2 4 8 129.203 132.738
233   -27.356   -50.177  3.276   1 1 4 1 2 4 8 845.862 849.353
234   -53.705    11.334  3.381  -1 1 4 1 2 4 8 723.223 726.915
235    26.276    -5.994  2.950 -20 1 4 1 2 4 8 751.116 754.797
236   -31.519    34.589  3.081  19 1 4 1 2 4 8 138.571 142.002
237   -14.612   -31.506  3.378   2 1 4 1 2 4 8 411.812 415.389
238    -4.242   -30.865  3.067  -9 1 4 1 2 4 8 428.955 432.667
239   -18.524   -29.486  3.380   4 1 4 1 2 4 8 211.317 214.753
240   -17.133   -19.397  3.007 -16 1 4 1 2 4 8 513.716 517.486
241    34.430   -17.151 0.000   0 0 0 0.000 951.660
242     0.269    -8.154 0.000   0 0 0 0.000 951.660
243     3.140    13.297 0.000   0 0 0 0.000 951.660
244    -3.113   -29.745 0.000   0 0 0 0.000 951.660
