6 6 288 4
0 175
0 175
0 175
0 175
  1   -66.174   -37.811  3.407  19 1 4 1 2 4 8 223.556 227.264
  2     2.673   -35.223  2.941 -21 1 4 1 2 4 8 68.980 72.794
  3    38.751     8.618  3.360  17 1 4 1 2 4 8 473.819 477.393
  4    62.653    20.667  3.516   6 1 4 1 2 4 8 213.101 216.709
  5    60.974    -6.110  3.014   6 1 4 1 2 4 8 425.672 429.328
  6   -98.535   -39.532  3.410  19 1 4 1 2 4 8 533.917 537.563
  7     8.411   -81.274  3.421  17 1 4 1 2 4 8 374.588 378.302
  8   -14.569    26.056  3.364  19 1 4 1 2 4 8 770.429 774.084
  9   -34.186   -76.697  3.034   2 1 4 1 2 4 8 180.125 183.714
 10    55.145   -33.911  3.127  -3 1 4 1 2 4 8 538.774 542.656
 11    15.869     8.716  3.216  24 1 4 1 2 4 8 479.964 483.616
 12   -63.416   -20.282  3.416   5 1 4 1 2 4 8 704.174 707.745
 13    -9.357   -42.212  3.383   9 1 4 1 2 4 8 113.397 117.261
 14   -53.619     3.729  3.317 -20 1 4 1 2 4 8 425.229 428.797
 15    53.491    -3.308  3.297  19 1 4 1 2 4 8 557.788 561.699
 16   -22.614   -32.794  3.287  20 1 4 1 2 4 8 123.186 126.860
 17    39.612    -1.550  3.395   4 1 4 1 2 4 8 579.441 583.097
 18    16.705   -22.748  3.412   3 1 4 1 2 4 8 258.895 262.722
 19   -51.245   -13.757  3.469  -2 1 4 1 2 4 8 582.765 586.604
 20   -29.907    14.380  3.433  23 1 4 1 2 4 8 178.787 182.686
 21   -70.441   -27.911  3.091  -6 1 4 1 2 4 8 386.195 390.100
 22   -75.385   -30.811  3.073  17 1 4 1 2 4 8 453.907 457.526
 23    10.590   -28.931  2.973  17 1 4 1 2 4 8 473.406 476.954
 24    86.340   -45.935  3.291   3 1 4 1 2 4 8 690.121 693.871
 25     3.864    34.583  3.153  16 1 4 1 2 4 8 243.393 246.964
 26   -37.598   -42.114  3.237  15 1 4 1 2 4 8 538.469 542.356
 27    69.440     1.379  3.354  23 1 4 1 2 4 8 402.848 406.580
 28   -13.818     1.245  3.304  15 1 4 1 2 4 8 780.421 784.309
 29   -27.124   -38.037  3.126 -12 1 4 1 2 4 8 724.242 727.815
 30   -69.348   -14.734  3.174  19 1 4 1 2 4 8 605.467 609.311
 31    58.575    29.346  3.497  23 1 4 1 2 4 8 663.691 667.232
 32    58.105    31.702  3.380  10 1 4 1 2 4 8 280.522 284.055
 33   -62.250   -16.425  3.156  23 1 4 1 2 4 8 174.779 178.334
 34   -66.382    13.586  3.397  22 1 4 1 2 4 8 756.166 760.034
 35    68.030   -12.482  3.450  -4 1 4 1 2 4 8 564.088 567.822
 36   -30.701   -41.681  2.999   5 1 4 1 2 4 8 644.951 648.740
 37   -55.389   -51.050  3.109  -1 1 4 1 2 4 8 130.838 134.718
 38    36.237    -2.655  3.231  11 1 4 1 2 4 8 299.124 302.765
 39    -1.215     5.591  3.288  20 1 4 1 2 4 8 260.941 264.613
 40    10.278   -23.950  3.434  25 1 4 1 2 4 8 785.730 789.614
 41    -7.159    36.859  3.005  18 1 4 1 2 4 8 651.481 655.395
 42   -90.204    61.169  3.015   4 1 4 1 2 4 8 150.795 154.557
 43    46.368    65.082  3.318  10 1 4 1 2 4 8 728.230 731.911
 44    13.348    31.372  3.473  17 1 4 1 2 4 8 201.307 205.054
 45   -73.566   -28.839  3.444   7 1 4 1 2 4 8 228.886 232.548
 46   -41.528   -37.097  3.477   4 1 4 1 2 4 8 97.345 101.182
 47   -60.938   -27.246  3.202   3 1 4 1 2 4 8 768.661 772.299
 48    38.312    54.376  3.509 -12 1 4 1 2 4 8 184.005 187.628
 49    26.306    11.975  3.524 -13 1 4 1 2 4 8 102.023 105.585
 50    10.297   -48.346  3.293  24 1 4 1 2 4 8 481.335 484.965
 51    52.417   -28.363  3.290 -16 1 4 1 2 4 8 208.750 212.355
 52   -43.756   -39.343  3.337   2 1 4 1 2 4 8 520.101 523.661
 53    49.316    11.395  2.992  -7 1 4 1 2 4 8 264.382 268.142
 54    45.593     4.346  3.346  15 1 4 1 2 4 8 861.175 864.762
 55   -25.989   -15.814  3.251  12 1 4 1 2 4 8 781.762 785.391
 56    65.253   -59.631  2.979 -15 1 4 1 2 4 8 494.590 498.334
 57    12.109   -34.387  3.014  17 1 4 1 2 4 8 814.395 818.071
 58    12.390   -16.254  3.085  16 1 4 1 2 4 8 648.447 652.143
 59     0.525    69.611  3.363   1 1 4 1 2 4 8 292.268 295.795
 60    -8.679     7.770  3.186   9 1 4 1 2 4 8 269.253 272.947
 61    41.467   -35.016  3.281   4 1 4 1 2 4 8 588.883 592.724
 62    11.859   -34.973  3.278  -3 1 4 1 2 4 8 831.155 834.965
 63    -1.306   -58.063  3.127   1 1 4 1 2 4 8 488.584 492.131
 64     6.024   -31.018  3.507   4 1 4 1 2 4 8 442.525 446.142
 65     1.788   -32.544  3.219   6 1 4 1 2 4 8 221.161 224.825
 66    29.272    -6.494  3.144   1 1 4 1 2 4 8 775.206 779.021
 67    23.950    10.742  2.940  19 1 4 1 2 4 8 807.048 810.614
 68   -65.887    40.912  3.166   1 1 4 1 2 4 8 786.605 790.168
 69   -10.095    26.257  3.464   2 1 4 1 2 4 8 155.329 159.026
 70    58.093    67.352  2.940  25 1 4 1 2 4 8 531.353 535.093
 71    90.015     9.485  3.234   4 1 4 1 2 4 8 275.337 279.037
 72    -6.622    15.216  3.119   4 1 4 1 2 4 8 185.662 189.407
 73    -2.875   -42.841  3.313  13 1 4 1 2 4 8 500.927 504.837
 74   -37.714    -7.306  3.340  18 1 4 1 2 4 8 742.703 746.403
 75    44.171   -11.224  3.199  -9 1 4 1 2 4 8 190.602 194.515
 76   -58.704    -2.808  3.155   5 1 4 1 2 4 8 490.576 494.340
 77    -3.912    10.071  3.221  12 1 4 1 2 4 8 539.736 543.446
 78   -41.370    -1.495  2.952  22 1 4 1 2 4 8 359.294 362.878
 79    58.179    27.563  3.322   9 1 4 1 2 4 8 585.992 589.766
 80   -63.861    26.147  3.140  11 1 4 1 2 4 8 314.013 317.878
 81   -56.793   -15.918  3.142   6 1 4 1 2 4 8 372.032 375.565
 82    22.217   -27.509  3.317  19 1 4 1 2 4 8 208.159 211.754
 83    -1.031   -14.838  3.363  10 1 4 1 2 4 8 547.474 551.345
 84   -57.703   -10.480  3.180   1 1 4 1 2 4 8 383.782 387.448
 85    80.847     6.299  3.207  10 1 4 1 2 4 8 755.501 759.316
 86     2.887    10.822  2.940  20 1 4 1 2 4 8 275.005 278.622
 87   -37.390    -7.800  3.233 -18 1 4 1 2 4 8 183.257 186.984
 88   -33.600   -26.740  3.215   1 1 4 1 2 4 8 739.197 742.990
 89    95.197    24.231  3.156  11 1 4 1 2 4 8 752.612 756.382
 90   -13.904    29.327  3.277  20 1 4 1 2 4 8 797.274 801.179
 91   -53.461     9.296  3.064  12 1 4 1 2 4 8 225.555 229.222
 92    67.578    13.007  2.978  17 1 4 1 2 4 8 494.742 498.602
 93   -83.881   -53.265  3.443  16 1 4 1 2 4 8 481.846 485.701
 94    30.255   -72.430  3.116   3 1 4 1 2 4 8 479.061 482.912
 95   -22.333   -20.538  3.065  14 1 4 1 2 4 8 891.336 894.943
 96     3.741   -35.461  3.396  12 1 4 1 2 4 8 567.215 570.752
 97   -20.093   -43.982  2.940   9 1 4 1 2 4 8 244.210 247.821
 98   -47.687   -21.100  3.311  -1 1 4 1 2 4 8 356.089 359.881
 99   -20.447   -13.849  3.029   7 1 4 1 2 4 8 404.812 408.714
100    34.515     3.967  3.140   7 1 4 1 2 4 8 499.310 503.149
101    20.514   -11.884  2.947   5 1 4 1 2 4 8 316.193 319.938
102   -46.039   -22.565  3.153   9 1 4 1 2 4 8 705.067 708.751
103   -39.630    25.385  3.510  15 1 4 1 2 4 8 367.284 371.121
104    -1.025    50.433  3.414   4 1 4 1 2 4 8 475.478 479.056
105   -28.632    23.486  3.353  10 1 4 1 2 4 8 818.272 821.872
106   -52.997   -16.248  3.480  21 1 4 1 2 4 8 345.072 348.870
107    -3.345   -22.955  3.490   2 1 4 1 2 4 8 82.591 86.148
108   -62.640   -26.349  3.523  -6 1 4 1 2 4 8 451.760 455.315
109    25.403     0.531  3.523   1 1 4 1 2 4 8 624.567 628.423
110   -29.895    72.919  3.397  23 1 4 1 2 4 8 124.695 128.340
111    26.630     1.971  3.291  24 1 4 1 2 4 8 625.474 629.128
112    -9.814    35.004  3.385  16 1 4 1 2 4 8 205.539 209.214
113    -7.758   -42.426  3.266 -18 1 4 1 2 4 8 535.869 539.425
114    28.918    -7.117  3.177   1 1 4 1 2 4 8 545.869 549.748
115    47.693    36.108  3.488   1 1 4 1 2 4 8 305.234 308.899
116   -53.168     5.206  3.258 -21 1 4 1 2 4 8 805.241 809.097
117    17.560    13.214  3.404   8 1 4 1 2 4 8 258.795 262.660
118     6.836    -2.496  3.217  22 1 4 1 2 4 8 881.027 884.937
119   -17.322    97.260  3.222  23 1 4 1 2 4 8 523.739 527.616
120    22.406    26.532  3.246  11 1 4 1 2 4 8 170.354 173.897
121   -73.090   -13.251  3.309 -15 1 4 1 2 4 8 816.293 820.073
122   -64.996    -4.578  3.318  14 1 4 1 2 4 8 782.988 786.640
123   -34.906   -43.903  3.419  16 1 4 1 2 4 8 96.424 100.226
124   -92.346    -4.517  3.080  25 1 4 1 2 4 8 469.520 473.294
125     0.647    -8.496  3.270  12 1 4 1 2 4 8 318.724 322.513
126     5.048   -37.323  3.144   9 1 4 1 2 4 8 597.428 601.286
127   -19.080   -14.178  3.425 -20 1 4 1 2 4 8 803.583 807.362
128   -71.704   -11.450  3.378  22 1 4 1 2 4 8 770.033 773.729
129   -45.581   -28.717  3.002  13 1 4 1 2 4 8 473.754 477.501
130   -28.351   -23.914  3.413  24 1 4 1 2 4 8 232.847 236.678
131   -16.486    30.920  3.360  13 1 4 1 2 4 8 372.636 376.347
132   -83.423   -20.935  3.212  -4 1 4 1 2 4 8 573.618 577.359
133   -12.054   -20.612  3.250 -22 1 4 1 2 4 8 435.222 438.789
134    -7.184   -63.721  2.941  18 1 4 1 2 4 8 453.322 457.053
135    34.546    -8.881  3.048  25 1 4 1 2 4 8 554.923 558.563
136    -4.865    73.694  3.416  19 1 4 1 2 4 8 848.964 852.615
137   -36.005    -3.876  2.966   8 1 4 1 2 4 8 533.933 537.770
138   -28.400   -21.820  3.148 -13 1 4 1 2 4 8 194.488 198.165
139   -56.281   -15.112  3.057   1 1 4 1 2 4 8 706.855 710.485
140   -11.017    42.151  3.275   1 1 4 1 2 4 8 315.447 318.972
141   -63.092   -62.573  3.030   5 1 4 1 2 4 8 206.414 210.205
142    29.486    79.944  3.292   2 1 4 1 2 4 8 588.582 592.259
143   -65.674    -0.238  3.237 -22 1 4 1 2 4 8 162.862 166.529
144    46.130   -20.416  3.005   3 1 4 1 2 4 8 682.939 686.678
145     1.575   -16.364  3.317   2 1 4 1 2 4 8 202.209 205.984
146    40.277    -1.379  3.425  -6 1 4 1 2 4 8 545.682 549.544
147   -15.271    42.249  2.963  19 1 4 1 2 4 8 775.066 778.888
148    33.215   -16.614  3.249   5 1 4 1 2 4 8 677.088 680.740
149   -72.388    13.074  3.233 -25 1 4 1 2 4 8 368.588 372.167
150   -24.487     5.273  3.250   9 1 4 1 2 4 8 369.014 372.629
151    -6.598   -30.957  3.375  20 1 4 1 2 4 8 706.363 710.180
152    31.287    21.332  3.026  11 1 4 1 2 4 8 380.389 383.932
153    20.557     0.378  3.181  18 1 4 1 2 4 8 264.328 267.961
154   -67.200   -41.339  3.095  25 1 4 1 2 4 8 467.071 470.740
155    22.168   -40.375  3.038  22 1 4 1 2 4 8 430.340 434.003
156    31.165     2.222  2.943 -25 1 4 1 2 4 8 378.805 382.668
157    74.634    30.219  3.208  14 1 4 1 2 4 8 702.643 706.375
158    60.699    81.116  3.370  21 1 4 1 2 4 8 696.669 700.475
159   -60.736    24.133  3.271   1 1 4 1 2 4 8 327.763 331.676
160     1.978    17.517  3.207   9 1 4 1 2 4 8 414.611 418.399
161   -80.566   -38.196  3.123   2 1 4 1 2 4 8 128.018 131.775
162   -49.927   -36.713  3.315   2 1 4 1 2 4 8 544.187 547.948
163   -60.449   -27.820  3.511   4 1 4 1 2 4 8 203.994 207.875
164   -78.748   -44.226  3.180  15 1 4 1 2 4 8 332.684 336.436
165    54.260    -9.259  3.400 -11 1 4 1 2 4 8 133.134 136.963
166   -42.059   -26.636  3.345  15 1 4 1 2 4 8 883.276 887.006
167   -57.336   -16.718  3.065  15 1 4 1 2 4 8 412.803 416.503
168    -1.276   -13.330  3.455 -16 1 4 1 2 4 8 770.220 773.877
169   -24.158    39.197  3.339  14 1 4 1 2 4 8 329.775 333.308
170    17.908   -40.442  3.062 -25 1 4 1 2 4 8 177.053 180.732
171    59.833    -3.674  2.973   9 1 4 1 2 4 8 418.099 421.814
172    -3.510     6.256  3.089  23 1 4 1 2 4 8 97.280 100.813
173    40.167     8.594  3.141  16 1 4 1 2 4 8 746.770 750.601
174    -1.691   -54.376  3.211  10 1 4 1 2 4 8 628.565 632.186
175   -36.035   -17.065  3.187   4 1 4 1 2 4 8 490.445 494.275
176     7.275    -4.144  3.253  25 1 4 1 2 4 8 684.305 687.916
177    30.219    -6.830  3.472 -20 1 4 1 2 4 8 530.427 534.264
178   -26.379   -63.055  3.158  -5 1 4 1 2 4 8 273.033 276.804
179    28.772    -0.031  3.049  19 1 4 1 2 4 8 131.912 135.466
180     2.625     5.072  3.115  -2 1 4 1 2 4 8 687.271 691.154
181     3.595   -21.600  2.942  13 1 4 1 2 4 8 863.966 867.828
182   -64.948   -10.956  3.114  19 1 4 1 2 4 8 302.383 306.154
183    18.671   -41.010  3.194   2 1 4 1 2 4 8 360.017 363.593
184    29.291    12.799  3.131 -16 1 4 1 2 4 8 619.759 623.526
185     4.529    26.654  3.388   2 1 4 1 2 4 8 767.249 770.908
186    25.360    29.718  3.162  -6 1 4 1 2 4 8 685.477 689.286
187    57.349   -15.405  3.376   3 1 4 1 2 4 8 359.478 363.188
188   -11.566   -19.012  3.074  20 1 4 1 2 4 8 406.827 410.377
189   -45.441   -71.808  3.453  13 1 4 1 2 4 8 150.569 154.115
190     2.197    -3.564  2.941  -9 1 4 1 2 4 8 139.311 142.890
191    -1.855   -24.475  3.137   5 1 4 1 2 4 8 612.490 616.300
192   -59.851   -48.938  2.987  15 1 4 1 2 4 8 488.966 492.670
193    70.081   -17.816  3.177  22 1 4 1 2 4 8 524.796 528.404
194    -4.932    28.754  3.198 -18 1 4 1 2 4 8 489.968 493.640
195   -46.625   -23.529  3.332  21 1 4 1 2 4 8 496.015 499.738
196   -49.872   -35.339  3.343  16 1 4 1 2 4 8 683.484 687.383
197   -67.499     8.142  3.356  22 1 4 1 2 4 8 355.895 359.808
198    31.195   -18.243  3.170  23 1 4 1 2 4 8 259.021 262.851
199   -42.139   -52.704  3.349   1 1 4 1 2 4 8 109.257 113.001
200   -15.094    18.933  3.372  -1 1 4 1 2 4 8 369.833 373.409
201   -78.625   -24.341  3.345  13 1 4 1 2 4 8 164.198 167.867
202    51.471    -9.607  3.143  14 1 4 1 2 4 8 549.726 553.424
203    29.987   -31.061  3.177  18 1 4 1 2 4 8 202.644 206.377
204    46.741     1.453  3.028  -5 1 4 1 2 4 8 739.305 743.044
205   -52.954    31.738  2.982  24 1 4 1 2 4 8 255.273 258.955
206    10.535   -61.432  3.022  11 1 4 1 2 4 8 537.882 541.487
207   -15.948   -56.012  3.498   5 1 4 1 2 4 8 110.053 113.961
208    -7.776   -54.730  3.519   1 1 4 1 2 4 8 305.823 309.610
209    11.047   -20.905  3.469  21 1 4 1 2 4 8 328.948 332.726
210   -24.359   -23.047  3.260  -6 1 4 1 2 4 8 163.825 167.555
211     2.948   -20.398  3.285   6 1 4 1 2 4 8 799.317 803.222
212   -82.654    24.323  3.404   5 1 4 1 2 4 8 713.624 717.252
213   -12.134    42.065  3.383  23 1 4 1 2 4 8 675.991 679.680
214   -98.035   -36.359  3.163 -16 1 4 1 2 4 8 274.827 278.543
215   -61.102   -13.477  3.093 -18 1 4 1 2 4 8 642.410 646.130
216   -39.136     6.287  3.499  10 1 4 1 2 4 8 559.796 563.448
217    41.180     7.971  3.100   9 1 4 1 2 4 8 719.603 723.415
218     4.254    19.830  3.419  18 1 4 1 2 4 8 190.618 194.334
219   -34.143   -37.915  3.265  22 1 4 1 2 4 8 593.097 596.993
220    -4.559    23.566  3.328  24 1 4 1 2 4 8 238.918 242.754
221    37.891    -1.947  3.219  15 1 4 1 2 4 8 529.409 533.163
222    78.259    15.936  3.259   6 1 4 1 2 4 8 701.928 705.807
223    -8.661   -25.110  3.407  12 1 4 1 2 4 8 421.063 424.784
224    10.071    37.164  3.017  19 1 4 1 2 4 8 178.093 181.948
225   -42.621   -46.985  2.952  19 1 4 1 2 4 8 298.296 302.186
226    92.157   -94.183  2.947  17 1 4 1 2 4 8 254.735 258.600
227    32.202   -39.844  3.524 -22 1 4 1 2 4 8 198.837 202.530
228   -55.231   -15.027  3.300  25 1 4 1 2 4 8 280.500 284.289
229   -26.746   -21.490  3.378 -11 1 4 1 2 4 8 116.520 120.214
230   -75.513    -0.708  3.098 -23 1 4 1 2 4 8 237.374 241.131
231    34.021    12.665  2.995  10 1 4 1 2 4 8 718.786 722.646
232    -2.643   -20.831  3.124  17 1 4 1 2 4 8 713.853 717.390
233    53.369    13.770  3.336   6 1 4 1 2 4 8 213.563 217.402
234   -14.948   -40.259  3.387 -20 1 4 1 2 4 8 542.687 546.355
235    67.828     5.750  3.451   6 1 4 1 2 4 8 651.227 654.958
236   -13.220   -26.031  3.354  -4 1 4 1 2 4 8 609.595 613.511
237     4.169   -32.617  3.251  25 1 4 1 2 4 8 505.100 508.907
238   -26.050   -33.313  3.173   7 1 4 1 2 4 8 344.524 348.336
239    31.964   -45.703  3.292  11 1 4 1 2 4 8 172.573 176.226
240    96.820    26.208  3.277  14 1 4 1 2 4 8 176.746 180.424
241   -44.696   -37.854  3.288  14 1 4 1 2 4 8 530.947 534.603
242    33.417    11.792  3.439  15 1 4 1 2 4 8 139.434 143.135
243   -35.187    19.226  3.252   2 1 4 1 2 4 8 172.731 176.520
244   -14.233   -74.988  3.252  14 1 4 1 2 4 8 336.460 340.315
245    37.158    -0.836  3.511  17 1 4 1 2 4 8 598.947 602.498
246   -51.697   -26.447  2.970  24 1 4 1 2 4 8 112.116 115.650
247    23.535     5.896  3.383  10 1 4 1 2 4 8 320.180 324.072
248   -18.433    53.711  3.146  20 1 4 1 2 4 8 846.937 850.769
249   -11.340   -17.621  3.463  11 1 4 1 2 4 8 241.125 244.916
250    -7.812   -35.895  3.399 -16 1 4 1 2 4 8 337.878 341.419
251     3.522    26.941  3.072   3 1 4 1 2 4 8 147.449 151.323
252   -46.588   -22.266  3.246  11 1 4 1 2 4 8 885.357 889.216
253    -2.997    -0.549  3.229  10 1 4 1 2 4 8 421.544 425.147
254    32.147    17.151  3.198 -18 1 4 1 2 4 8 554.900 558.590
255    32.019    13.007  3.229  20 1 4 1 2 4 8 611.114 614.712
256    -6.628    29.889  3.469  24 1 4 1 2 4 8 458.649 462.488
257    77.777   -25.397  3.081  16 1 4 1 2 4 8 669.574 673.417
258    30.707    65.704  3.322   2 1 4 1 2 4 8 699.971 703.723
259   -43.811   -43.036  2.954  14 1 4 1 2 4 8 353.239 357.047
260    49.561    16.827  3.136  10 1 4 1 2 4 8 370.741 374.635
261   -28.931    -0.439  3.085  22 1 4 1 2 4 8 770.414 774.189
262    40.363    16.382  3.019  14 1 4 1 2 4 8 448.343 452.149
263    22.748    40.674  3.400  15 1 4 1 2 4 8 699.989 703.791
264    -1.471     6.567  3.025  -7 1 4 1 2 4 8 850.130 853.902
265    -1.190    16.864  3.502  20 1 4 1 2 4 8 836.366 840.104
266     8.032    41.821  3.241   1 1 4 1 2 4 8 609.258 613.087
267   -44.019   -22.784  2.987  24 1 4 1 2 4 8 126.841 130.485
268    12.366   -11.353  3.420  22 1 4 1 2 4 8 488.927 492.609
269    33.276    15.881  3.451  23 1 4 1 2 4 8 607.277 611.143
270   -34.790   -15.045  3.194 -20 1 4 1 2 4 8 537.511 541.301
271   -96.857   -19.391  3.163 -15 1 4 1 2 4 8 528.153 531.784
272    38.434    -5.353  3.138 -14 1 4 1 2 4 8 756.550 760.202
273   -25.391     0.220  3.402  12 1 4 1 2 4 8 822.803 826.422
274     0.848   -31.860  3.192   4 1 4 1 2 4 8 524.372 527.998
275   -24.023    95.691  3.047  15 1 4 1 2 4 8 459.158 462.796
276    -4.272    35.468  3.479  12 1 4 1 2 4 8 119.712 123.302
277    -6.927     1.855  3.486   8 1 4 1 2 4 8 698.448 702.133
278   -70.953    -3.217  3.430   2 1 4 1 2 4 8 593.758 597.477
279   -32.648   -16.522  2.962  24 1 4 1 2 4 8 183.218 186.836
280    42.859   -21.680  3.054   5 1 4 1 2 4 8 762.427 766.302
281     5.182     6.403  3.487   8 1 4 1 2 4 8 387.284 390.876
282    36.920    -4.987  3.400  21 1 4 1 2 4 8 452.840 456.524
283    49.591    27.783  2.954  -5 1 4 1 2 4 8 550.944 554.503
284    45.038    10.785  2.950 -16 1 4 1 2 4 8 296.770 300.368
285     7.690    14.056  3.320   8 1 4 1 2 4 8 128.071 131.883
286   -60.907    18.640  3.141  24 1 4 1 2 4 8 150.027 153.591
287   -64.496     8.923  3.248  23 1 4 1 2 4 8 416.093 419.835
288    37.158   -14.990  3.100   6 1 4 1 2 4 8 121.853 125.653
289     2.277     7.840 0.000   0 0 0 0.000 978.975
290    32.883    -1.779 0.000   0 0 0 0.000 978.975
291   -49.554   -17.828 0.000   0 0 0 0.000 978.975
292     3.690   -26.099 0.000   0 0 0 0.000 978.975
