6 1 72 6
0 200
0 200
0 200
0 200
0 200
0 200
  1   -92.700   -59.180  2.702  20 1 6 1 2 4 8 16 32 185.984 189.223
  2    71.179    12.543  2.736   6 1 6 1 2 4 8 16 32 387.995 391.397
  3    31.537    66.638  2.996  19 1 6 1 2 4 8 16 32 350.951 354.105
  4    -4.694    25.537  3.022  10 1 6 1 2 4 8 16 32 632.180 635.525
  5   -30.194    67.773  2.769  18 1 6 1 2 4 8 16 32 550.768 553.990
  6    12.677   -57.471  2.783   1 1 6 1 2 4 8 16 32 646.930 650.250
  7   -32.355   -20.966  2.757  15 1 6 1 2 4 8 16 32 209.030 212.144
  8    19.910    48.975  2.754 -23 1 6 1 2 4 8 16 32 101.038 104.457
  9    13.202   -19.135  3.067  13 1 6 1 2 4 8 16 32 125.488 128.670
 10    54.877   -41.168  2.889  12 1 6 1 2 4 8 16 32 236.641 240.082
 11    15.063   -25.171  2.785   7 1 6 1 2 4 8 16 32 225.089 228.301
 12   -50.598   -16.418  2.719  25 1 6 1 2 4 8 16 32 163.268 166.611
 13   -29.730    17.078  2.939   5 1 6 1 2 4 8 16 32 385.266 388.576
 14    17.542     1.575  3.032  -1 1 6 1 2 4 8 16 32 483.422 486.562
 15    11.127    77.216  2.732  25 1 6 1 2 4 8 16 32 319.856 322.988
 16    33.752    71.259  2.922 -10 1 6 1 2 4 8 16 32 486.763 490.148
 17   -56.012   -10.394  3.066   2 1 6 1 2 4 8 16 32 739.783 742.930
 18    57.874   -16.290  3.058   7 1 6 1 2 4 8 16 32 437.431 440.780
 19    10.718   -18.787  2.597 -11 1 6 1 2 4 8 16 32 710.243 713.466
 20    53.088   -18.750  2.796   4 1 6 1 2 4 8 16 32 360.789 364.027
 21     1.569     7.532  2.895  -6 1 6 1 2 4 8 16 32 561.688 564.861
 22    31.531    48.944  3.105  15 1 6 1 2 4 8 16 32 507.105 510.260
 23   -66.833   -37.854  2.778  -7 1 6 1 2 4 8 16 32 414.140 417.376
 24   -70.740    62.244  2.739  -8 1 6 1 2 4 8 16 32 609.099 612.433
 25    32.538    23.096  2.867  10 1 6 1 2 4 8 16 32 320.731 324.154
 26   -51.453   -36.444  2.692   9 1 6 1 2 4 8 16 32 307.046 310.172
 27    36.456   -22.638  2.849   4 1 6 1 2 4 8 16 32 708.423 711.747
 28   -31.207    43.494  3.081   6 1 6 1 2 4 8 16 32 352.214 355.560
 29   -10.388    34.491  2.672  22 1 6 1 2 4 8 16 32 486.364 489.711
 30    14.722   -10.834  2.637  17 1 6 1 2 4 8 16 32 521.244 524.466
 31    47.095   -21.387  2.725  -9 1 6 1 2 4 8 16 32 359.345 362.466
 32    43.781    34.766  3.077  25 1 6 1 2 4 8 16 32 691.429 694.554
 33    53.546   -67.487  2.687 -10 1 6 1 2 4 8 16 32 471.324 474.643
 34    26.801    46.515  3.075  18 1 6 1 2 4 8 16 32 149.466 152.703
 35    63.385    11.981  2.792  21 1 6 1 2 4 8 16 32 160.904 164.035
 36    47.192    -5.475  3.074  10 1 6 1 2 4 8 16 32 113.442 116.584
 37   -16.315   -11.267  2.896  23 1 6 1 2 4 8 16 32 282.887 286.334
 38    78.900    17.651  2.988  23 1 6 1 2 4 8 16 32 358.223 361.639
 39    79.822    22.272  2.602  11 1 6 1 2 4 8 16 32 534.053 537.330
 40    12.878    16.919  2.685   1 1 6 1 2 4 8 16 32 177.935 181.254
 41   -67.981    -3.754  2.926  23 1 6 1 2 4 8 16 32 193.468 196.734
 42     9.198   -18.597  2.849  16 1 6 1 2 4 8 16 32 499.047 502.250
 43   -35.950   -19.141  3.000  10 1 6 1 2 4 8 16 32 177.071 180.345
 44    28.766    45.276  2.707  12 1 6 1 2 4 8 16 32 122.665 126.051
 45    11.469    68.231  3.001 -12 1 6 1 2 4 8 16 32 301.182 304.318
 46   -22.760    45.496  2.811   3 1 6 1 2 4 8 16 32 713.147 716.427
 47   -65.674   -23.120  3.031  22 1 6 1 2 4 8 16 32 331.122 334.527
 48     7.239     1.599  2.829 -21 1 6 1 2 4 8 16 32 229.645 233.000
 49   -29.785   -11.285  2.792  13 1 6 1 2 4 8 16 32 625.743 629.189
 50   -89.050    16.211  2.691 -15 1 6 1 2 4 8 16 32 509.996 513.243
 51   -46.887    -3.363  2.760  13 1 6 1 2 4 8 16 32 258.590 261.919
 52   -14.972    30.621  2.986  20 1 6 1 2 4 8 16 32 780.588 783.783
 53   -17.035    49.774  2.623  10 1 6 1 2 4 8 16 32 203.700 207.118
 54    31.635    53.619  2.987  25 1 6 1 2 4 8 16 32 740.937 744.389
 55    -3.577    13.342  3.067   7 1 6 1 2 4 8 16 32 646.296 649.677
 56    33.008    58.960  2.670  15 1 6 1 2 4 8 16 32 434.493 437.902
 57   -92.950    63.263  2.681  -2 1 6 1 2 4 8 16 32 246.770 250.144
 58    -9.137   -22.931  2.596  23 1 6 1 2 4 8 16 32 497.001 500.388
 59   -39.960     6.195  2.690   5 1 6 1 2 4 8 16 32 697.531 700.781
 60    28.430   -19.214  2.997  25 1 6 1 2 4 8 16 32 333.750 336.866
 61   -28.540    -3.485  2.678   9 1 6 1 2 4 8 16 32 299.957 303.143
 62    31.415    36.859  3.069   2 1 6 1 2 4 8 16 32 118.732 121.872
 63   -49.426    60.602  2.936 -24 1 6 1 2 4 8 16 32 338.007 341.271
 64   -72.827   -27.765  2.689  13 1 6 1 2 4 8 16 32 472.501 475.801
 65    60.083   -45.905  2.660  20 1 6 1 2 4 8 16 32 473.600 476.898
 66    10.870    -3.900  3.029  13 1 6 1 2 4 8 16 32 716.674 720.082
 67    25.122     7.672  3.028  15 1 6 1 2 4 8 16 32 460.895 464.021
 68   -46.997   -17.474  2.776   4 1 6 1 2 4 8 16 32 688.677 691.949
 69    16.058    33.020  3.007  20 1 6 1 2 4 8 16 32 718.312 721.550
 70    25.409   -11.700  2.814   8 1 6 1 2 4 8 16 32 345.603 348.731
 71    68.323    -5.145  2.673  19 1 6 1 2 4 8 16 32 727.678 731.130
 72   -13.104    62.158  2.974  20 1 6 1 2 4 8 16 32 464.955 468.208
 73    42.395    -8.344 0.000   0 0 0 0.000 863.860
 74   -42.175   -14.554 0.000   0 0 0 0.000 863.860
 75    16.034    40.726 0.000   0 0 0 0.000 863.860
 76   -14.639    29.633 0.000   0 0 0 0.000 863.860
 77    16.049    -3.934 0.000   0 0 0 0.000 863.860
 78    46.112    12.430 0.000   0 0 0 0.000 863.860
