6 2 144 6
0 190
0 190
0 190
0 190
0 190
0 190
  1   -40.289   -42.303  2.883  20 1 6 1 2 4 8 16 32 165.351 168.661
  2   -64.709   -17.389  2.899 -10 1 6 1 2 4 8 16 32 569.727 572.939
  3     5.060   -14.349  2.813   8 1 6 1 2 4 8 16 32 366.755 370.193
  4    72.095    20.233  2.933   6 1 6 1 2 4 8 16 32 513.629 517.010
  5     2.594   -15.002  2.839  -1 1 6 1 2 4 8 16 32 595.920 599.170
  6   -24.176   -72.894  2.873  19 1 6 1 2 4 8 16 32 485.844 489.204
  7   -13.190    66.498  3.047 -13 1 6 1 2 4 8 16 32 267.990 271.198
  8    33.191    13.690  2.830  24 1 6 1 2 4 8 16 32 289.681 292.881
  9    66.827   -30.554  3.009  15 1 6 1 2 4 8 16 32 348.347 351.603
 10    19.934    35.883  2.755  13 1 6 1 2 4 8 16 32 506.709 509.932
 11   -27.771    32.269  2.704  10 1 6 1 2 4 8 16 32 660.861 664.135
 12    51.154   -16.827  3.109  -4 1 6 1 2 4 8 16 32 597.783 601.006
 13   -19.214    23.749  2.916  12 1 6 1 2 4 8 16 32 134.597 138.044
 14   -46.643   -52.954  2.899  21 1 6 1 2 4 8 16 32 435.419 438.898
 15   -10.590   -16.626  2.725  -2 1 6 1 2 4 8 16 32 531.838 535.209
 16    35.150    12.622  2.865  10 1 6 1 2 4 8 16 32 547.814 551.248
 17   -37.378    12.256  2.948  20 1 6 1 2 4 8 16 32 760.358 763.820
 18    82.794    25.836  3.139   9 1 6 1 2 4 8 16 32 230.224 233.520
 19     8.936    -3.723  2.969  24 1 6 1 2 4 8 16 32 585.122 588.382
 20   -56.659    25.555  2.676  19 1 6 1 2 4 8 16 32 115.266 118.767
 21   -52.020   -40.137  3.055  13 1 6 1 2 4 8 16 32 519.914 523.256
 22    39.270    12.787  2.838  14 1 6 1 2 4 8 16 32 503.579 507.063
 23    19.757    21.228  2.861  17 1 6 1 2 4 8 16 32 610.048 613.326
 24   -23.071   -12.659  3.126  25 1 6 1 2 4 8 16 32 769.624 772.927
 25    15.686    52.374  3.129   1 1 6 1 2 4 8 16 32 581.350 584.721
 26    58.771    -7.056  2.792   9 1 6 1 2 4 8 16 32 573.195 576.527
 27   -33.087    72.266  2.719  12 1 6 1 2 4 8 16 32 556.338 559.745
 28     2.551    46.851  2.856  22 1 6 1 2 4 8 16 32 675.092 678.497
 29   -18.719    73.126  2.951   2 1 6 1 2 4 8 16 32 587.375 590.747
 30   -67.627   -20.679  2.744  21 1 6 1 2 4 8 16 32 652.716 656.190
 31   -76.862   -11.365  2.760   8 1 6 1 2 4 8 16 32 361.649 365.048
 32   -24.194   -38.263  2.895  19 1 6 1 2 4 8 16 32 253.960 257.430
 33   -20.374   -31.903  3.033  24 1 6 1 2 4 8 16 32 439.554 442.741
 34     9.290    39.618  2.708  24 1 6 1 2 4 8 16 32 494.113 497.558
 35    26.044    35.974  2.710   2 1 6 1 2 4 8 16 32 696.093 699.289
 36   -57.385   -45.264  2.710 -20 1 6 1 2 4 8 16 32 495.308 498.732
 37     1.489   -62.592  2.966 -20 1 6 1 2 4 8 16 32 706.151 709.488
 38    34.937    13.672  2.758   5 1 6 1 2 4 8 16 32 475.594 478.920
 39   -22.290    45.648  2.872  17 1 6 1 2 4 8 16 32 448.497 451.767
 40    -5.920    44.061  2.882   4 1 6 1 2 4 8 16 32 674.236 677.515
 41   -38.446   -23.541  3.160  21 1 6 1 2 4 8 16 32 363.523 367.010
 42    28.894    33.936  3.065   3 1 6 1 2 4 8 16 32 662.772 666.003
 43   -35.388    -5.341  3.104  16 1 6 1 2 4 8 16 32 682.446 685.843
 44   -19.501    13.519  3.025  14 1 6 1 2 4 8 16 32 205.106 208.451
 45    -9.216   -30.988  2.846   6 1 6 1 2 4 8 16 32 530.693 533.914
 46   -22.131   -17.065  3.033   5 1 6 1 2 4 8 16 32 308.562 311.743
 47   -22.827    36.810  3.160 -12 1 6 1 2 4 8 16 32 124.196 127.588
 48   -61.365   -18.463  3.100  23 1 6 1 2 4 8 16 32 129.443 132.624
 49    50.128   -66.046  2.673  12 1 6 1 2 4 8 16 32 205.495 208.682
 50    25.647    24.139  3.020  18 1 6 1 2 4 8 16 32 686.115 689.580
 51    65.521    42.810  3.053  24 1 6 1 2 4 8 16 32 480.012 483.439
 52   -60.956   -47.925  2.640   3 1 6 1 2 4 8 16 32 333.057 336.427
 53    -9.070    42.798  3.012   3 1 6 1 2 4 8 16 32 748.422 751.604
 54   -19.061     4.480  3.016 -25 1 6 1 2 4 8 16 32 460.357 463.616
 55   -54.071    -3.870  2.669  22 1 6 1 2 4 8 16 32 270.068 273.371
 56   -25.598   -18.866  3.136  25 1 6 1 2 4 8 16 32 410.233 413.622
 57   -18.707    84.296  2.892  15 1 6 1 2 4 8 16 32 556.888 560.326
 58   -70.184   -39.166  3.118 -18 1 6 1 2 4 8 16 32 571.453 574.782
 59   -14.636    -0.446  2.809  -8 1 6 1 2 4 8 16 32 109.379 112.637
 60   -76.465   -38.922  2.691  20 1 6 1 2 4 8 16 32 135.150 138.646
 61    44.092    12.433  2.669 -18 1 6 1 2 4 8 16 32 495.624 499.047
 62   -22.772   -50.867  2.753   5 1 6 1 2 4 8 16 32 686.511 689.714
 63    19.104    44.672  2.826  25 1 6 1 2 4 8 16 32 296.597 300.060
 64   -44.019   -39.935  2.681 -16 1 6 1 2 4 8 16 32 253.164 256.412
 65    -2.972    -4.059  3.121  14 1 6 1 2 4 8 16 32 479.215 482.413
 66   -24.261    35.907  3.015   1 1 6 1 2 4 8 16 32 127.417 130.643
 67   -61.877   -73.901  2.731 -15 1 6 1 2 4 8 16 32 700.311 703.664
 68    -5.640   -26.721  3.118  22 1 6 1 2 4 8 16 32 289.131 292.364
 69    45.844   -36.835  2.832  -6 1 6 1 2 4 8 16 32 462.211 465.488
 70   -51.746   -79.840  3.117  24 1 6 1 2 4 8 16 32 426.112 429.532
 71   -33.008    10.992  2.807  19 1 6 1 2 4 8 16 32 728.101 731.367
 72   -25.653    -0.372  2.859  12 1 6 1 2 4 8 16 32 161.529 165.029
 73   -21.497    61.487  2.689  13 1 6 1 2 4 8 16 32 194.434 197.671
 74     2.032    26.727  2.649  10 1 6 1 2 4 8 16 32 397.164 400.469
 75   -26.758    14.807  2.967  12 1 6 1 2 4 8 16 32 297.771 301.194
 76   -37.256   -44.861  2.826  13 1 6 1 2 4 8 16 32 240.081 243.588
 77    -0.861   -16.418  2.913  25 1 6 1 2 4 8 16 32 241.923 245.213
 78   -51.160    34.967  3.021  12 1 6 1 2 4 8 16 32 769.781 773.063
 79   -41.266   -76.886  2.962   2 1 6 1 2 4 8 16 32 311.316 314.698
 80   -30.255    74.701  2.983  11 1 6 1 2 4 8 16 32 461.616 465.104
 81   -46.368    -1.514  2.929  10 1 6 1 2 4 8 16 32 347.236 350.720
 82   -71.619    73.077  3.023   9 1 6 1 2 4 8 16 32 419.812 423.186
 83   -46.606   -39.948  2.782  21 1 6 1 2 4 8 16 32 696.352 699.720
 84   -30.243    67.102  2.975 -14 1 6 1 2 4 8 16 32 145.648 148.912
 85   -40.997   -43.036  2.738 -15 1 6 1 2 4 8 16 32 416.588 419.871
 86   -74.286   -52.307  2.991   6 1 6 1 2 4 8 16 32 745.458 748.647
 87   -17.609   -71.851  2.734  25 1 6 1 2 4 8 16 32 525.169 528.571
 88     2.350   -81.805  3.106  14 1 6 1 2 4 8 16 32 318.404 321.819
 89   -85.486   -54.059  3.148  17 1 6 1 2 4 8 16 32 427.958 431.382
 90    23.822    10.571  3.165   8 1 6 1 2 4 8 16 32 463.214 466.545
 91   -24.530   -31.726  2.979   4 1 6 1 2 4 8 16 32 187.325 190.837
 92   -42.474   -15.009  2.721  17 1 6 1 2 4 8 16 32 770.640 774.020
 93   -33.624    50.330  2.976  23 1 6 1 2 4 8 16 32 438.087 441.515
 94   -81.458   -41.565  2.741   4 1 6 1 2 4 8 16 32 340.167 343.462
 95   -73.505   -48.279  2.925  -4 1 6 1 2 4 8 16 32 572.895 576.187
 96    -3.052    70.898  2.640  -9 1 6 1 2 4 8 16 32 709.104 712.320
 97     0.946    25.458  2.896  -9 1 6 1 2 4 8 16 32 223.516 226.950
 98   -54.144    13.525  3.005  19 1 6 1 2 4 8 16 32 621.229 624.647
 99   -30.634     7.526  2.927  12 1 6 1 2 4 8 16 32 206.483 209.836
100   -68.335   -34.277  2.740  25 1 6 1 2 4 8 16 32 643.507 646.928
101     7.178    57.935  2.714   8 1 6 1 2 4 8 16 32 434.707 438.056
102     4.712    48.669  2.788 -13 1 6 1 2 4 8 16 32 511.105 514.606
103    58.087    26.379  2.740   3 1 6 1 2 4 8 16 32 621.701 624.981
104    18.347    34.784  2.880   6 1 6 1 2 4 8 16 32 746.401 749.771
105   -44.629   -61.975  2.780  11 1 6 1 2 4 8 16 32 511.701 514.961
106     5.231    26.068  2.692 -24 1 6 1 2 4 8 16 32 737.584 740.947
107   -48.065   -36.755  3.139  16 1 6 1 2 4 8 16 32 756.291 759.714
108    -3.589   -27.734  3.134  21 1 6 1 2 4 8 16 32 572.915 576.287
109     9.808    36.896  2.736  25 1 6 1 2 4 8 16 32 153.630 156.799
110    59.460     1.233  2.719 -10 1 6 1 2 4 8 16 32 584.328 587.718
111   -47.522    19.873  2.899   2 1 6 1 2 4 8 16 32 205.341 208.737
112   -48.431   -50.317  2.771  13 1 6 1 2 4 8 16 32 572.982 576.206
113    44.666    20.953  2.764  14 1 6 1 2 4 8 16 32 255.112 258.565
114   -19.226    32.770  2.989  19 1 6 1 2 4 8 16 32 444.616 447.802
115   -15.662    17.462  2.878  16 1 6 1 2 4 8 16 32 657.161 660.386
116   -91.669    77.722  3.113 -23 1 6 1 2 4 8 16 32 408.571 411.816
117   -30.035   -78.284  2.877  13 1 6 1 2 4 8 16 32 403.113 406.395
118    73.663    32.941  2.782  24 1 6 1 2 4 8 16 32 217.301 220.565
119    22.400   -60.083  2.852  17 1 6 1 2 4 8 16 32 229.740 233.237
120    61.206   -13.501  2.903   8 1 6 1 2 4 8 16 32 213.841 217.154
121    22.131   -50.012  2.977  12 1 6 1 2 4 8 16 32 481.442 484.881
122    -6.317    56.665  3.041   6 1 6 1 2 4 8 16 32 591.521 595.015
123   -20.471    12.885  2.642  20 1 6 1 2 4 8 16 32 359.345 362.603
124   -61.084   -44.769  2.874  20 1 6 1 2 4 8 16 32 151.963 155.252
125    -9.576   -19.366  2.800  24 1 6 1 2 4 8 16 32 288.917 292.310
126     5.627   -88.501  2.797  10 1 6 1 2 4 8 16 32 408.935 412.278
127    -2.618    22.131  2.986 -18 1 6 1 2 4 8 16 32 509.325 512.559
128    40.497    32.343  2.767 -10 1 6 1 2 4 8 16 32 358.155 361.635
129    -3.296    36.774  2.676  15 1 6 1 2 4 8 16 32 457.271 460.531
130   -50.995    19.781  3.085  12 1 6 1 2 4 8 16 32 194.525 197.730
131   -70.520    -3.809  3.137  22 1 6 1 2 4 8 16 32 286.488 289.899
132     4.205     0.812  2.768 -11 1 6 1 2 4 8 16 32 143.700 146.902
133     9.955    26.337  2.938  14 1 6 1 2 4 8 16 32 528.258 531.442
134    13.538   -21.313  2.686   9 1 6 1 2 4 8 16 32 257.764 261.124
135   -21.869   -18.768  2.977   6 1 6 1 2 4 8 16 32 408.153 411.567
136   -37.158   -30.768  2.846  23 1 6 1 2 4 8 16 32 275.115 278.390
137   -86.975    10.345  2.799   8 1 6 1 2 4 8 16 32 204.145 207.663
138   -47.272   -46.326  2.949  22 1 6 1 2 4 8 16 32 163.016 166.220
139     4.095   -19.354  2.928   7 1 6 1 2 4 8 16 32 217.387 220.557
140     4.205    30.292  3.138  15 1 6 1 2 4 8 16 32 209.472 212.754
141   -42.017    53.986  2.797  22 1 6 1 2 4 8 16 32 176.131 179.385
142    35.095   -10.895  2.788   7 1 6 1 2 4 8 16 32 345.196 348.438
143    61.188   -59.875  3.031  14 1 6 1 2 4 8 16 32 369.436 372.845
144   -34.674    -1.337  2.673 -21 1 6 1 2 4 8 16 32 229.745 233.027
145    -3.799    44.290 0.000   0 0 0 0.000 879.825
146    14.233    21.173 0.000   0 0 0 0.000 879.825
147   -23.334   -28.397 0.000   0 0 0 0.000 879.825
148    10.065     1.822 0.000   0 0 0 0.000 879.825
149   -49.115   -43.549 0.000   0 0 0 0.000 879.825
150   -21.054     4.144 0.000   0 0 0 0.000 879.825
