6 3 216 6
0 180
0 180
0 180
0 180
0 180
0 180
  1   -41.235   -66.357  3.127   3 1 6 1 2 4 8 16 32 717.187 720.727
  2    34.064   -59.357  3.117 -16 1 6 1 2 4 8 16 32 158.756 162.523
  3    20.917   -52.582  3.373  -8 1 6 1 2 4 8 16 32 489.091 492.773
  4   -38.538   -37.396  3.009  15 1 6 1 2 4 8 16 32 765.381 768.989
  5    41.058    22.931  2.913  12 1 6 1 2 4 8 16 32 718.098 721.723
  6   -54.034   -53.131  2.896  13 1 6 1 2 4 8 16 32 205.907 209.594
  7     8.099    80.725  3.100   8 1 6 1 2 4 8 16 32 243.598 247.267
  8    81.299    13.409  3.110  24 1 6 1 2 4 8 16 32 691.420 695.254
  9    14.459    -2.972  2.910  14 1 6 1 2 4 8 16 32 656.211 659.772
 10   -52.539    60.107  3.272  17 1 6 1 2 4 8 16 32 429.235 432.950
 11   -57.202   -34.229  3.037   8 1 6 1 2 4 8 16 32 248.970 252.491
 12   -65.552   -40.222  3.194  11 1 6 1 2 4 8 16 32 536.214 539.830
 13   -19.751   -10.278  2.921   8 1 6 1 2 4 8 16 32 724.313 727.926
 14   -26.965   -87.012  3.143  17 1 6 1 2 4 8 16 32 685.761 689.382
 15     3.192   -88.654  3.312  19 1 6 1 2 4 8 16 32 436.275 439.999
 16    34.521    32.837  3.039  13 1 6 1 2 4 8 16 32 166.580 170.123
 17    80.035     5.273  3.105   2 1 6 1 2 4 8 16 32 457.788 461.424
 18   -39.838   -67.731  3.165   8 1 6 1 2 4 8 16 32 596.705 600.205
 19    14.600    11.365  3.278  21 1 6 1 2 4 8 16 32 689.907 693.379
 20   -20.990   -80.511  3.391 -13 1 6 1 2 4 8 16 32 590.459 594.193
 21    48.242    47.284  2.938 -17 1 6 1 2 4 8 16 32 548.524 552.172
 22    59.338   -31.860  2.991   4 1 6 1 2 4 8 16 32 667.372 671.213
 23   -13.995   -45.624  3.315  22 1 6 1 2 4 8 16 32 663.079 666.684
 24    32.397   -32.532  3.217  24 1 6 1 2 4 8 16 32 379.741 383.349
 25     2.826    50.824  3.409  11 1 6 1 2 4 8 16 32 633.888 637.366
 26   -66.077   -34.686  3.273   6 1 6 1 2 4 8 16 32 812.609 816.119
 27   -13.660    18.640  3.182  19 1 6 1 2 4 8 16 32 306.654 310.365
 28   -59.344    12.769  3.038  11 1 6 1 2 4 8 16 32 699.598 703.335
 29    -5.133   -18.463  3.421 -23 1 6 1 2 4 8 16 32 608.554 612.088
 30   -22.961   -21.729  2.941  -4 1 6 1 2 4 8 16 32 349.201 353.029
 31    58.130    46.606  3.303  -5 1 6 1 2 4 8 16 32 744.253 747.937
 32   -49.603   -76.624  3.177  16 1 6 1 2 4 8 16 32 473.140 476.842
 33    -4.803    43.036  3.158   2 1 6 1 2 4 8 16 32 212.673 216.406
 34    68.616   -19.623  3.190  13 1 6 1 2 4 8 16 32 139.920 143.617
 35    37.915    63.599  3.336 -11 1 6 1 2 4 8 16 32 207.858 211.679
 36     1.251   -26.550  3.214   9 1 6 1 2 4 8 16 32 800.255 804.009
 37   -37.952     1.685  3.204 -18 1 6 1 2 4 8 16 32 405.532 409.218
 38   -40.503     8.038  3.181   7 1 6 1 2 4 8 16 32 850.098 853.559
 39    -8.392   -38.678  2.935  24 1 6 1 2 4 8 16 32 669.534 673.358
 40   -36.725    25.494  3.332   5 1 6 1 2 4 8 16 32 681.522 685.055
 41   -47.754   -50.073  3.318   2 1 6 1 2 4 8 16 32 168.138 171.687
 42    22.595   -28.357  3.011   5 1 6 1 2 4 8 16 32 678.141 681.956
 43   -36.365   -48.163  2.944   5 1 6 1 2 4 8 16 32 516.001 519.687
 44    75.452   -13.422  3.422   3 1 6 1 2 4 8 16 32 780.982 784.778
 45   -64.520   -13.232  3.169  13 1 6 1 2 4 8 16 32 662.506 666.129
 46     1.257    29.156  2.963   2 1 6 1 2 4 8 16 32 320.657 324.431
 47    -1.569   -35.974  3.193  10 1 6 1 2 4 8 16 32 160.689 164.262
 48    46.747     6.696  3.122  12 1 6 1 2 4 8 16 32 321.544 325.079
 49    82.080    27.057  3.032  24 1 6 1 2 4 8 16 32 218.037 221.627
 50    74.695    19.366  3.117  21 1 6 1 2 4 8 16 32 617.039 620.776
 51    47.015     9.338  3.025  18 1 6 1 2 4 8 16 32 498.471 501.940
 52   -62.036   -21.326  3.053   5 1 6 1 2 4 8 16 32 120.652 124.487
 53     9.192    20.038  3.007  15 1 6 1 2 4 8 16 32 92.681 96.282
 54    -3.094    21.582  3.084  11 1 6 1 2 4 8 16 32 399.750 403.404
 55   -75.446    13.086  2.963   7 1 6 1 2 4 8 16 32 777.180 780.788
 56    10.034   -63.739  3.246   3 1 6 1 2 4 8 16 32 505.885 509.685
 57    71.814    26.501  2.991  17 1 6 1 2 4 8 16 32 495.968 499.805
 58    18.842   -38.019  3.055 -14 1 6 1 2 4 8 16 32 603.374 607.114
 59   -10.541   -31.305  3.226  14 1 6 1 2 4 8 16 32 693.474 696.994
 60     8.252   -91.150  3.132   7 1 6 1 2 4 8 16 32 230.005 233.512
 61    72.821   -38.916  3.211  12 1 6 1 2 4 8 16 32 277.098 280.562
 62   -30.157    38.776  2.980   5 1 6 1 2 4 8 16 32 704.025 707.632
 63   -56.256    -5.548  3.218 -11 1 6 1 2 4 8 16 32 781.763 785.378
 64    -8.398   -37.604  3.182 -17 1 6 1 2 4 8 16 32 293.737 297.540
 65    15.021    13.708  3.430   3 1 6 1 2 4 8 16 32 791.927 795.390
 66   -60.199    24.292  3.166   7 1 6 1 2 4 8 16 32 231.971 235.791
 67   -13.794   -27.106  3.118  13 1 6 1 2 4 8 16 32 500.387 504.107
 68   -34.796   -22.205  3.119  20 1 6 1 2 4 8 16 32 182.232 185.935
 69    69.641    83.057  2.994 -13 1 6 1 2 4 8 16 32 420.151 423.992
 70   -44.440    30.090  3.135   4 1 6 1 2 4 8 16 32 632.092 635.789
 71    48.633     3.021  3.131  -3 1 6 1 2 4 8 16 32 437.468 441.267
 72   -15.314    51.709  3.266  24 1 6 1 2 4 8 16 32 464.556 468.102
 73    36.261    26.782  3.039  23 1 6 1 2 4 8 16 32 590.261 594.080
 74    59.961    24.310  3.228  21 1 6 1 2 4 8 16 32 379.945 383.487
 75    55.304     6.628  3.440  23 1 6 1 2 4 8 16 32 720.401 724.162
 76    39.960    48.297  3.073 -10 1 6 1 2 4 8 16 32 320.160 323.825
 77   -48.895   -71.100  2.978  21 1 6 1 2 4 8 16 32 474.783 478.260
 78    -2.338   -62.909  3.159  24 1 6 1 2 4 8 16 32 291.185 294.925
 79     9.491   -41.901  3.347   9 1 6 1 2 4 8 16 32 274.212 277.791
 80   -54.675   -18.439  3.345  22 1 6 1 2 4 8 16 32 609.765 613.562
 81    10.980    -7.605  3.394   3 1 6 1 2 4 8 16 32 129.600 133.172
 82   -69.824   -50.354  3.440   6 1 6 1 2 4 8 16 32 147.305 151.073
 83   -40.308    -7.452  3.378 -11 1 6 1 2 4 8 16 32 395.572 399.058
 84    62.244    43.628  3.298  10 1 6 1 2 4 8 16 32 561.705 565.197
 85    29.077    63.116  3.037  15 1 6 1 2 4 8 16 32 429.473 433.138
 86   -12.067   -21.509  2.918   9 1 6 1 2 4 8 16 32 572.622 576.094
 87    14.728    28.906  3.120  20 1 6 1 2 4 8 16 32 203.177 206.895
 88   -63.086   -60.114  3.395  19 1 6 1 2 4 8 16 32 301.429 305.152
 89    33.655    -0.928  3.021  19 1 6 1 2 4 8 16 32 767.402 771.143
 90   -12.225    14.148  3.342  19 1 6 1 2 4 8 16 32 865.209 868.741
 91   -89.966    51.514  3.133 -20 1 6 1 2 4 8 16 32 767.865 771.667
 92    -0.763    41.339  2.974  -1 1 6 1 2 4 8 16 32 666.472 670.008
 93    80.695    32.983  3.343  15 1 6 1 2 4 8 16 32 652.607 656.245
 94   -53.394   -14.240  3.439  18 1 6 1 2 4 8 16 32 447.169 450.804
 95   -53.284   -64.136  3.009   2 1 6 1 2 4 8 16 32 141.066 144.759
 96    73.260    10.669  2.887 -25 1 6 1 2 4 8 16 32 496.615 500.090
 97    59.613    13.452  2.964  20 1 6 1 2 4 8 16 32 161.968 165.526
 98   -37.012     6.476  3.058  18 1 6 1 2 4 8 16 32 263.535 267.051
 99   -53.656    21.692  3.056   8 1 6 1 2 4 8 16 32 650.887 654.366
100   -36.890    18.372  3.202  -3 1 6 1 2 4 8 16 32 155.770 159.596
101    -4.608   -13.806  3.386   2 1 6 1 2 4 8 16 32 267.797 271.349
102    53.802    36.993  3.149  15 1 6 1 2 4 8 16 32 217.792 221.258
103    48.468   -66.040  3.085  21 1 6 1 2 4 8 16 32 750.993 754.712
104   -46.393   -20.929  2.979   6 1 6 1 2 4 8 16 32 257.981 261.540
105   -15.045   -40.845  3.346  24 1 6 1 2 4 8 16 32 186.920 190.489
106   -73.621    -9.552  2.981  19 1 6 1 2 4 8 16 32 675.991 679.625
107    92.847    45.587  3.007  23 1 6 1 2 4 8 16 32 337.274 341.057
108    33.557    28.064  3.097 -16 1 6 1 2 4 8 16 32 476.720 480.390
109    47.321    24.414  3.429  16 1 6 1 2 4 8 16 32 379.905 383.492
110    -6.610   -30.157  3.053   9 1 6 1 2 4 8 16 32 545.103 548.724
111    12.103    23.840  3.396   1 1 6 1 2 4 8 16 32 525.692 529.193
112   -61.963    26.239  2.986  10 1 6 1 2 4 8 16 32 495.445 499.161
113    23.877     9.808  2.925 -14 1 6 1 2 4 8 16 32 116.230 119.995
114    49.780     6.866  3.175  11 1 6 1 2 4 8 16 32 651.275 655.085
115   -53.021   -21.484  3.301   4 1 6 1 2 4 8 16 32 182.751 186.551
116    54.962     2.985  2.951  23 1 6 1 2 4 8 16 32 112.925 116.524
117     4.865   -69.586  3.018  23 1 6 1 2 4 8 16 32 492.797 496.284
118    33.948    45.209  2.981  22 1 6 1 2 4 8 16 32 378.963 382.774
119   -32.166   -23.621  3.008  11 1 6 1 2 4 8 16 32 465.142 468.655
120   -17.548   -46.765  3.140 -14 1 6 1 2 4 8 16 32 609.578 613.233
121    31.744    33.972  2.912  12 1 6 1 2 4 8 16 32 371.985 375.489
122    45.374    22.131  3.441  13 1 6 1 2 4 8 16 32 608.229 611.742
123    -5.219   -23.114  3.322 -11 1 6 1 2 4 8 16 32 646.813 650.349
124   -51.056   -46.545  3.049   9 1 6 1 2 4 8 16 32 693.811 697.337
125    11.774    11.133  3.404   6 1 6 1 2 4 8 16 32 396.992 400.701
126   -39.758   -13.019  3.449  25 1 6 1 2 4 8 16 32 472.723 476.372
127    27.930    29.321  3.012  21 1 6 1 2 4 8 16 32 326.721 330.290
128    33.740    66.595  3.194  13 1 6 1 2 4 8 16 32 328.071 331.892
129   -91.815    29.858  3.217  23 1 6 1 2 4 8 16 32 254.153 257.947
130   -24.628   -68.701  3.013   8 1 6 1 2 4 8 16 32 229.780 233.400
131    44.659    20.465  3.425   7 1 6 1 2 4 8 16 32 247.875 251.387
132    45.447   -21.069  3.453   8 1 6 1 2 4 8 16 32 428.846 432.514
133   -37.366   -12.097  3.105  -9 1 6 1 2 4 8 16 32 416.977 420.491
134    41.998     0.153  3.338  -2 1 6 1 2 4 8 16 32 824.423 828.042
135   -42.822   -30.170  3.439 -24 1 6 1 2 4 8 16 32 465.674 469.298
136    34.906    -4.578  3.291  -7 1 6 1 2 4 8 16 32 697.664 701.279
137   -65.137   -43.079  3.304 -23 1 6 1 2 4 8 16 32 730.742 734.533
138    20.270    -4.999  3.292  21 1 6 1 2 4 8 16 32 73.202 77.019
139   -36.731    -8.929  3.129  12 1 6 1 2 4 8 16 32 652.236 655.765
140   -26.984   -19.568  2.953  23 1 6 1 2 4 8 16 32 630.377 633.999
141   -31.299   -83.813  3.025  18 1 6 1 2 4 8 16 32 556.504 560.210
142   -26.794    12.506  3.270   5 1 6 1 2 4 8 16 32 128.017 131.577
143   -39.362   -58.521  3.280  15 1 6 1 2 4 8 16 32 165.684 169.159
144   -34.369     0.610  2.975  11 1 6 1 2 4 8 16 32 533.878 537.622
145    43.372     4.187  2.931   8 1 6 1 2 4 8 16 32 832.721 836.528
146   -38.226    -9.448  3.148   2 1 6 1 2 4 8 16 32 653.262 657.076
147   -25.610   -99.237  3.434   6 1 6 1 2 4 8 16 32 721.596 725.428
148    48.059    29.517  3.433 -23 1 6 1 2 4 8 16 32 259.276 262.921
149   -43.628   -32.318  3.314   9 1 6 1 2 4 8 16 32 381.332 385.115
150   -16.602   -29.327  3.098   1 1 6 1 2 4 8 16 32 797.128 800.943
151   -29.810   -12.408  3.173  12 1 6 1 2 4 8 16 32 90.967 94.531
152   -51.910   -28.711  3.273  17 1 6 1 2 4 8 16 32 235.429 238.997
153    -1.801   -18.671  3.280   2 1 6 1 2 4 8 16 32 695.914 699.654
154    18.738    21.399  3.170  -5 1 6 1 2 4 8 16 32 336.107 339.754
155    60.120     7.788  3.448   1 1 6 1 2 4 8 16 32 126.895 130.596
156    43.079    42.017  3.403 -20 1 6 1 2 4 8 16 32 510.763 514.367
157   -39.435    -5.902  3.247  19 1 6 1 2 4 8 16 32 186.417 190.245
158   -35.889   -16.034  3.189  13 1 6 1 2 4 8 16 32 488.551 492.046
159   -41.827    38.995  3.303  10 1 6 1 2 4 8 16 32 738.203 741.701
160    84.497    29.822  2.898  -9 1 6 1 2 4 8 16 32 482.686 486.335
161   -17.560   -10.480  3.082 -14 1 6 1 2 4 8 16 32 781.108 784.857
162   -48.383   -48.920  3.166   4 1 6 1 2 4 8 16 32 743.511 747.126
163   -49.335   -17.969  3.315  20 1 6 1 2 4 8 16 32 538.987 542.753
164    16.095    -2.490  2.955 -17 1 6 1 2 4 8 16 32 163.860 167.335
165    65.527    14.026  3.093 -19 1 6 1 2 4 8 16 32 245.074 248.738
166    -2.930    13.220  2.920  19 1 6 1 2 4 8 16 32 210.637 214.108
167   -18.768   -23.663  3.385  16 1 6 1 2 4 8 16 32 454.385 457.946
168   -91.095   -80.737  3.227   4 1 6 1 2 4 8 16 32 456.472 459.933
169   -21.088   -13.293  3.262   1 1 6 1 2 4 8 16 32 648.116 651.846
170    46.985    17.224  2.937  21 1 6 1 2 4 8 16 32 494.912 498.601
171   -61.957   -33.038  3.208   9 1 6 1 2 4 8 16 32 528.473 532.280
172    -9.003   -25.452  3.443   2 1 6 1 2 4 8 16 32 317.562 321.272
173    33.661    -7.666  3.213  24 1 6 1 2 4 8 16 32 784.454 787.992
174   -25.592   -10.840  2.973   1 1 6 1 2 4 8 16 32 302.188 305.657
175    36.560    -2.441  3.046  21 1 6 1 2 4 8 16 32 430.277 434.007
176     7.141    24.817  3.170  13 1 6 1 2 4 8 16 32 259.204 262.985
177   -43.170   -30.487  3.236  15 1 6 1 2 4 8 16 32 259.931 263.760
178   -21.228     0.751  3.015   4 1 6 1 2 4 8 16 32 326.322 329.843
179    19.696    10.767  2.899 -10 1 6 1 2 4 8 16 32 235.832 239.570
180    -6.494   -29.425  3.117  19 1 6 1 2 4 8 16 32 376.479 380.310
181    54.388     8.630  3.193  -1 1 6 1 2 4 8 16 32 762.659 766.481
182    64.203    77.612  3.440 -25 1 6 1 2 4 8 16 32 721.272 724.936
183    40.381     1.611  3.221   3 1 6 1 2 4 8 16 32 244.245 247.930
184   -41.711    -5.133  2.959  21 1 6 1 2 4 8 16 32 370.109 373.777
185    74.274   -19.922  3.058   7 1 6 1 2 4 8 16 32 232.593 236.055
186   -73.999   -54.626  3.372  18 1 6 1 2 4 8 16 32 422.994 426.634
187    29.706    15.454  3.332  -3 1 6 1 2 4 8 16 32 798.615 802.207
188    23.785    12.177  3.421   1 1 6 1 2 4 8 16 32 522.955 526.620
189    42.578    45.325  3.074   2 1 6 1 2 4 8 16 32 752.180 755.739
190   -16.730   -16.559  3.129   8 1 6 1 2 4 8 16 32 766.469 770.272
191   -14.697    -0.116  2.950  10 1 6 1 2 4 8 16 32 589.242 592.786
192   -19.769     8.392  3.177  19 1 6 1 2 4 8 16 32 477.418 480.881
193   -30.267    14.893  3.377 -17 1 6 1 2 4 8 16 32 426.719 430.485
194   -63.116   -67.462  3.243  19 1 6 1 2 4 8 16 32 399.750 403.425
195    86.029    38.916  2.929  24 1 6 1 2 4 8 16 32 521.609 525.226
196    79.480   -24.866  3.192  24 1 6 1 2 4 8 16 32 321.447 325.067
197    35.144    14.734  3.408   6 1 6 1 2 4 8 16 32 592.645 596.147
198   -49.365    -9.052  3.132   2 1 6 1 2 4 8 16 32 220.455 224.057
199   -49.475   -17.578  3.196   7 1 6 1 2 4 8 16 32 735.500 739.265
200    57.501    16.327  2.975  10 1 6 1 2 4 8 16 32 274.774 278.527
201    54.889    12.024  2.910  13 1 6 1 2 4 8 16 32 764.837 768.522
202   -53.027   -33.179  3.370  20 1 6 1 2 4 8 16 32 552.073 555.855
203    -0.415    16.644  3.128   1 1 6 1 2 4 8 16 32 766.667 770.477
204    21.594    16.144  3.357 -17 1 6 1 2 4 8 16 32 607.386 611.074
205   -46.924   -49.261  3.009  17 1 6 1 2 4 8 16 32 144.101 147.923
206    18.457    19.733  3.332  16 1 6 1 2 4 8 16 32 490.978 494.608
207    35.822    19.763  2.904   9 1 6 1 2 4 8 16 32 340.595 344.286
208    71.869    29.034  3.456  25 1 6 1 2 4 8 16 32 787.964 791.508
209   -56.378   -42.755  3.222   1 1 6 1 2 4 8 16 32 308.368 312.181
210   -25.800    25.159  3.089  23 1 6 1 2 4 8 16 32 87.146 90.783
211    -5.676    33.850  3.131  10 1 6 1 2 4 8 16 32 548.764 552.405
212    54.041    -5.292  2.882  15 1 6 1 2 4 8 16 32 486.040 489.639
213   -63.074    27.380  3.096  25 1 6 1 2 4 8 16 32 577.662 581.146
214   -16.864   -49.768  3.034 -25 1 6 1 2 4 8 16 32 674.613 678.378
215    47.919    13.629  3.266  16 1 6 1 2 4 8 16 32 338.497 342.092
216   -10.724    -2.075  3.030   1 1 6 1 2 4 8 16 32 314.928 318.693
217   -15.067   -23.950 0.000   0 0 0 0.000 960.420
218    38.791    22.443 0.000   0 0 0 0.000 960.420
219   -41.833   -35.361 0.000   0 0 0 0.000 960.420
220   -29.523    -4.843 0.000   0 0 0 0.000 960.420
221    49.725    11.990 0.000   0 0 0 0.000 960.420
222    21.133    14.142 0.000   0 0 0 0.000 960.420
