6 4 288 6
0 170
0 170
0 170
0 170
0 170
0 170
  1    12.805     1.886  3.455  10 1 6 1 2 4 8 16 32 298.695 302.314
  2    18.213     1.373  3.141  21 1 6 1 2 4 8 16 32 318.421 322.349
  3    57.947   -48.779  3.157   8 1 6 1 2 4 8 16 32 170.787 174.664
  4   -52.429   -84.088  3.008  23 1 6 1 2 4 8 16 32 645.761 649.439
  5    60.797   -32.593  3.093  10 1 6 1 2 4 8 16 32 173.012 176.874
  6    23.151     4.205  3.084   9 1 6 1 2 4 8 16 32 504.198 507.866
  7    25.385    22.986  3.336  21 1 6 1 2 4 8 16 32 210.102 214.029
  8    25.513   -52.985  3.082  16 1 6 1 2 4 8 16 32 361.938 365.743
  9   -49.261   -41.718  3.278  21 1 6 1 2 4 8 16 32 743.552 747.222
 10   -37.561   -41.730  3.120   3 1 6 1 2 4 8 16 32 562.656 566.279
 11   -14.520    48.962  3.288  24 1 6 1 2 4 8 16 32 419.490 423.158
 12    41.229   -24.500  3.032  -2 1 6 1 2 4 8 16 32 373.912 377.713
 13   -21.863     0.916  3.035   4 1 6 1 2 4 8 16 32 699.276 702.932
 14   -48.181   -16.284  3.325  18 1 6 1 2 4 8 16 32 169.567 173.209
 15    -7.776    44.348  2.986   5 1 6 1 2 4 8 16 32 548.869 552.564
 16    20.801    10.760  3.029  13 1 6 1 2 4 8 16 32 639.634 643.219
 17   -29.712   -46.326  3.281  13 1 6 1 2 4 8 16 32 263.145 266.714
 18   -20.203   -59.564  3.073  14 1 6 1 2 4 8 16 32 192.190 195.958
 19   -87.079   -52.899  3.418  10 1 6 1 2 4 8 16 32 759.171 762.884
 20     3.046    -6.305  3.492   3 1 6 1 2 4 8 16 32 431.824 435.516
 21    11.865     5.261  3.272  -1 1 6 1 2 4 8 16 32 308.831 312.468
 22   -24.072   -55.927  3.265  11 1 6 1 2 4 8 16 32 106.317 110.090
 23   -22.803     5.658  3.119 -16 1 6 1 2 4 8 16 32 504.642 508.564
 24   -51.904     9.412  3.453  -6 1 6 1 2 4 8 16 32 317.279 321.035
 25    12.732   -40.967  3.013 -18 1 6 1 2 4 8 16 32 923.389 926.960
 26   -30.988     7.654  3.318  11 1 6 1 2 4 8 16 32 68.308 72.020
 27    37.512     0.458  3.165  15 1 6 1 2 4 8 16 32 727.462 731.387
 28     2.954    -8.563  3.189  17 1 6 1 2 4 8 16 32 76.898 80.489
 29     0.549     3.644  3.406 -17 1 6 1 2 4 8 16 32 776.648 780.309
 30   -52.484     9.711  3.277   1 1 6 1 2 4 8 16 32 641.366 644.998
 31    33.936   -48.718  3.308   1 1 6 1 2 4 8 16 32 268.505 272.311
 32   -13.129   -53.601  3.549  18 1 6 1 2 4 8 16 32 152.216 155.899
 33   -99.591    23.303  3.405   3 1 6 1 2 4 8 16 32 393.155 397.043
 34     6.439    -3.516  3.348  21 1 6 1 2 4 8 16 32 195.792 199.483
 35   -14.032   -19.818  3.188  22 1 6 1 2 4 8 16 32 254.960 258.692
 36   -24.677    16.608  3.506  14 1 6 1 2 4 8 16 32 808.122 811.747
 37   -10.260   -81.769  3.545   4 1 6 1 2 4 8 16 32 849.391 853.066
 38    35.858     5.597  3.559 -17 1 6 1 2 4 8 16 32 392.833 396.699
 39   -11.603    42.908  3.526  16 1 6 1 2 4 8 16 32 348.997 352.759
 40   -34.662   -15.466  3.281   8 1 6 1 2 4 8 16 32 913.030 916.786
 41    66.852     1.135  2.984  14 1 6 1 2 4 8 16 32 144.942 148.727
 42     6.866    -1.416  3.487  23 1 6 1 2 4 8 16 32 410.038 413.884
 43     1.660    -2.234  3.551   1 1 6 1 2 4 8 16 32 746.435 750.029
 44    37.561    11.450  3.285  21 1 6 1 2 4 8 16 32 488.575 492.412
 45    51.672   -26.343  3.315 -10 1 6 1 2 4 8 16 32 614.694 618.481
 46    19.025   -10.889  3.404  19 1 6 1 2 4 8 16 32 816.304 819.894
 47   -37.982    -6.360  3.176   6 1 6 1 2 4 8 16 32 706.912 710.667
 48   -56.537   -42.334  3.216   4 1 6 1 2 4 8 16 32 455.801 459.511
 49     1.099   -14.624  3.228  18 1 6 1 2 4 8 16 32 256.240 260.145
 50   -56.238    -3.076  3.276 -23 1 6 1 2 4 8 16 32 386.655 390.339
 51   -23.669   -15.289  3.508  25 1 6 1 2 4 8 16 32 109.980 113.920
 52   -34.277    -1.410  3.088  17 1 6 1 2 4 8 16 32 649.810 653.553
 53   -64.178    63.812  3.348  11 1 6 1 2 4 8 16 32 514.449 518.024
 54   -47.083   -20.386  3.262  20 1 6 1 2 4 8 16 32 873.422 876.999
 55   -33.710     8.380  3.211   9 1 6 1 2 4 8 16 32 164.391 167.976
 56    34.290    26.031  3.091  23 1 6 1 2 4 8 16 32 734.982 738.933
 57   -38.861    42.114  3.113  14 1 6 1 2 4 8 16 32 459.366 463.012
 58   -92.731    44.885  3.074   7 1 6 1 2 4 8 16 32 482.555 486.365
 59    23.633    27.643  3.442  15 1 6 1 2 4 8 16 32 293.434 297.214
 60   -67.139   -67.078  3.216  22 1 6 1 2 4 8 16 32 750.430 754.048
 61    25.726   -25.836  3.309   4 1 6 1 2 4 8 16 32 411.623 415.449
 62   -40.985   -16.895  3.026  14 1 6 1 2 4 8 16 32 332.048 335.878
 63    77.008    -6.097  3.279  24 1 6 1 2 4 8 16 32 132.206 136.056
 64   -54.810    -1.935  3.542  13 1 6 1 2 4 8 16 32 269.678 273.370
 65   -53.943   -29.663  3.555   9 1 6 1 2 4 8 16 32 859.036 862.762
 66    16.089   -27.887  3.448   3 1 6 1 2 4 8 16 32 516.808 520.561
 67   -59.436    36.487  3.249  23 1 6 1 2 4 8 16 32 117.755 121.530
 68    34.473    25.391  3.051  -2 1 6 1 2 4 8 16 32 818.742 822.435
 69    -9.283    -6.689  3.385  23 1 6 1 2 4 8 16 32 376.600 380.453
 70   -85.559   -20.477  3.122   8 1 6 1 2 4 8 16 32 591.069 594.755
 71    29.523    18.347  3.180  23 1 6 1 2 4 8 16 32 857.252 861.206
 72    27.814     6.512  3.037 -13 1 6 1 2 4 8 16 32 618.808 622.562
 73    42.151   -25.580  3.012  25 1 6 1 2 4 8 16 32 701.274 704.855
 74    82.202    85.828  2.994 -25 1 6 1 2 4 8 16 32 261.899 265.595
 75   -47.766   -35.590  3.266  20 1 6 1 2 4 8 16 32 315.990 319.723
 76    22.015   -20.349  3.443  -9 1 6 1 2 4 8 16 32 250.127 253.879
 77   -55.756   -33.490  3.164  15 1 6 1 2 4 8 16 32 428.965 432.566
 78    62.006    -1.453  2.982   4 1 6 1 2 4 8 16 32 210.375 214.111
 79    25.549    -3.796  3.227   1 1 6 1 2 4 8 16 32 373.541 377.261
 80   -43.372    -7.379  3.074   7 1 6 1 2 4 8 16 32 879.071 882.639
 81    60.297    52.637  3.249  12 1 6 1 2 4 8 16 32 486.967 490.851
 82   -96.155    34.100  3.069  -5 1 6 1 2 4 8 16 32 727.639 731.505
 83   -32.806    -3.845  3.127   8 1 6 1 2 4 8 16 32 160.826 164.505
 84   -47.827   -45.203  3.183   1 1 6 1 2 4 8 16 32 188.708 192.472
 85   -31.128   -93.848  3.225 -24 1 6 1 2 4 8 16 32 865.591 869.256
 86   -17.010   -21.857  3.011  23 1 6 1 2 4 8 16 32 592.175 596.001
 87    -8.386    -2.264  3.094  12 1 6 1 2 4 8 16 32 821.027 824.775
 88    35.834    13.147  3.208   2 1 6 1 2 4 8 16 32 747.875 751.443
 89    29.315    54.468  3.234  22 1 6 1 2 4 8 16 32 219.411 223.341
 90    48.352    -8.783  3.183   3 1 6 1 2 4 8 16 32 193.400 197.273
 91    -2.930    27.039  3.455  12 1 6 1 2 4 8 16 32 411.559 415.499
 92   -16.620   -55.389  2.980 -16 1 6 1 2 4 8 16 32 352.479 356.082
 93   -40.851   -47.742  3.416   8 1 6 1 2 4 8 16 32 95.789 99.452
 94   -12.878    -2.039  3.531  25 1 6 1 2 4 8 16 32 473.164 477.119
 95   -51.776     7.281  3.515   6 1 6 1 2 4 8 16 32 411.158 414.799
 96   -32.922    23.828  3.563  24 1 6 1 2 4 8 16 32 812.256 816.104
 97    13.983   -34.521  3.164  16 1 6 1 2 4 8 16 32 430.019 433.722
 98   -35.834   -23.834  3.097   7 1 6 1 2 4 8 16 32 461.981 465.562
 99    91.858     5.542  3.260   9 1 6 1 2 4 8 16 32 762.663 766.600
100   -28.442   -34.180  3.400 -23 1 6 1 2 4 8 16 32 440.192 444.131
101    33.844    27.875  3.083  24 1 6 1 2 4 8 16 32 800.769 804.449
102    98.431    31.348  3.068  19 1 6 1 2 4 8 16 32 680.270 684.141
103   -57.751   -27.753  3.279   9 1 6 1 2 4 8 16 32 723.141 726.843
104   -43.890    13.007  3.481  10 1 6 1 2 4 8 16 32 340.464 344.270
105    37.585    49.768  2.995 -23 1 6 1 2 4 8 16 32 512.824 516.442
106    -3.687     7.373  3.495  -2 1 6 1 2 4 8 16 32 517.984 521.684
107   -98.242    61.658  3.422   5 1 6 1 2 4 8 16 32 556.634 560.453
108   -23.560   -32.520  3.234  25 1 6 1 2 4 8 16 32 87.517 91.375
109    22.980   -18.109  3.547  17 1 6 1 2 4 8 16 32 212.309 215.923
110    43.915    -2.985  3.257  23 1 6 1 2 4 8 16 32 554.668 558.262
111    71.509    11.652  3.264  23 1 6 1 2 4 8 16 32 831.982 835.770
112   -43.011   -38.702  3.514  13 1 6 1 2 4 8 16 32 687.334 691.167
113   -83.954     2.179  3.198   2 1 6 1 2 4 8 16 32 418.547 422.468
114    11.090   -40.942  3.499  24 1 6 1 2 4 8 16 32 839.384 843.125
115    27.173   -13.330  3.397  22 1 6 1 2 4 8 16 32 677.054 680.647
116   -86.102   -59.808  3.339 -20 1 6 1 2 4 8 16 32 654.548 658.502
117   -22.345   -78.278  3.053  15 1 6 1 2 4 8 16 32 290.622 294.549
118   -38.727   -33.588  3.468 -12 1 6 1 2 4 8 16 32 108.295 112.238
119    -1.227   -28.668  3.356 -17 1 6 1 2 4 8 16 32 413.198 416.887
120    81.329   -44.244  3.414  21 1 6 1 2 4 8 16 32 684.854 688.703
121    51.904    19.891  3.327  10 1 6 1 2 4 8 16 32 787.394 791.057
122   -34.973   -27.856  3.426   4 1 6 1 2 4 8 16 32 504.270 508.006
123   -51.483   -23.248  3.396 -21 1 6 1 2 4 8 16 32 398.213 401.860
124    -0.647   -46.057  3.321   3 1 6 1 2 4 8 16 32 273.430 277.182
125    68.219   -66.986  2.987 -17 1 6 1 2 4 8 16 32 534.364 538.276
126   -15.149   -25.482  3.427  19 1 6 1 2 4 8 16 32 729.750 733.643
127    22.412   -34.375  3.164 -10 1 6 1 2 4 8 16 32 670.895 674.768
128    36.176   -10.431  3.050  21 1 6 1 2 4 8 16 32 310.502 314.246
129   -23.639   -47.681  3.013  21 1 6 1 2 4 8 16 32 750.983 754.587
130   -14.722    32.684  3.307   6 1 6 1 2 4 8 16 32 231.937 235.893
131    16.821   -12.720  3.434   8 1 6 1 2 4 8 16 32 89.685 93.409
132    93.378    23.004  3.014   8 1 6 1 2 4 8 16 32 783.608 787.503
133    40.344   -24.176  3.274  13 1 6 1 2 4 8 16 32 621.257 625.014
134     5.530    -4.901  3.348   7 1 6 1 2 4 8 16 32 216.330 220.174
135   -78.015     1.270  3.439  11 1 6 1 2 4 8 16 32 172.914 176.697
136    51.569   -45.673  3.220 -18 1 6 1 2 4 8 16 32 597.863 601.511
137    49.249   -30.896  3.505  10 1 6 1 2 4 8 16 32 308.043 311.976
138   -62.195   -21.399  3.131  25 1 6 1 2 4 8 16 32 446.655 450.477
139    -5.048     7.306  3.215   7 1 6 1 2 4 8 16 32 864.176 868.118
140     1.727   -70.221  3.319  17 1 6 1 2 4 8 16 32 880.567 884.154
141     1.361    -3.564  3.095  20 1 6 1 2 4 8 16 32 335.511 339.329
142   -15.521    16.425  3.547  18 1 6 1 2 4 8 16 32 442.795 446.678
143   -31.604   -60.938  3.106  21 1 6 1 2 4 8 16 32 285.347 289.216
144   -46.997   -55.560  3.199  14 1 6 1 2 4 8 16 32 373.011 376.613
145     2.301     5.536  3.498  -2 1 6 1 2 4 8 16 32 143.708 147.541
146   -30.328    -0.580  3.190 -18 1 6 1 2 4 8 16 32 322.887 326.743
147   -16.821    17.664  3.222  10 1 6 1 2 4 8 16 32 627.309 631.159
148    52.655    29.034  3.381   5 1 6 1 2 4 8 16 32 618.303 622.190
149   -11.993   -83.771  3.408  15 1 6 1 2 4 8 16 32 446.772 450.660
150    41.632    43.048  3.207 -17 1 6 1 2 4 8 16 32 758.998 762.803
151     8.508    -2.539  2.991  12 1 6 1 2 4 8 16 32 736.638 740.448
152    31.512    -8.978  3.010  14 1 6 1 2 4 8 16 32 874.255 878.152
153    -3.339   -36.243  3.027   3 1 6 1 2 4 8 16 32 359.189 363.058
154   -26.379    13.776  3.209  -7 1 6 1 2 4 8 16 32 222.072 225.841
155    28.430    10.571  3.353 -21 1 6 1 2 4 8 16 32 102.044 105.615
156     5.975    27.289  3.380   7 1 6 1 2 4 8 16 32 147.754 151.619
157   -32.135   -45.068  3.390   5 1 6 1 2 4 8 16 32 477.159 480.927
158    31.097    -7.916  3.534  24 1 6 1 2 4 8 16 32 810.235 814.124
159    28.198   -29.755  3.375  13 1 6 1 2 4 8 16 32 130.273 133.956
160   -39.612   -33.594  3.254 -18 1 6 1 2 4 8 16 32 172.335 176.156
161   -19.220    -5.133  3.137  19 1 6 1 2 4 8 16 32 677.861 681.595
162   -10.114    69.977  3.455  22 1 6 1 2 4 8 16 32 861.237 865.073
163    22.894   -44.348  3.226  13 1 6 1 2 4 8 16 32 657.737 661.428
164   -34.741     0.580  3.154 -10 1 6 1 2 4 8 16 32 722.755 726.335
165   -44.952   -77.734  3.251   4 1 6 1 2 4 8 16 32 308.452 312.342
166   -23.749   -56.012  3.050  17 1 6 1 2 4 8 16 32 654.334 657.987
167    69.073   -97.125  3.490   2 1 6 1 2 4 8 16 32 575.714 579.646
168    12.170   -59.869  3.384  18 1 6 1 2 4 8 16 32 684.228 688.044
169    47.339    17.365  3.125  -2 1 6 1 2 4 8 16 32 595.513 599.317
170    -4.706    14.056  3.283  18 1 6 1 2 4 8 16 32 766.347 770.060
171   -52.374   -50.244  3.319  13 1 6 1 2 4 8 16 32 304.194 307.790
172    39.215   -29.773  3.207  24 1 6 1 2 4 8 16 32 777.110 780.713
173   -42.316   -60.602  3.195  25 1 6 1 2 4 8 16 32 385.788 389.507
174    19.135    41.150  3.474   2 1 6 1 2 4 8 16 32 730.773 734.375
175   -54.706   -17.596  3.071  -2 1 6 1 2 4 8 16 32 93.998 97.912
176    11.737   -83.173  3.438   7 1 6 1 2 4 8 16 32 122.147 125.804
177   -40.582   -53.247  3.164 -23 1 6 1 2 4 8 16 32 417.205 420.980
178    -6.421    21.967  3.305 -21 1 6 1 2 4 8 16 32 474.952 478.697
179   -31.268   -34.613  3.203 -18 1 6 1 2 4 8 16 32 413.322 417.181
180    -3.668   -26.868  3.562  21 1 6 1 2 4 8 16 32 532.759 536.535
181    13.409   -22.302  3.301  23 1 6 1 2 4 8 16 32 294.826 298.464
182   -95.892   -86.322  3.249  16 1 6 1 2 4 8 16 32 520.523 524.201
183    88.983   -53.387  3.496  22 1 6 1 2 4 8 16 32 356.983 360.880
184   -55.048   -32.538  3.527  11 1 6 1 2 4 8 16 32 554.188 558.019
185    27.850   -10.028  3.485  22 1 6 1 2 4 8 16 32 309.583 313.291
186    40.918   -36.090  3.302  10 1 6 1 2 4 8 16 32 526.871 530.696
187   -58.350    15.814  3.238 -15 1 6 1 2 4 8 16 32 447.840 451.483
188   -52.161   -74.725  3.455  23 1 6 1 2 4 8 16 32 595.460 599.035
189   -66.772   -34.943  3.044   7 1 6 1 2 4 8 16 32 586.161 589.940
190   -33.374   -62.024  2.972  -1 1 6 1 2 4 8 16 32 782.038 785.991
191    -8.649    31.708  3.529  21 1 6 1 2 4 8 16 32 107.716 111.492
192   -26.166   -56.152  3.309  11 1 6 1 2 4 8 16 32 614.934 618.798
193   -39.874   -53.375  3.477  -2 1 6 1 2 4 8 16 32 283.828 287.560
194    71.643   -36.981  3.045 -24 1 6 1 2 4 8 16 32 369.617 373.309
195   -96.924     8.411  3.042  25 1 6 1 2 4 8 16 32 271.759 275.589
196    -2.911    36.200  3.262  17 1 6 1 2 4 8 16 32 578.266 581.966
197   -53.253    14.099  3.014  10 1 6 1 2 4 8 16 32 121.958 125.733
198    67.316   -39.734  3.272  18 1 6 1 2 4 8 16 32 763.669 767.422
199    -6.525    11.975  3.188   2 1 6 1 2 4 8 16 32 822.091 826.049
200    16.425    33.221  3.158  12 1 6 1 2 4 8 16 32 633.417 637.282
201   -19.061   -56.921  3.561  -4 1 6 1 2 4 8 16 32 764.175 767.854
202    25.189   -21.045  3.041   1 1 6 1 2 4 8 16 32 688.943 692.749
203    37.854    -5.524  3.536   1 1 6 1 2 4 8 16 32 551.214 554.889
204   -16.479    48.657  3.118   6 1 6 1 2 4 8 16 32 734.840 738.405
205     2.344   -16.516  3.083  22 1 6 1 2 4 8 16 32 173.983 177.697
206   -48.621   -12.390  3.008  25 1 6 1 2 4 8 16 32 155.930 159.694
207   -42.621   -50.006  3.233  21 1 6 1 2 4 8 16 32 878.525 882.397
208    16.016    11.169  3.422  18 1 6 1 2 4 8 16 32 88.353 91.944
209   -80.408   -60.583  3.552  14 1 6 1 2 4 8 16 32 646.465 650.278
210   -95.068    44.293  3.259  21 1 6 1 2 4 8 16 32 595.176 598.970
211    -6.885    24.884  3.040   4 1 6 1 2 4 8 16 32 734.521 738.269
212    -4.803    21.674  3.279   1 1 6 1 2 4 8 16 32 83.313 86.939
213     7.037   -45.337  3.195  18 1 6 1 2 4 8 16 32 318.037 321.705
214    31.293   -39.905  3.209   4 1 6 1 2 4 8 16 32 696.117 699.962
215    14.984    26.172  3.281   4 1 6 1 2 4 8 16 32 357.309 360.982
216    33.203   -52.289  3.530  -5 1 6 1 2 4 8 16 32 372.449 376.366
217   -59.277    39.667  3.237  15 1 6 1 2 4 8 16 32 603.571 607.450
218    30.054   -36.823  3.046   5 1 6 1 2 4 8 16 32 177.081 180.864
219     9.351   -39.044  3.404  22 1 6 1 2 4 8 16 32 548.564 552.258
220   -10.651    54.431  3.296  21 1 6 1 2 4 8 16 32 563.464 567.145
221    20.856   -26.465  3.204  17 1 6 1 2 4 8 16 32 207.536 211.481
222    19.617    17.865  3.232   8 1 6 1 2 4 8 16 32 88.704 92.332
223   -36.981   -92.950  3.199   4 1 6 1 2 4 8 16 32 829.035 832.883
224    -3.760    59.875  3.152   4 1 6 1 2 4 8 16 32 430.701 434.275
225    11.682   -63.336  3.439 -16 1 6 1 2 4 8 16 32 599.073 602.973
226     4.468   -36.133  3.492   5 1 6 1 2 4 8 16 32 401.973 405.931
227    47.040   -41.254  3.089  15 1 6 1 2 4 8 16 32 611.287 614.956
228    29.938   -58.710  3.390  25 1 6 1 2 4 8 16 32 631.545 635.350
229   -70.569    -7.037  3.060 -15 1 6 1 2 4 8 16 32 586.179 589.951
230    56.262     1.819  3.499   7 1 6 1 2 4 8 16 32 403.076 406.800
231    46.210   -53.522  3.095  19 1 6 1 2 4 8 16 32 268.389 272.347
232     6.366   -14.264  3.232  11 1 6 1 2 4 8 16 32 501.354 505.284
233   -34.540   -39.502  3.369  13 1 6 1 2 4 8 16 32 119.866 123.819
234   -50.537    28.357  2.981  24 1 6 1 2 4 8 16 32 828.417 832.209
235   -61.444   -10.901  3.369   4 1 6 1 2 4 8 16 32 105.413 109.194
236   -30.823    17.902  3.441 -13 1 6 1 2 4 8 16 32 330.357 334.055
237    49.658    24.469  3.156   6 1 6 1 2 4 8 16 32 776.940 780.861
238   -69.775   -41.406  3.275   4 1 6 1 2 4 8 16 32 353.513 357.430
239   -18.939    57.690  3.236  12 1 6 1 2 4 8 16 32 736.899 740.602
240   -22.449    15.771  3.113   4 1 6 1 2 4 8 16 32 182.482 186.232
241    -7.599    37.030  3.197   4 1 6 1 2 4 8 16 32 509.759 513.572
242    27.435    17.554  3.403 -25 1 6 1 2 4 8 16 32 579.002 582.923
243    45.526    -5.127  2.999 -25 1 6 1 2 4 8 16 32 384.341 387.969
244   -33.551   -25.586  3.539  14 1 6 1 2 4 8 16 32 64.052 67.924
245    -4.645    53.754  3.551  25 1 6 1 2 4 8 16 32 825.995 829.948
246   -41.119   -13.361  3.260 -13 1 6 1 2 4 8 16 32 744.846 748.725
247    23.010   -45.703  3.403  13 1 6 1 2 4 8 16 32 907.016 910.926
248    17.230     5.096  3.031  11 1 6 1 2 4 8 16 32 699.169 702.905
249    -6.818   -19.873  3.113  24 1 6 1 2 4 8 16 32 354.633 358.286
250    52.966    51.410  3.221   5 1 6 1 2 4 8 16 32 758.059 761.883
251   -28.662   -50.940  3.364  12 1 6 1 2 4 8 16 32 498.844 502.608
252    69.684   -51.520  2.984  -4 1 6 1 2 4 8 16 32 828.640 832.419
253    36.884   -17.371  3.319   5 1 6 1 2 4 8 16 32 545.288 549.247
254   -19.659    42.035  3.316  24 1 6 1 2 4 8 16 32 846.767 850.479
255    72.125    65.405  3.038  17 1 6 1 2 4 8 16 32 471.306 475.200
256   -71.368    59.863  3.177   4 1 6 1 2 4 8 16 32 188.820 192.670
257    18.317   -37.750  3.334   1 1 6 1 2 4 8 16 32 905.722 909.309
258    18.121     0.482  3.019  19 1 6 1 2 4 8 16 32 899.819 903.526
259    -1.105   -30.676  3.279   7 1 6 1 2 4 8 16 32 724.901 728.522
260   -44.574   -44.055  3.263 -24 1 6 1 2 4 8 16 32 828.139 832.028
261   -28.058   -59.436  3.172 -10 1 6 1 2 4 8 16 32 847.174 851.015
262    -7.953     4.639  3.416 -13 1 6 1 2 4 8 16 32 97.329 101.077
263   -37.366   -28.528  3.294  24 1 6 1 2 4 8 16 32 390.861 394.556
264     4.388   -38.489  3.041   3 1 6 1 2 4 8 16 32 118.612 122.276
265   -44.592   -35.333  3.510  14 1 6 1 2 4 8 16 32 740.979 744.778
266   -56.714   -39.252  3.341  -2 1 6 1 2 4 8 16 32 146.075 149.946
267    13.452   -32.159  3.151  24 1 6 1 2 4 8 16 32 449.374 453.243
268   -20.343   -11.182  2.972  11 1 6 1 2 4 8 16 32 259.502 263.207
269     3.436   -52.734  3.024   5 1 6 1 2 4 8 16 32 104.912 108.817
270    40.576   -54.492  3.000  14 1 6 1 2 4 8 16 32 370.678 374.534
271    31.952   -25.421  2.994  21 1 6 1 2 4 8 16 32 186.308 189.912
272   -57.434    38.525  3.009  14 1 6 1 2 4 8 16 32 864.100 867.805
273    47.510   -42.035  3.470  15 1 6 1 2 4 8 16 32 379.141 382.744
274   -28.143   -41.614  3.017   3 1 6 1 2 4 8 16 32 306.067 309.691
275    -2.258    -5.078  3.244 -15 1 6 1 2 4 8 16 32 563.506 567.178
276   -27.167   -27.936  3.297  15 1 6 1 2 4 8 16 32 797.579 801.151
277   -24.048   -47.192  3.312  21 1 6 1 2 4 8 16 32 323.458 327.070
278   -77.521   -55.084  3.564 -17 1 6 1 2 4 8 16 32 354.274 358.057
279   -62.036   -43.439  3.309  18 1 6 1 2 4 8 16 32 275.664 279.469
280   -71.936   -20.160  3.477  15 1 6 1 2 4 8 16 32 260.453 264.063
281   -66.504   -39.789  3.167  19 1 6 1 2 4 8 16 32 785.648 789.569
282    14.587    48.444  3.343   9 1 6 1 2 4 8 16 32 815.929 819.755
283    31.366   -29.462  3.152  10 1 6 1 2 4 8 16 32 675.208 678.934
284     6.512   -46.124  3.066  13 1 6 1 2 4 8 16 32 620.205 623.827
285     9.650    39.508  3.366  25 1 6 1 2 4 8 16 32 378.655 382.464
286    16.040    16.681  3.075   1 1 6 1 2 4 8 16 32 444.251 447.895
287     7.745   -75.378  3.370  11 1 6 1 2 4 8 16 32 85.761 89.626
288   -27.173    -4.462  3.351  25 1 6 1 2 4 8 16 32 608.481 612.344
289   -40.198   -12.781 0.000   0 0 0 0.000 990.110
290   -40.488   -35.864 0.000   0 0 0 0.000 990.110
291    -1.193     2.515 0.000   0 0 0 0.000 990.110
292    18.329   -35.468 0.000   0 0 0 0.000 990.110
293    23.746    -0.522 0.000   0 0 0 0.000 990.110
294   -46.396   -39.923 0.000   0 0 0 0.000 990.110
