6 1 48 4
500 200
500 200
500 200
500 200
  1   -29.730    64.136  3.233  12 1 4 1 2 4 8 731.231 734.725
  2   -30.664     5.463  2.978   8 1 4 1 2 4 8 781.287 784.846
  3    51.642     5.469  3.395  16 1 4 1 2 4 8 334.517 338.124
  4   -13.171    69.336  2.949   5 1 4 1 2 4 8 696.261 699.725
  5   -67.413    68.323  3.264  12 1 4 1 2 4 8 649.429 653.052
  6    48.907     6.274  3.262   5 1 4 1 2 4 8 214.902 218.394
  7     5.243    22.260  3.334  13 1 4 1 2 4 8 414.371 417.856
  8   -65.002    77.234  3.268  20 1 4 1 2 4 8 215.764 219.478
  9    -4.175    -1.569  2.963  13 1 4 1 2 4 8 182.991 186.765
 10    23.029    11.639  3.413  18 1 4 1 2 4 8 784.993 788.598
 11    25.482     6.287  3.429   7 1 4 1 2 4 8 283.969 287.423
 12   -42.615   -26.392  2.895   6 1 4 1 2 4 8 577.690 581.167
 13   -76.672    99.341  3.340   9 1 4 1 2 4 8 555.983 559.496
 14   -20.673    57.892  2.910   9 1 4 1 2 4 8 545.957 549.411
 15   -52.039     6.567  3.411   4 1 4 1 2 4 8 737.054 740.542
 16   -41.376    50.824  2.891  25 1 4 1 2 4 8 558.336 561.994
 17   -91.943    27.588  2.960   5 1 4 1 2 4 8 563.599 567.152
 18   -65.118    30.212  3.238  17 1 4 1 2 4 8 224.210 227.736
 19    18.597    96.716  3.345   3 1 4 1 2 4 8 621.959 625.716
 20   -40.942    83.209  3.053  16 1 4 1 2 4 8 336.044 339.649
 21   -37.756   -33.325  3.131  25 1 4 1 2 4 8 570.564 574.350
 22    23.767    29.083  3.000  21 1 4 1 2 4 8 671.163 674.940
 23   -43.030    20.453  2.973  14 1 4 1 2 4 8 284.479 287.925
 24   -35.297   -24.896  3.158  19 1 4 1 2 4 8 413.904 417.662
 25   -54.755    14.368  2.993  14 1 4 1 2 4 8 293.246 296.846
 26   -49.329    33.374  2.885   6 1 4 1 2 4 8 666.750 670.273
 27    57.404    23.822  3.147  16 1 4 1 2 4 8 186.919 190.511
 28   -22.754    55.408  3.413   9 1 4 1 2 4 8 422.771 426.223
 29   -56.622    73.340  3.283  20 1 4 1 2 4 8 782.531 786.188
 30   -38.562    -3.705  3.152  13 1 4 1 2 4 8 186.301 189.984
 31   -16.779    19.537  3.097  10 1 4 1 2 4 8 803.922 807.389
 32   -11.560    11.615  3.247  16 1 4 1 2 4 8 385.352 388.825
 33   -46.545    97.974  3.300  19 1 4 1 2 4 8 173.949 177.424
 34    16.229     9.320  3.208  22 1 4 1 2 4 8 139.019 142.551
 35     1.294     7.349  3.171  14 1 4 1 2 4 8 632.783 636.406
 36   -26.404    29.529  3.088  10 1 4 1 2 4 8 504.581 508.270
 37     4.352    14.685  3.133  11 1 4 1 2 4 8 767.113 770.614
 38   -50.665   -23.126  2.972  15 1 4 1 2 4 8 293.908 297.357
 39   -22.833    -9.814  3.359  13 1 4 1 2 4 8 347.456 350.940
 40   -71.100   -18.616  3.158  15 1 4 1 2 4 8 713.218 716.744
 41    -7.849    32.074  3.373   8 1 4 1 2 4 8 741.353 745.000
 42    11.877   -24.933  3.311  22 1 4 1 2 4 8 479.274 482.911
 43   -18.927   -23.730  3.287  24 1 4 1 2 4 8 451.217 454.935
 44   -11.920    11.755  3.012   3 1 4 1 2 4 8 155.477 159.013
 45    29.840    11.633  2.943  25 1 4 1 2 4 8 792.457 796.156
 46    12.268   -55.811  3.134  19 1 4 1 2 4 8 349.880 353.510
 47   -37.933   -21.613  3.182  21 1 4 1 2 4 8 743.647 747.109
 48    42.883    -2.966  3.195  10 1 4 1 2 4 8 568.349 571.978
 49     4.163    13.559 0.000   0 0 0 0.000 956.420
 50    21.387    17.105 0.000   0 0 0 0.000 956.420
 51   -36.118    49.097 0.000   0 0 0 0.000 956.420
 52   -31.201     0.235 0.000   0 0 0 0.000 956.420
