6 2 96 4
480 195
480 195
480 195
480 195
  1    33.588    30.750  2.929   4 1 4 1 2 4 8 750.795 754.084
  2    48.828    65.314  2.942  12 1 4 1 2 4 8 370.144 373.456
  3    86.176    59.344  3.005   3 1 4 1 2 4 8 581.642 584.971
  4    39.270   -33.057  3.157  15 1 4 1 2 4 8 288.098 291.402
  5   -23.370    86.853  2.941  13 1 4 1 2 4 8 169.550 172.975
  6    48.132    95.593  2.766  20 1 4 1 2 4 8 647.392 650.659
  7   -16.357    93.311  2.836  21 1 4 1 2 4 8 688.990 692.420
  8   -57.703   -65.601  3.066   4 1 4 1 2 4 8 394.336 397.669
  9     7.147    32.684  2.846  25 1 4 1 2 4 8 652.537 655.965
 10    42.950    68.701  3.027  21 1 4 1 2 4 8 151.890 155.348
 11    37.085    -2.112  2.766   7 1 4 1 2 4 8 465.911 469.164
 12    77.759    55.817  3.140   3 1 4 1 2 4 8 154.244 157.481
 13   -17.462   -56.567  2.975   9 1 4 1 2 4 8 599.627 602.821
 14    58.575    59.888  2.904   5 1 4 1 2 4 8 581.933 585.181
 15    57.776    15.344  3.036  20 1 4 1 2 4 8 645.260 648.746
 16   -22.327    36.072  2.754  21 1 4 1 2 4 8 226.162 229.626
 17    -7.080    30.493  2.778  19 1 4 1 2 4 8 312.207 315.569
 18    55.658    60.425  3.111   2 1 4 1 2 4 8 450.065 453.306
 19   -14.307    11.456  2.722  16 1 4 1 2 4 8 619.852 623.333
 20   -29.724    24.268  2.772  18 1 4 1 2 4 8 114.610 117.982
 21    43.219     0.739  2.876  24 1 4 1 2 4 8 682.216 685.480
 22    45.184    35.474  2.838  24 1 4 1 2 4 8 212.496 215.975
 23    64.484     2.240  3.132   8 1 4 1 2 4 8 251.889 255.287
 24    55.078    72.241  2.671  16 1 4 1 2 4 8 168.735 172.129
 25    16.925    15.741  3.147  19 1 4 1 2 4 8 616.505 619.810
 26    45.038    -3.723  3.035  12 1 4 1 2 4 8 595.520 598.970
 27   -76.782     5.939  2.876   9 1 4 1 2 4 8 393.453 396.876
 28    36.169     0.256  2.953   3 1 4 1 2 4 8 666.912 670.385
 29    29.218     8.936  2.933  15 1 4 1 2 4 8 521.565 524.884
 30    65.057     5.225  2.753   4 1 4 1 2 4 8 698.692 702.189
 31    42.175   -22.284  2.959  24 1 4 1 2 4 8 202.618 205.957
 32    25.574    31.726  2.896  22 1 4 1 2 4 8 785.895 789.248
 33    31.561    37.262  2.713  14 1 4 1 2 4 8 513.559 516.904
 34    66.498   -54.169  2.975  11 1 4 1 2 4 8 424.428 427.835
 35    46.576   -17.938  2.705  20 1 4 1 2 4 8 116.410 119.874
 36    65.063    40.875  3.037   5 1 4 1 2 4 8 158.510 161.896
 37    -2.716    24.768  3.110  11 1 4 1 2 4 8 241.378 244.851
 38   -40.002     3.870  2.881  12 1 4 1 2 4 8 216.473 219.983
 39   -73.505    57.043  2.744   7 1 4 1 2 4 8 396.669 400.135
 40    81.146   -25.714  2.928   1 1 4 1 2 4 8 496.997 500.448
 41    12.006    -7.965  2.858  23 1 4 1 2 4 8 772.757 776.178
 42    42.761    38.092  2.671  13 1 4 1 2 4 8 271.660 275.124
 43     3.857   -23.181  3.139   4 1 4 1 2 4 8 132.824 136.060
 44    -7.367    24.390  2.860  23 1 4 1 2 4 8 426.794 429.985
 45    35.944   -11.835  3.138  17 1 4 1 2 4 8 385.805 389.022
 46    52.075     9.692  3.028  13 1 4 1 2 4 8 687.739 690.991
 47    30.725    30.701  2.994   9 1 4 1 2 4 8 549.985 553.446
 48    41.223    77.924  2.774  10 1 4 1 2 4 8 321.951 325.251
 49    68.884   -40.546  2.850  22 1 4 1 2 4 8 475.215 478.492
 50    76.312    86.670  3.102  21 1 4 1 2 4 8 326.804 330.137
 51    63.934    78.540  2.781  13 1 4 1 2 4 8 317.428 320.691
 52    29.150    -9.961  2.946  25 1 4 1 2 4 8 331.582 335.011
 53    85.522    39.954  3.027   8 1 4 1 2 4 8 147.908 151.174
 54    31.775     3.870  2.746  20 1 4 1 2 4 8 430.481 433.895
 55   -20.544    19.086  3.079   3 1 4 1 2 4 8 506.700 509.985
 56    55.353    43.817  2.809   4 1 4 1 2 4 8 281.114 284.308
 57    35.406    10.278  2.948  13 1 4 1 2 4 8 571.079 574.418
 58    25.464    -0.287  2.828  18 1 4 1 2 4 8 509.236 512.640
 59    12.396     0.244  2.907   1 1 4 1 2 4 8 214.783 218.148
 60    18.359    20.917  2.788  10 1 4 1 2 4 8 403.929 407.140
 61    27.960   -15.039  2.998  16 1 4 1 2 4 8 724.875 728.269
 62    -3.192    19.879  3.131   9 1 4 1 2 4 8 375.472 378.878
 63     9.332   -41.351  2.959  13 1 4 1 2 4 8 369.239 372.451
 64   -20.581    38.177  3.135  23 1 4 1 2 4 8 597.550 600.807
 65    27.820    28.729  3.012  14 1 4 1 2 4 8 199.808 203.167
 66    59.027    42.310  3.066   5 1 4 1 2 4 8 366.623 369.806
 67    56.311    58.734  2.943   1 1 4 1 2 4 8 348.710 352.177
 68   -51.654    -0.342  2.917   6 1 4 1 2 4 8 535.092 538.492
 69     2.576    32.721  2.873  20 1 4 1 2 4 8 717.535 720.697
 70    15.131    -3.046  2.931  10 1 4 1 2 4 8 87.517 90.737
 71    66.595    34.937  2.955  19 1 4 1 2 4 8 232.401 235.812
 72    19.476    20.142  2.750  24 1 4 1 2 4 8 508.337 511.708
 73    -1.172    20.648  2.696   3 1 4 1 2 4 8 155.068 158.414
 74   -21.204    13.660  3.100   5 1 4 1 2 4 8 341.193 344.370
 75    98.846     1.257  2.823  13 1 4 1 2 4 8 770.264 773.587
 76    82.593    72.003  2.954   5 1 4 1 2 4 8 683.516 686.972
 77    30.017   -30.896  2.773   4 1 4 1 2 4 8 629.990 633.246
 78    33.228    41.663  2.758  12 1 4 1 2 4 8 683.669 687.034
 79    39.490    -8.539  3.151  11 1 4 1 2 4 8 714.649 718.071
 80    54.498    70.813  3.095  20 1 4 1 2 4 8 572.515 575.698
 81     3.058    10.248  3.078  13 1 4 1 2 4 8 619.445 622.944
 82    51.831   -16.870  3.051   1 1 4 1 2 4 8 120.351 123.695
 83    76.416    11.346  2.739   3 1 4 1 2 4 8 369.520 372.690
 84     5.243     0.238  2.989   2 1 4 1 2 4 8 78.082 81.475
 85    50.592    34.247  3.097  23 1 4 1 2 4 8 167.898 171.266
 86    -5.231    -2.081  2.735   8 1 4 1 2 4 8 111.279 114.760
 87    24.194    25.836  2.928  25 1 4 1 2 4 8 148.831 152.010
 88    33.630    37.585  3.064  18 1 4 1 2 4 8 88.610 91.842
 89    31.445    -7.001  2.734   4 1 4 1 2 4 8 537.171 540.598
 90    30.707   -28.168  2.754   5 1 4 1 2 4 8 730.060 733.478
 91    49.860     1.038  3.015  21 1 4 1 2 4 8 648.553 651.903
 92   -35.767    14.142  2.664  23 1 4 1 2 4 8 362.029 365.404
 93   -29.309     4.889  2.817  19 1 4 1 2 4 8 130.622 133.829
 94    19.049    41.974  3.074   2 1 4 1 2 4 8 75.951 79.180
 95    27.600    13.934  3.076  21 1 4 1 2 4 8 348.010 351.252
 96    52.832    50.684  2.926  10 1 4 1 2 4 8 322.909 326.158
 97     6.229    10.590 0.000   0 0 0 0.000 878.140
 98    32.663    44.730 0.000   0 0 0 0.000 878.140
 99    48.807    48.792 0.000   0 0 0 0.000 878.140
100    33.179    -4.968 0.000   0 0 0 0.000 878.140
