6 3 144 4
460 190
460 190
460 190
460 190
  1   -55.280   -24.371  3.130   9 1 4 1 2 4 8 468.257 471.950
  2   -48.297    53.314  3.019  22 1 4 1 2 4 8 441.924 445.479
  3   -49.072   -38.489  2.816  10 1 4 1 2 4 8 342.567 346.193
  4    25.311   -18.561  3.264  24 1 4 1 2 4 8 708.860 712.398
  5   -24.469    -3.815  3.312  25 1 4 1 2 4 8 146.783 150.440
  6    24.591   -17.896  3.113   6 1 4 1 2 4 8 107.794 111.204
  7   -10.419    60.364  3.327  22 1 4 1 2 4 8 106.616 110.308
  8    38.177   -35.175  3.351   1 1 4 1 2 4 8 575.407 578.850
  9   -68.280    93.073  2.891  19 1 4 1 2 4 8 546.914 550.399
 10   -30.792   -57.336  3.285  19 1 4 1 2 4 8 584.961 588.692
 11   -37.061   -12.122  3.282   5 1 4 1 2 4 8 762.308 766.003
 12   -15.741   -47.638  3.036   9 1 4 1 2 4 8 117.755 121.168
 13   -63.379   -22.919  2.942   8 1 4 1 2 4 8 469.309 472.754
 14   -43.109   -43.439  2.864  14 1 4 1 2 4 8 244.129 247.818
 15   -25.623    13.599  3.100   4 1 4 1 2 4 8 496.720 500.230
 16    -2.625    16.632  2.902   7 1 4 1 2 4 8 659.724 663.265
 17   -41.577   -28.497  3.164  10 1 4 1 2 4 8 560.615 564.323
 18     2.081    12.885  3.250  22 1 4 1 2 4 8 145.355 148.989
 19     3.925   -47.845  2.955  17 1 4 1 2 4 8 117.663 121.131
 20   -83.295    26.324  3.032  10 1 4 1 2 4 8 426.294 429.812
 21    -6.458    26.355  3.192   8 1 4 1 2 4 8 854.362 857.886
 22     3.290     6.732  3.184  14 1 4 1 2 4 8 687.668 691.095
 23   -34.869    30.426  2.960  12 1 4 1 2 4 8 665.053 668.474
 24    15.546   -36.273  2.912  17 1 4 1 2 4 8 270.708 274.328
 25    12.842     5.127  2.929  19 1 4 1 2 4 8 673.047 676.526
 26   -48.450   -24.426  3.307  25 1 4 1 2 4 8 579.779 583.296
 27   -88.538   -10.461  2.866  25 1 4 1 2 4 8 242.662 246.145
 28   -29.773     0.995  2.901   6 1 4 1 2 4 8 455.344 459.006
 29     9.827    38.416  3.116  21 1 4 1 2 4 8 595.145 598.633
 30     1.410    92.938  2.859   3 1 4 1 2 4 8 473.748 477.348
 31   -79.303    15.381  3.091  19 1 4 1 2 4 8 634.293 637.893
 32   -30.652    40.063  2.846  16 1 4 1 2 4 8 180.942 184.622
 33    18.927    21.637  3.241  21 1 4 1 2 4 8 709.226 712.886
 34    45.087   -59.906  3.063  17 1 4 1 2 4 8 316.213 319.827
 35   -34.949    -3.815  3.231  19 1 4 1 2 4 8 673.192 676.628
 36    81.201   -74.744  3.150   6 1 4 1 2 4 8 329.125 332.582
 37    15.594   -28.455  3.197  10 1 4 1 2 4 8 588.585 592.105
 38   -72.192    29.547  2.844  22 1 4 1 2 4 8 563.463 566.957
 39   -42.914   -22.675  2.986  17 1 4 1 2 4 8 810.595 814.014
 40   -76.392   -57.489  3.257  16 1 4 1 2 4 8 120.699 124.271
 41   -28.540    12.073  3.168   5 1 4 1 2 4 8 150.860 154.592
 42   -61.389    26.526  3.091   1 1 4 1 2 4 8 729.990 733.372
 43    -8.472    12.616  3.353  21 1 4 1 2 4 8 190.015 193.705
 44   -61.475    33.392  3.079  20 1 4 1 2 4 8 636.973 640.686
 45   -34.674   -27.588  3.147   6 1 4 1 2 4 8 469.703 473.134
 46    10.315   -12.518  3.036   1 1 4 1 2 4 8 302.208 305.636
 47   -83.014    77.002  3.251  11 1 4 1 2 4 8 284.146 287.661
 48   -40.417    49.988  3.040  22 1 4 1 2 4 8 642.589 646.335
 49    83.832    33.905  3.240  25 1 4 1 2 4 8 161.583 165.206
 50   -20.563   -75.830  3.145  18 1 4 1 2 4 8 647.799 651.415
 51    15.442   -18.719  2.929   9 1 4 1 2 4 8 571.598 575.136
 52   -59.937   -65.802  3.132  23 1 4 1 2 4 8 701.211 704.786
 53     5.151    47.815  3.236  17 1 4 1 2 4 8 548.701 552.342
 54    46.008    14.990  2.875   4 1 4 1 2 4 8 222.141 225.550
 55    82.977    -1.660  2.840   1 1 4 1 2 4 8 686.748 690.340
 56    39.893   -38.916  3.260  14 1 4 1 2 4 8 513.732 517.372
 57    90.839   -83.539  2.819  11 1 4 1 2 4 8 338.310 341.929
 58     7.068     0.067  3.313   7 1 4 1 2 4 8 134.936 138.420
 59    18.958    40.088  3.081  21 1 4 1 2 4 8 219.793 223.189
 60   -80.487    58.209  3.294   3 1 4 1 2 4 8 706.366 710.090
 61    64.459   -62.946  2.844  18 1 4 1 2 4 8 494.807 498.205
 62   -43.616   -26.117  2.928   5 1 4 1 2 4 8 741.321 744.719
 63   -18.408    10.303  3.078   6 1 4 1 2 4 8 317.821 321.252
 64   -43.921    63.251  3.078  22 1 4 1 2 4 8 371.639 375.305
 65    11.353    26.221  3.262  13 1 4 1 2 4 8 569.183 572.750
 66    -6.995    38.239  2.890  17 1 4 1 2 4 8 344.835 348.527
 67    74.084   -34.216  2.983   5 1 4 1 2 4 8 569.021 572.525
 68    14.301    -0.800  2.936   7 1 4 1 2 4 8 237.600 241.035
 69   -94.141   -48.779  3.261   1 1 4 1 2 4 8 310.842 314.218
 70    15.332   -42.169  3.068   3 1 4 1 2 4 8 189.359 192.955
 71   -46.637   -16.461  2.909  10 1 4 1 2 4 8 662.103 665.704
 72    -0.958   -81.000  3.260   5 1 4 1 2 4 8 311.091 314.709
 73   -37.445   -42.505  3.268   1 1 4 1 2 4 8 764.416 768.060
 74    -3.680   -69.073  3.105  17 1 4 1 2 4 8 494.491 498.058
 75    34.894   -20.898  3.349  14 1 4 1 2 4 8 429.961 433.545
 76    45.544    51.410  3.366   4 1 4 1 2 4 8 790.643 794.312
 77   -31.927    88.239  3.260  10 1 4 1 2 4 8 677.366 680.820
 78   -13.580   -26.959  3.249  25 1 4 1 2 4 8 387.158 390.629
 79    12.653   -48.340  3.276  11 1 4 1 2 4 8 135.978 139.585
 80   -46.179   -38.269  3.117  16 1 4 1 2 4 8 313.753 317.254
 81   -29.620    35.083  3.282  25 1 4 1 2 4 8 86.614 90.341
 82    13.696    43.988  2.891  20 1 4 1 2 4 8 730.587 734.073
 83    38.342   -46.338  3.148   3 1 4 1 2 4 8 257.916 261.564
 84   -26.227    24.506  2.980   7 1 4 1 2 4 8 668.301 671.871
 85    90.009   -43.640  2.917   2 1 4 1 2 4 8 688.707 692.118
 86    -6.995    22.522  2.898   6 1 4 1 2 4 8 560.604 564.163
 87   -29.993   -28.851  3.367  14 1 4 1 2 4 8 270.269 273.722
 88   -56.268   -64.740  3.136  14 1 4 1 2 4 8 247.718 251.307
 89   -87.415    90.796  2.838   2 1 4 1 2 4 8 553.649 557.030
 90    -5.762    54.034  2.963  15 1 4 1 2 4 8 526.031 529.422
 91   -34.845   -27.185  3.109  22 1 4 1 2 4 8 499.980 503.621
 92   -16.479    16.180  3.272   4 1 4 1 2 4 8 403.418 406.981
 93    23.712    29.492  3.298  22 1 4 1 2 4 8 213.225 216.787
 94   -40.991    46.594  2.981  19 1 4 1 2 4 8 763.650 767.106
 95   -53.516   -21.619  3.121   5 1 4 1 2 4 8 563.178 566.694
 96   -17.560    37.494  3.112  10 1 4 1 2 4 8 569.173 572.627
 97   -37.311    56.836  3.189   4 1 4 1 2 4 8 202.995 206.536
 98    71.515    22.510  3.158   7 1 4 1 2 4 8 454.585 458.020
 99   -41.864    27.710  3.288  11 1 4 1 2 4 8 290.297 293.877
100    14.819   -82.117  2.860  14 1 4 1 2 4 8 775.847 779.543
101    30.316   -55.322  2.911   2 1 4 1 2 4 8 680.334 684.000
102   -39.172    47.998  3.374  12 1 4 1 2 4 8 554.977 558.717
103   -94.415    15.192  3.063  12 1 4 1 2 4 8 218.482 221.900
104    -7.806    11.273  3.079  24 1 4 1 2 4 8 626.650 630.035
105    28.571   -49.908  3.341   8 1 4 1 2 4 8 312.485 315.901
106   -20.654    24.554  3.179   4 1 4 1 2 4 8 288.680 292.197
107   -30.963   -18.903  3.195  25 1 4 1 2 4 8 121.749 125.180
108     1.721   -20.447  3.026   6 1 4 1 2 4 8 710.344 714.046
109   -31.012   -21.106  2.962   9 1 4 1 2 4 8 306.100 309.626
110   -85.718   -28.015  3.300  23 1 4 1 2 4 8 462.410 466.016
111    58.826   -63.043  3.192  15 1 4 1 2 4 8 301.435 304.896
112   -15.753   -52.686  3.288   7 1 4 1 2 4 8 161.830 165.446
113   -71.661    51.184  3.328   6 1 4 1 2 4 8 498.661 502.164
114   -92.633    -6.598  2.976   5 1 4 1 2 4 8 475.345 478.907
115    33.508   -49.255  3.141  12 1 4 1 2 4 8 415.113 418.782
116    59.314    54.095  3.100   3 1 4 1 2 4 8 198.456 202.035
117    30.737   -28.436  2.981  22 1 4 1 2 4 8 590.697 594.439
118   -55.896    18.457  2.855  18 1 4 1 2 4 8 185.443 188.823
119   -89.960   -39.532  3.221  16 1 4 1 2 4 8 590.773 594.411
120    36.438    20.819  3.233   5 1 4 1 2 4 8 528.562 531.982
121   -53.674   -56.427  3.060   1 1 4 1 2 4 8 242.836 246.514
122   -31.866    32.538  3.084   8 1 4 1 2 4 8 601.680 605.173
123     5.658    12.756  3.231  20 1 4 1 2 4 8 351.426 355.098
124   -52.905    42.804  3.068  17 1 4 1 2 4 8 634.958 638.565
125    47.131   -45.465  3.130  11 1 4 1 2 4 8 790.532 794.007
126    30.792     9.869  3.226   8 1 4 1 2 4 8 290.756 294.342
127   -45.209   -56.293  3.334  15 1 4 1 2 4 8 531.607 535.080
128    10.919    13.306  3.336  16 1 4 1 2 4 8 496.411 500.086
129   -32.990   -34.003  2.925   6 1 4 1 2 4 8 206.877 210.477
130   -40.869    30.579  3.162  24 1 4 1 2 4 8 374.482 378.005
131   -69.348    80.408  3.011  10 1 4 1 2 4 8 666.694 670.308
132   -58.966   -29.541  3.306   4 1 4 1 2 4 8 202.364 205.960
133   -36.847   -33.710  3.365  10 1 4 1 2 4 8 555.073 558.507
134   -21.820    65.369  2.837  17 1 4 1 2 4 8 662.644 666.043
135    22.980   -41.010  2.983   5 1 4 1 2 4 8 178.696 182.423
136   -77.557    59.814  2.979  14 1 4 1 2 4 8 486.792 490.394
137   -47.205    67.725  3.057  16 1 4 1 2 4 8 696.160 699.631
138   -21.606    35.168  3.273  11 1 4 1 2 4 8 582.094 585.721
139   -55.676   -31.384  2.890  25 1 4 1 2 4 8 253.691 257.432
140   -85.229    88.788  3.116   4 1 4 1 2 4 8 423.575 427.214
141    -3.918   -63.525  3.249  12 1 4 1 2 4 8 597.391 600.832
142   -58.557    59.375  3.140  19 1 4 1 2 4 8 305.494 308.999
143   -24.542    14.935  3.005   6 1 4 1 2 4 8 228.710 232.177
144   -48.779    16.968  2.821  23 1 4 1 2 4 8 431.589 435.114
145   -40.082   -24.780 0.000   0 0 0 0.000 937.440
146    24.292   -27.704 0.000   0 0 0 0.000 937.440
147   -45.877    41.092 0.000   0 0 0 0.000 937.440
148   -11.896    15.875 0.000   0 0 0 0.000 937.440
