6 4 192 4
440 185
440 185
440 185
440 185
  1   -44.629   -55.640  2.986  11 1 4 1 2 4 8 736.499 740.148
  2    36.096    64.935  3.264  11 1 4 1 2 4 8 717.093 720.602
  3   -25.470    44.580  3.316  23 1 4 1 2 4 8 862.200 866.011
  4   -33.954   -73.059  3.046  16 1 4 1 2 4 8 185.004 188.492
  5    45.654    35.730  3.386  16 1 4 1 2 4 8 762.850 766.643
  6    14.954   -36.719  3.108   2 1 4 1 2 4 8 455.915 459.638
  7    -1.477    47.205  3.387   1 1 4 1 2 4 8 627.814 631.514
  8     2.155   -40.912  3.439  25 1 4 1 2 4 8 361.322 364.837
  9    22.992     1.398  2.981  24 1 4 1 2 4 8 117.612 121.323
 10   -28.857     5.957  3.288  14 1 4 1 2 4 8 892.922 896.758
 11   -48.120    94.116  3.312   6 1 4 1 2 4 8 529.971 533.801
 12     7.239    17.322  3.012  20 1 4 1 2 4 8 601.151 604.870
 13     4.614    27.051  3.047  10 1 4 1 2 4 8 705.951 709.447
 14   -13.971    28.198  3.222  11 1 4 1 2 4 8 207.090 210.907
 15    12.946   -11.688  3.448   2 1 4 1 2 4 8 372.028 375.771
 16   -36.670    23.102  3.017  22 1 4 1 2 4 8 885.084 888.576
 17    -4.224   -49.310  2.925   2 1 4 1 2 4 8 707.027 710.843
 18     1.093    -7.135  3.199  12 1 4 1 2 4 8 807.186 810.701
 19   -56.958    27.905  2.937   9 1 4 1 2 4 8 460.413 464.139
 20   -80.994   -77.686  3.142  21 1 4 1 2 4 8 674.011 677.773
 21    72.260    59.027  3.145  10 1 4 1 2 4 8 468.172 471.650
 22   -21.655     1.636  2.981  13 1 4 1 2 4 8 152.444 156.001
 23   -20.154   -62.415  2.944  25 1 4 1 2 4 8 300.972 304.517
 24   -48.157     6.287  3.170   9 1 4 1 2 4 8 477.644 481.417
 25    -5.078    61.597  3.085  19 1 4 1 2 4 8 342.887 346.581
 26    17.145   -47.046  3.061  22 1 4 1 2 4 8 823.599 827.088
 27   -16.064     8.557  3.361   4 1 4 1 2 4 8 809.212 812.919
 28     6.683   -27.069  3.124   4 1 4 1 2 4 8 800.133 803.707
 29    15.027   -34.979  3.199   7 1 4 1 2 4 8 669.090 672.692
 30    37.946    73.914  3.361  20 1 4 1 2 4 8 187.671 191.178
 31   -41.199   -43.018  3.260  17 1 4 1 2 4 8 119.193 122.963
 32    32.538    11.786  3.359  19 1 4 1 2 4 8 531.455 535.226
 33   -20.306   -20.239  3.099  12 1 4 1 2 4 8 136.650 140.489
 34   -35.480    19.135  3.258   2 1 4 1 2 4 8 447.450 451.189
 35    58.038    56.659  3.007  13 1 4 1 2 4 8 813.337 817.057
 36   -36.694    -6.256  3.210  24 1 4 1 2 4 8 316.025 319.823
 37     0.446   -46.735  3.098  22 1 4 1 2 4 8 274.919 278.756
 38   -19.690    38.977  2.918  17 1 4 1 2 4 8 805.840 809.342
 39   -47.339    20.911  3.203  19 1 4 1 2 4 8 404.640 408.341
 40   -79.236   -57.678  3.267   4 1 4 1 2 4 8 540.730 544.260
 41     5.597   -34.076  3.229  12 1 4 1 2 4 8 309.549 313.143
 42    34.454    -8.289  3.265  22 1 4 1 2 4 8 277.759 281.503
 43    18.500   -51.154  3.094   2 1 4 1 2 4 8 144.914 148.763
 44    -4.346   -44.525  3.311  19 1 4 1 2 4 8 212.245 216.064
 45   -14.148   -74.164  3.412   3 1 4 1 2 4 8 707.295 711.142
 46    19.867    77.515  3.151   5 1 4 1 2 4 8 398.390 402.001
 47   -50.079    17.871  3.203  22 1 4 1 2 4 8 812.571 816.384
 48    42.786   -79.883  2.935   6 1 4 1 2 4 8 533.708 537.340
 49     1.520   -29.034  3.332   9 1 4 1 2 4 8 770.947 774.580
 50    14.728    -3.436  3.370   8 1 4 1 2 4 8 326.001 329.529
 51   -26.166   -48.999  3.094  24 1 4 1 2 4 8 137.400 140.903
 52   -63.873    -5.273  3.283  15 1 4 1 2 4 8 478.248 481.813
 53   -54.138     7.086  3.193  16 1 4 1 2 4 8 774.195 777.822
 54    17.932   -34.094  3.149   9 1 4 1 2 4 8 195.648 199.137
 55   -98.706    34.552  3.348   1 1 4 1 2 4 8 235.920 239.743
 56    28.802    -8.582  3.091  18 1 4 1 2 4 8 147.939 151.738
 57     2.716    90.594  3.175  17 1 4 1 2 4 8 356.418 359.963
 58   -31.024    48.938  3.018  18 1 4 1 2 4 8 94.566 98.163
 59   -46.545    42.316  3.053   2 1 4 1 2 4 8 591.247 594.783
 60    27.289    58.179  3.073  25 1 4 1 2 4 8 565.097 568.701
 61    28.815   -28.027  3.278  21 1 4 1 2 4 8 249.343 252.994
 62   -26.099    11.328  3.453  19 1 4 1 2 4 8 568.232 571.897
 63     0.537   -26.221  3.378  10 1 4 1 2 4 8 814.026 817.876
 64   -50.458     7.812  3.366   2 1 4 1 2 4 8 166.959 170.738
 65    30.005    19.092  3.076  21 1 4 1 2 4 8 730.825 734.339
 66   -12.604    22.058  3.248  20 1 4 1 2 4 8 505.583 509.216
 67    22.009    -8.636  2.907  21 1 4 1 2 4 8 619.442 623.132
 68     8.942     2.875  3.172   2 1 4 1 2 4 8 349.887 353.681
 69   -19.812     0.922  2.914   6 1 4 1 2 4 8 449.681 453.367
 70    -4.230    31.250  2.927   2 1 4 1 2 4 8 766.649 770.249
 71    17.975    -0.409  3.103  12 1 4 1 2 4 8 274.818 278.518
 72    -2.350    42.938  3.264  12 1 4 1 2 4 8 252.785 256.474
 73   -16.516    68.085  3.422   5 1 4 1 2 4 8 806.537 810.246
 74    -1.190    42.023  3.199   5 1 4 1 2 4 8 151.353 155.187
 75    56.635   -44.019  3.403   8 1 4 1 2 4 8 428.647 432.425
 76    57.483    35.504  3.038  15 1 4 1 2 4 8 712.741 716.428
 77   -26.099     7.477  3.284   8 1 4 1 2 4 8 73.902 77.681
 78     7.489   -57.239  3.277   7 1 4 1 2 4 8 609.463 613.059
 79   -22.095    55.780  3.371  14 1 4 1 2 4 8 676.604 680.150
 80    19.867    38.824  2.894  18 1 4 1 2 4 8 544.695 548.468
 81     5.310    49.219  3.375  17 1 4 1 2 4 8 594.192 597.719
 82    15.155     6.299  2.947   5 1 4 1 2 4 8 182.399 185.935
 83     5.481   -31.500  3.456   6 1 4 1 2 4 8 480.550 484.275
 84     7.959   -28.662  3.437   9 1 4 1 2 4 8 745.699 749.181
 85   -75.812     4.010  3.224  24 1 4 1 2 4 8 508.565 512.298
 86   -43.671   -61.646  3.114  13 1 4 1 2 4 8 743.574 747.346
 87    -2.576   -62.140  3.448   5 1 4 1 2 4 8 528.539 532.049
 88   -18.842   -36.884  3.021   4 1 4 1 2 4 8 850.208 853.868
 89    20.844    21.167  3.430  22 1 4 1 2 4 8 170.489 173.991
 90     3.137   -19.220  3.104  24 1 4 1 2 4 8 313.272 316.821
 91   -20.361    18.878  3.349  25 1 4 1 2 4 8 742.204 745.790
 92    -0.897   -54.938  3.283   9 1 4 1 2 4 8 782.032 785.645
 93   -29.553     9.277  3.054   8 1 4 1 2 4 8 231.024 234.759
 94     5.048   -35.046  3.094   8 1 4 1 2 4 8 374.354 377.894
 95    27.759    48.712  3.062  25 1 4 1 2 4 8 516.385 520.142
 96    12.079   -42.346  3.409   7 1 4 1 2 4 8 477.849 481.414
 97   -51.270    41.144  2.910  24 1 4 1 2 4 8 128.622 132.348
 98   -29.077     4.291  3.145  16 1 4 1 2 4 8 152.410 156.135
 99   -18.555   -14.819  3.078  15 1 4 1 2 4 8 423.165 426.926
100     7.855   -49.451  3.269   7 1 4 1 2 4 8 135.735 139.364
101   -19.116   -32.086  3.155  17 1 4 1 2 4 8 330.554 334.330
102    17.651   -52.271  3.101   9 1 4 1 2 4 8 565.924 569.475
103    16.907   -62.964  3.412  14 1 4 1 2 4 8 513.718 517.426
104    18.988     6.219  3.330  20 1 4 1 2 4 8 807.611 811.447
105   -68.878   -64.539  3.415   6 1 4 1 2 4 8 532.720 536.534
106   -13.361    20.264  3.451  17 1 4 1 2 4 8 567.830 571.345
107   -44.440    63.721  2.974  23 1 4 1 2 4 8 176.083 179.578
108    -6.500    71.436  3.084  14 1 4 1 2 4 8 162.732 166.440
109   -51.978    25.409  3.411  19 1 4 1 2 4 8 424.449 428.175
110    -0.739    59.491  3.222  21 1 4 1 2 4 8 478.783 482.486
111   -64.679    83.038  3.294   6 1 4 1 2 4 8 199.897 203.612
112   -11.273   -35.944  3.219   1 1 4 1 2 4 8 331.514 335.320
113   -16.864     7.776  3.103  22 1 4 1 2 4 8 222.238 226.029
114    19.843   -49.805  3.353   7 1 4 1 2 4 8 751.188 754.965
115   -16.284    -2.936  3.163  14 1 4 1 2 4 8 332.948 336.650
116     8.356    67.041  3.097   7 1 4 1 2 4 8 285.160 288.989
117    30.878    24.316  3.239  25 1 4 1 2 4 8 446.504 450.244
118    93.524   -20.233  3.314  17 1 4 1 2 4 8 395.530 399.102
119    -9.332   -56.177  3.274  10 1 4 1 2 4 8 213.442 217.240
120   -34.442   -63.312  3.027  23 1 4 1 2 4 8 127.024 130.732
121    20.941    -5.646  3.442  22 1 4 1 2 4 8 563.559 567.392
122    -3.418    89.594  3.320   3 1 4 1 2 4 8 594.311 597.827
123   -18.738    45.227  3.284  14 1 4 1 2 4 8 376.475 379.973
124     2.435   -30.524  3.463  14 1 4 1 2 4 8 141.929 145.607
125   -28.864    56.616  3.092   2 1 4 1 2 4 8 469.706 473.353
126    76.880   -29.901  3.270   2 1 4 1 2 4 8 746.493 750.226
127   -90.466    10.278  3.183  21 1 4 1 2 4 8 690.938 694.458
128   -35.101    46.545  3.448  10 1 4 1 2 4 8 657.575 661.138
129   -48.395    43.854  3.451  10 1 4 1 2 4 8 626.975 630.501
130   -40.997    26.703  3.231   5 1 4 1 2 4 8 402.125 405.693
131    13.696    34.607  3.098   9 1 4 1 2 4 8 142.983 146.613
132   -71.472    11.450  3.212  15 1 4 1 2 4 8 485.097 488.800
133   -36.230    51.904  3.173  19 1 4 1 2 4 8 322.131 325.676
134   -39.465     4.907  2.910   7 1 4 1 2 4 8 520.642 524.207
135   -16.565    23.773  3.463  11 1 4 1 2 4 8 373.539 377.239
136    10.754   -28.552  2.922   2 1 4 1 2 4 8 289.907 293.380
137   -23.029    47.015  2.994  25 1 4 1 2 4 8 227.166 230.929
138    -8.807    21.216  3.407  14 1 4 1 2 4 8 605.907 609.405
139   -40.039    27.435  3.201  15 1 4 1 2 4 8 263.108 266.627
140   -37.445   -41.040  3.128  12 1 4 1 2 4 8 606.624 610.181
141    48.224     0.085  3.418  11 1 4 1 2 4 8 774.925 778.579
142    -0.323    68.237  2.937  17 1 4 1 2 4 8 214.019 217.708
143   -14.294   -33.423  3.252   4 1 4 1 2 4 8 652.301 655.990
144    -1.440   -34.814  2.898  24 1 4 1 2 4 8 796.184 799.784
145   -34.454    42.346  2.985   8 1 4 1 2 4 8 323.311 327.078
146     8.679   -66.180  3.042  20 1 4 1 2 4 8 278.754 282.410
147   -61.249   -51.367  3.419  12 1 4 1 2 4 8 269.145 272.815
148    -1.093     9.912  3.319  10 1 4 1 2 4 8 162.225 165.868
149   -16.565    66.547  3.456  12 1 4 1 2 4 8 599.079 602.905
150     8.435    52.838  3.152   9 1 4 1 2 4 8 146.047 149.775
151   -22.034   -36.896  3.215  16 1 4 1 2 4 8 208.321 211.984
152    15.765    17.322  3.456  23 1 4 1 2 4 8 185.792 189.386
153     9.003   -18.695  3.041  15 1 4 1 2 4 8 415.255 419.046
154    -4.584     3.491  3.103  10 1 4 1 2 4 8 385.822 389.572
155     8.875    40.662  3.441  21 1 4 1 2 4 8 772.987 776.525
156    26.093   -33.966  3.113   2 1 4 1 2 4 8 132.650 136.479
157   -32.501    39.526  3.344  16 1 4 1 2 4 8 392.595 396.194
158   -32.629   -82.581  3.404  15 1 4 1 2 4 8 643.186 646.991
159   -98.486    22.021  3.310  11 1 4 1 2 4 8 489.504 493.230
160   -59.052     4.163  3.331  11 1 4 1 2 4 8 694.709 698.544
161     7.428    -2.570  2.949  17 1 4 1 2 4 8 677.212 680.750
162   -59.601    12.469  2.965   3 1 4 1 2 4 8 553.830 557.314
163   -11.224   -31.830  2.941   9 1 4 1 2 4 8 390.138 393.718
164   -16.809   -35.040  3.191   1 1 4 1 2 4 8 150.614 154.414
165    21.863    18.140  3.317  13 1 4 1 2 4 8 323.476 326.948
166    45.038   -61.316  3.268   1 1 4 1 2 4 8 812.423 816.052
167   -48.816    25.568  3.308   2 1 4 1 2 4 8 92.235 95.742
168   -32.184   -16.736  2.932  22 1 4 1 2 4 8 785.962 789.464
169    12.439   -41.492  3.380  10 1 4 1 2 4 8 236.244 240.030
170   -21.082   -77.075  3.263   4 1 4 1 2 4 8 450.643 454.243
171   -17.822   -18.518  3.049   9 1 4 1 2 4 8 521.673 525.463
172    48.334    93.518  3.002  11 1 4 1 2 4 8 797.326 801.002
173   -18.677    49.005  3.191   3 1 4 1 2 4 8 636.109 639.829
174    12.140    30.042  3.392  19 1 4 1 2 4 8 719.914 723.506
175     3.113   -40.302  3.255  19 1 4 1 2 4 8 852.173 855.739
176    17.133    37.079  2.971   4 1 4 1 2 4 8 853.050 856.780
177    22.577     0.836  2.938  19 1 4 1 2 4 8 452.587 456.270
178   -30.426    52.942  3.459  15 1 4 1 2 4 8 294.248 298.104
179    33.765   -67.108  3.008  21 1 4 1 2 4 8 378.289 381.860
180     5.414     1.532  3.364  25 1 4 1 2 4 8 896.889 900.739
181    72.156    30.103  3.311   4 1 4 1 2 4 8 708.379 712.111
182   -24.109   -34.625  3.228   3 1 4 1 2 4 8 198.376 201.924
183    17.413    75.146  3.261   6 1 4 1 2 4 8 764.304 768.043
184    10.638   -60.052  2.897   6 1 4 1 2 4 8 597.193 600.740
185    -5.176   -48.999  3.305  21 1 4 1 2 4 8 562.627 566.213
186   -19.342    21.118  3.228  25 1 4 1 2 4 8 884.095 887.592
187   -46.802   -14.661  3.137  10 1 4 1 2 4 8 98.829 102.334
188   -16.779    43.439  3.198  25 1 4 1 2 4 8 801.094 804.918
189    14.093   -13.605  3.376  19 1 4 1 2 4 8 181.816 185.565
190   -21.063    26.019  3.453  19 1 4 1 2 4 8 240.951 244.693
191    39.813   -40.668  3.350  22 1 4 1 2 4 8 176.340 180.195
192    52.057    30.334  3.142   5 1 4 1 2 4 8 827.669 831.505
193    -0.140     7.266 0.000   0 0 0 0.000 964.110
194   -23.138    48.450 0.000   0 0 0 0.000 964.110
195   -26.102    16.809 0.000   0 0 0 0.000 964.110
196     0.244   -35.892 0.000   0 0 0 0.000 964.110
