6 5 240 4
420 180
420 180
420 180
420 180
  1    65.991   -49.829  3.361  10 1 4 1 2 4 8 491.158 494.759
  2   -36.938   -36.743  3.262  25 1 4 1 2 4 8 334.140 337.696
  3    -2.734    18.774  3.285  18 1 4 1 2 4 8 692.222 695.982
  4    31.116   -35.907  3.422  16 1 4 1 2 4 8 354.707 358.250
  5     2.789     8.008  2.959  14 1 4 1 2 4 8 139.901 143.351
  6    31.152    43.665  3.258   7 1 4 1 2 4 8 815.662 819.244
  7   -36.304   -21.307  3.390   9 1 4 1 2 4 8 658.629 662.297
  8    52.814    35.046  3.122  16 1 4 1 2 4 8 87.557 91.353
  9    11.267    20.660  3.038  24 1 4 1 2 4 8 454.576 458.305
 10    -0.623    23.114  3.076   6 1 4 1 2 4 8 683.948 687.517
 11    43.091   -12.360  2.965  22 1 4 1 2 4 8 371.661 375.100
 12     6.854    19.073  3.353  11 1 4 1 2 4 8 167.708 171.160
 13    -6.848    25.317  3.173  19 1 4 1 2 4 8 594.993 598.678
 14   -27.930   -23.712  3.088  20 1 4 1 2 4 8 844.624 848.314
 15    33.240   -30.487  3.100  20 1 4 1 2 4 8 851.480 855.201
 16    63.885   -52.881  3.211  16 1 4 1 2 4 8 125.898 129.325
 17   -13.672   -43.945  2.993   5 1 4 1 2 4 8 593.586 597.229
 18    -0.647   -27.502  3.121  21 1 4 1 2 4 8 203.660 207.113
 19    59.406   -49.261  2.979  19 1 4 1 2 4 8 401.985 405.508
 20    27.167    -5.713  3.063  18 1 4 1 2 4 8 519.423 523.036
 21    70.001   -20.844  2.912  22 1 4 1 2 4 8 430.163 433.798
 22    35.327   -65.167  3.410  19 1 4 1 2 4 8 527.343 530.963
 23   -14.386   -42.236  3.053  15 1 4 1 2 4 8 438.997 442.765
 24    19.366    30.273  2.937  24 1 4 1 2 4 8 485.975 489.641
 25   -39.789    10.101  3.403  20 1 4 1 2 4 8 496.783 500.239
 26   -15.753   -40.204  3.047  17 1 4 1 2 4 8 788.908 792.643
 27   -28.418   -40.503  2.909  20 1 4 1 2 4 8 774.640 778.297
 28    27.081     9.735  3.217  12 1 4 1 2 4 8 215.014 218.776
 29    22.205    -9.216  3.426  23 1 4 1 2 4 8 608.220 611.919
 30    -0.830    -6.525  2.889  15 1 4 1 2 4 8 177.545 181.153
 31    10.217    75.531  3.059  19 1 4 1 2 4 8 586.983 590.533
 32     7.446    18.500  3.105  23 1 4 1 2 4 8 363.389 367.083
 33    48.914   -20.294  3.314   9 1 4 1 2 4 8 203.715 207.315
 34   -18.958   -29.675  3.013  21 1 4 1 2 4 8 619.625 623.069
 35    16.815    -6.659  3.303  17 1 4 1 2 4 8 700.249 703.866
 36     2.509   -30.420  3.062   6 1 4 1 2 4 8 512.316 515.857
 37    15.424     4.913  2.944  10 1 4 1 2 4 8 859.024 862.517
 38    60.315    89.801  2.978   9 1 4 1 2 4 8 374.117 377.792
 39    40.405   -45.367  3.040  19 1 4 1 2 4 8 629.582 633.105
 40   -26.837   -54.272  3.102  17 1 4 1 2 4 8 78.968 82.460
 41    69.171    72.577  3.380  22 1 4 1 2 4 8 738.564 742.204
 42   -22.815    46.173  3.040   8 1 4 1 2 4 8 757.263 760.710
 43   -14.258   -30.249  3.255  25 1 4 1 2 4 8 597.472 601.219
 44    76.050    12.073  3.320  13 1 4 1 2 4 8 651.523 655.078
 45    63.043    60.022  3.034   1 1 4 1 2 4 8 343.384 347.173
 46   -20.239   -81.970  2.995  15 1 4 1 2 4 8 832.180 835.869
 47   -41.168   -42.023  3.140  16 1 4 1 2 4 8 718.499 722.007
 48    79.199   -29.016  3.357  20 1 4 1 2 4 8 253.573 257.289
 49   -20.728    -7.068  2.987  14 1 4 1 2 4 8 611.140 614.781
 50    -4.163   -53.497  2.983   2 1 4 1 2 4 8 275.792 279.491
 51    39.594   -40.460  2.924   5 1 4 1 2 4 8 764.686 768.338
 52   -47.125   -77.850  3.140  16 1 4 1 2 4 8 184.095 187.758
 53    -1.233    49.182  3.163  12 1 4 1 2 4 8 857.910 861.481
 54    -0.372   -27.264  3.387   1 1 4 1 2 4 8 205.727 209.253
 55    31.537    -8.722  3.188  15 1 4 1 2 4 8 686.274 689.957
 56    -0.134   -20.264  3.260   5 1 4 1 2 4 8 72.383 76.058
 57    66.394   -26.691  3.406   9 1 4 1 2 4 8 489.695 493.418
 58     6.104   -64.093  3.149   8 1 4 1 2 4 8 528.800 532.444
 59    13.544   -20.874  3.336   2 1 4 1 2 4 8 748.735 752.249
 60    54.211    -6.537  3.243  10 1 4 1 2 4 8 855.612 859.176
 61    22.046   -34.137  3.195  25 1 4 1 2 4 8 391.731 395.182
 62    -9.723     4.706  3.259  24 1 4 1 2 4 8 413.684 417.380
 63   -11.584   -46.857  3.167   7 1 4 1 2 4 8 422.567 426.157
 64    -2.905    -0.305  3.144  14 1 4 1 2 4 8 218.320 222.030
 65    13.837   -44.452  2.873   3 1 4 1 2 4 8 849.040 852.715
 66    17.480    27.747  3.109  23 1 4 1 2 4 8 256.085 259.849
 67     2.972   -43.689  3.028  21 1 4 1 2 4 8 537.509 541.141
 68   -44.354   -38.202  3.118  13 1 4 1 2 4 8 90.586 94.333
 69   -59.399     1.514  3.064  15 1 4 1 2 4 8 432.271 435.862
 70   -13.452   -75.531  2.873  14 1 4 1 2 4 8 324.121 327.713
 71    -5.518   -51.947  3.404   7 1 4 1 2 4 8 360.621 364.315
 72    -9.589   -26.880  3.013  20 1 4 1 2 4 8 139.000 142.637
 73    19.318    29.498  3.165   6 1 4 1 2 4 8 771.965 775.603
 74    26.245    36.743  3.355  24 1 4 1 2 4 8 625.727 629.235
 75    43.707   -28.033  3.015  17 1 4 1 2 4 8 196.406 199.881
 76   -52.026   -35.339  3.175   3 1 4 1 2 4 8 801.797 805.532
 77    -8.435    -0.116  3.295  15 1 4 1 2 4 8 680.199 683.674
 78    89.111    62.122  3.014   6 1 4 1 2 4 8 696.626 700.149
 79     6.067   -16.132  2.967  21 1 4 1 2 4 8 166.405 170.111
 80    27.094    -5.103  3.412  25 1 4 1 2 4 8 362.114 365.559
 81    27.527   -15.344  3.283  18 1 4 1 2 4 8 782.162 785.935
 82    42.511    32.056  3.120   1 1 4 1 2 4 8 438.252 442.032
 83    25.311    12.689  2.911  19 1 4 1 2 4 8 61.490 65.119
 84    47.778   -12.769  2.948  17 1 4 1 2 4 8 840.651 844.116
 85    -3.143   -13.837  3.351  20 1 4 1 2 4 8 772.746 776.510
 86    12.482   -78.101  3.088   1 1 4 1 2 4 8 95.708 99.459
 87   -21.039    -3.430  3.353  13 1 4 1 2 4 8 242.622 246.425
 88    -3.149   -55.432  3.073  25 1 4 1 2 4 8 867.048 870.707
 89    53.009    84.900  3.215  16 1 4 1 2 4 8 524.415 527.863
 90    35.638   -47.552  3.068   5 1 4 1 2 4 8 758.586 762.132
 91    43.427   -18.439  3.100  18 1 4 1 2 4 8 620.154 623.921
 92     6.598   -54.578  3.281  17 1 4 1 2 4 8 636.797 640.542
 93    87.952    94.012  3.414  15 1 4 1 2 4 8 554.156 557.679
 94    39.105   -48.743  3.206  13 1 4 1 2 4 8 355.045 358.520
 95   -48.340   -26.477  2.977  15 1 4 1 2 4 8 166.625 170.191
 96    72.003    -9.253  3.055   2 1 4 1 2 4 8 452.038 455.685
 97   -37.732     3.351  3.385   1 1 4 1 2 4 8 96.487 100.002
 98   -65.967   -36.749  3.209   9 1 4 1 2 4 8 472.610 476.073
 99   -16.669   -35.284  2.977  16 1 4 1 2 4 8 680.724 684.404
100    10.742    -4.669  3.113   6 1 4 1 2 4 8 68.149 71.881
101    15.594    -5.817  2.863  18 1 4 1 2 4 8 527.465 531.034
102    21.606   -18.109  2.937  24 1 4 1 2 4 8 36.862 40.309
103     9.784    49.280  3.067  24 1 4 1 2 4 8 813.438 816.884
104    94.147    -4.492  3.359   9 1 4 1 2 4 8 391.973 395.742
105    10.382   -16.302  2.995  19 1 4 1 2 4 8 42.259 45.712
106    -1.453    -0.861  2.897  12 1 4 1 2 4 8 90.048 93.842
107    -6.219    25.305  3.077  22 1 4 1 2 4 8 397.737 401.417
108    -6.250    10.217  2.874  13 1 4 1 2 4 8 441.282 444.723
109   -17.444   -70.795  2.974  20 1 4 1 2 4 8 753.544 757.161
110   -55.090   -43.854  3.178  25 1 4 1 2 4 8 808.269 811.981
111    -9.442    23.724  3.259   1 1 4 1 2 4 8 562.720 566.167
112     8.978    35.406  3.314  24 1 4 1 2 4 8 336.297 339.965
113   -16.754    -0.812  3.363  10 1 4 1 2 4 8 798.794 802.385
114    66.852   -37.842  3.110  22 1 4 1 2 4 8 174.893 178.533
115    14.716   -23.724  3.413  14 1 4 1 2 4 8 67.029 70.726
116    33.472    20.026  3.093  12 1 4 1 2 4 8 614.797 618.342
117    66.394   -70.111  3.128  23 1 4 1 2 4 8 417.485 421.025
118    -5.664     8.881  3.232  14 1 4 1 2 4 8 583.600 587.219
119    -5.103   -46.729  3.107  23 1 4 1 2 4 8 94.223 97.957
120    -8.826    55.743  3.398  25 1 4 1 2 4 8 598.636 602.418
121     5.847    -3.186  2.875   5 1 4 1 2 4 8 709.173 712.937
122   -25.726   -37.695  3.283   7 1 4 1 2 4 8 872.446 876.121
123   -15.363   -24.548  3.122  25 1 4 1 2 4 8 239.259 242.805
124    43.793   -11.102  3.253  11 1 4 1 2 4 8 205.624 209.211
125    17.664   -25.604  2.904  18 1 4 1 2 4 8 697.209 700.872
126   -39.624    54.883  2.979  18 1 4 1 2 4 8 827.739 831.292
127   -24.554   -43.225  2.954   1 1 4 1 2 4 8 272.507 275.979
128   -26.892   -12.738  3.046   7 1 4 1 2 4 8 380.214 383.742
129    34.155   -38.458  3.063  22 1 4 1 2 4 8 236.450 239.905
130   -47.314   -29.468  3.243   7 1 4 1 2 4 8 705.666 709.411
131    49.365   -25.592  2.988   3 1 4 1 2 4 8 646.251 649.809
132     3.705   -16.449  2.863  18 1 4 1 2 4 8 373.135 376.623
133    22.430   -23.273  3.352   8 1 4 1 2 4 8 709.265 712.949
134   -37.549   -29.608  3.330   6 1 4 1 2 4 8 503.307 506.863
135    25.549     3.674  2.986   7 1 4 1 2 4 8 390.958 394.611
136   -15.216     3.284  3.037  20 1 4 1 2 4 8 455.271 458.899
137   -12.939    -7.495  2.958  10 1 4 1 2 4 8 642.521 645.986
138   -22.107    26.434  3.361   2 1 4 1 2 4 8 143.721 147.297
139   -17.944     7.733  3.044   3 1 4 1 2 4 8 414.866 418.307
140   -21.234    14.490  3.109  10 1 4 1 2 4 8 732.397 736.113
141     3.503   -19.708  3.063   5 1 4 1 2 4 8 498.808 502.563
142    32.599   -14.935  3.252  25 1 4 1 2 4 8 223.159 226.935
143    -5.737   -28.296  3.151  23 1 4 1 2 4 8 380.281 383.737
144    -6.128   -39.624  3.187  21 1 4 1 2 4 8 709.450 712.928
145    -2.460    12.817  3.324  13 1 4 1 2 4 8 665.502 669.043
146    -6.470     8.466  3.036   1 1 4 1 2 4 8 515.712 519.407
147   -37.891   -36.115  3.403  11 1 4 1 2 4 8 680.178 683.846
148    10.852   -18.750  3.423   6 1 4 1 2 4 8 646.357 650.132
149    50.104     8.636  3.086   9 1 4 1 2 4 8 542.196 545.644
150    46.844     4.712  3.389  17 1 4 1 2 4 8 200.118 203.813
151    19.598   -10.406  2.897  13 1 4 1 2 4 8 388.369 391.929
152   -38.947    52.942  2.935  23 1 4 1 2 4 8 659.388 663.165
153    -0.641   -21.289  2.942  19 1 4 1 2 4 8 68.620 72.382
154    40.906   -33.765  3.139  11 1 4 1 2 4 8 123.205 126.818
155    -0.574   -62.299  3.102  12 1 4 1 2 4 8 831.754 835.230
156    -9.778    26.794  3.014  18 1 4 1 2 4 8 655.088 658.682
157    34.265   -23.895  3.242  25 1 4 1 2 4 8 115.840 119.601
158    29.572   -24.561  2.964  13 1 4 1 2 4 8 500.200 503.957
159    16.376   -58.887  3.379  24 1 4 1 2 4 8 318.303 321.837
160    61.877   -15.167  3.418   5 1 4 1 2 4 8 573.657 577.171
161    40.088    -9.625  3.237  14 1 4 1 2 4 8 438.218 441.742
162     0.122    -4.645  3.275  18 1 4 1 2 4 8 846.873 850.501
163    -8.929   -43.903  3.094  25 1 4 1 2 4 8 863.077 866.624
164    -7.135   -57.434  3.332  11 1 4 1 2 4 8 524.788 528.229
165     7.550   -21.210  3.280  18 1 4 1 2 4 8 168.491 172.017
166     3.949     7.300  3.378  23 1 4 1 2 4 8 321.245 324.720
167   -15.118    92.023  3.050  22 1 4 1 2 4 8 550.363 554.023
168    84.821   -24.518  3.364  20 1 4 1 2 4 8 564.298 567.820
169   -52.325    30.682  3.395  11 1 4 1 2 4 8 319.350 322.842
170     7.538    13.818  3.296  11 1 4 1 2 4 8 544.435 548.077
171   -21.484    30.359  2.918  19 1 4 1 2 4 8 142.700 146.462
172    36.047    29.883  3.041  13 1 4 1 2 4 8 679.614 683.265
173    12.781   -40.942  3.373  24 1 4 1 2 4 8 599.351 602.957
174   -17.291   -10.254  3.194   6 1 4 1 2 4 8 223.968 227.765
175   -10.541    12.402  3.086   5 1 4 1 2 4 8 100.833 104.316
176   -15.845   -59.460  2.989  24 1 4 1 2 4 8 802.636 806.341
177    29.266    -2.222  3.175   7 1 4 1 2 4 8 236.618 240.311
178   -12.598   -58.929  3.310  13 1 4 1 2 4 8 855.554 859.343
179   -17.303   -35.297  3.070  25 1 4 1 2 4 8 839.075 842.702
180    57.050   -50.354  3.151  15 1 4 1 2 4 8 827.589 831.267
181    26.941    17.444  3.130  15 1 4 1 2 4 8 85.759 89.476
182    -6.195    -8.881  3.192  16 1 4 1 2 4 8 137.156 140.924
183    16.980   -16.321  2.890   5 1 4 1 2 4 8 902.424 905.967
184    83.710   -32.520  2.908  15 1 4 1 2 4 8 685.134 688.828
185    12.451    34.589  3.008  24 1 4 1 2 4 8 662.984 666.725
186    15.057    67.004  3.234  15 1 4 1 2 4 8 743.935 747.523
187    25.818    -5.835  3.411   9 1 4 1 2 4 8 412.042 415.652
188    13.666   -14.832  2.969  19 1 4 1 2 4 8 117.396 120.884
189    48.322    -5.164  3.363  15 1 4 1 2 4 8 420.372 423.868
190    13.489    19.739  2.863   2 1 4 1 2 4 8 142.340 146.018
191   -18.512    65.405  3.311   3 1 4 1 2 4 8 298.580 302.379
192    17.554    38.379  3.117  18 1 4 1 2 4 8 540.552 544.139
193    37.775   -16.003  3.229  20 1 4 1 2 4 8 801.424 805.170
194    47.968   -30.310  3.230  14 1 4 1 2 4 8 123.209 126.983
195    38.806    36.243  3.164  10 1 4 1 2 4 8 601.949 605.413
196   -16.089   -42.841  2.940   6 1 4 1 2 4 8 485.604 489.368
197    28.656    -1.990  3.072  17 1 4 1 2 4 8 607.068 610.695
198    -5.859    -1.862  3.366  20 1 4 1 2 4 8 563.159 566.664
199    60.516    63.416  3.395   3 1 4 1 2 4 8 674.582 678.300
200    63.196   -47.766  3.336  14 1 4 1 2 4 8 811.599 815.312
201   -15.308   -23.285  3.259  12 1 4 1 2 4 8 438.374 442.053
202    -2.875     0.787  2.866   2 1 4 1 2 4 8 432.294 436.023
203    32.056   -10.175  3.006  11 1 4 1 2 4 8 777.870 781.594
204   -18.634   -25.665  3.251  16 1 4 1 2 4 8 433.895 437.644
205    -3.632    25.433  2.903  18 1 4 1 2 4 8 448.906 452.469
206    10.480    22.888  2.970  14 1 4 1 2 4 8 379.109 382.635
207     1.819    -3.009  3.418   6 1 4 1 2 4 8 137.521 141.131
208   -25.275   -12.183  2.999  12 1 4 1 2 4 8 315.853 319.581
209    56.927   -75.507  2.869  21 1 4 1 2 4 8 152.890 156.601
210    13.885   -36.230  3.162   1 1 4 1 2 4 8 361.134 364.771
211    32.520   -29.523  3.054  18 1 4 1 2 4 8 161.577 165.333
212     4.803    -7.288  3.306  17 1 4 1 2 4 8 754.342 758.127
213    11.365    -8.344  3.124  15 1 4 1 2 4 8 145.615 149.100
214    17.126   -24.646  2.921   4 1 4 1 2 4 8 355.951 359.723
215   -33.661   -41.241  2.902  18 1 4 1 2 4 8 758.969 762.500
216   -32.391   -50.885  3.257  22 1 4 1 2 4 8 484.388 488.192
217    23.041   -14.496  3.258  16 1 4 1 2 4 8 110.526 114.006
218   -21.857   -39.502  3.310  14 1 4 1 2 4 8 447.052 450.551
219    32.013    77.332  2.924  25 1 4 1 2 4 8 708.514 712.164
220    13.831   -76.190  3.164  15 1 4 1 2 4 8 91.615 95.300
221    -8.051   -21.179  2.953   6 1 4 1 2 4 8 112.790 116.343
222    25.391    46.613  2.882   7 1 4 1 2 4 8 140.791 144.404
223    49.536   -54.639  3.304  21 1 4 1 2 4 8 307.982 311.665
224    63.416    -8.636  3.305   3 1 4 1 2 4 8 486.679 490.128
225     2.301    -5.536  3.147  15 1 4 1 2 4 8 331.907 335.548
226    52.423    29.895  3.000  24 1 4 1 2 4 8 634.414 637.941
227     9.296   -16.254  3.266   2 1 4 1 2 4 8 771.649 775.288
228    34.845   -96.185  3.367  17 1 4 1 2 4 8 184.247 187.892
229   -21.063   -41.498  2.912   2 1 4 1 2 4 8 75.894 79.375
230    28.448    10.242  2.984  25 1 4 1 2 4 8 665.715 669.173
231    16.254   -22.583  2.940  15 1 4 1 2 4 8 567.882 571.538
232   -36.639   -34.033  2.930   3 1 4 1 2 4 8 318.478 322.227
233   -27.356   -50.177  3.348   1 1 4 1 2 4 8 337.381 340.829
234   -53.705    11.334  2.953   1 1 4 1 2 4 8 402.324 406.121
235    26.276    -5.994  2.883  20 1 4 1 2 4 8 629.295 632.793
236   -31.519    34.589  3.131  19 1 4 1 2 4 8 139.437 142.993
237   -14.612   -31.506  3.135   2 1 4 1 2 4 8 367.637 371.401
238    -4.242   -30.865  2.947   9 1 4 1 2 4 8 487.188 490.785
239   -18.524   -29.486  3.082   4 1 4 1 2 4 8 767.213 770.801
240   -17.133   -19.397  3.223  16 1 4 1 2 4 8 134.250 138.055
241    34.430   -17.151 0.000   0 0 0 0.000 951.660
242     0.269    -8.154 0.000   0 0 0 0.000 951.660
243     3.140    13.297 0.000   0 0 0 0.000 951.660
244    -3.113   -29.745 0.000   0 0 0 0.000 951.660
