6 6 288 4
400 175
400 175
400 175
400 175
  1   -66.174   -37.811  3.204  19 1 4 1 2 4 8 536.721 540.428
  2     2.673   -35.223  3.164  21 1 4 1 2 4 8 848.761 852.347
  3    38.751     8.618  2.949  17 1 4 1 2 4 8 529.410 533.047
  4    62.653    20.667  3.322   6 1 4 1 2 4 8 717.572 721.332
  5    60.974    -6.110  3.152   6 1 4 1 2 4 8 548.311 552.103
  6   -98.535   -39.532  3.272  19 1 4 1 2 4 8 408.283 412.128
  7     8.411   -81.274  3.125  17 1 4 1 2 4 8 321.990 325.902
  8   -14.569    26.056  3.284  19 1 4 1 2 4 8 640.042 643.809
  9   -34.186   -76.697  3.209   2 1 4 1 2 4 8 224.131 227.856
 10    55.145   -33.911  3.481   3 1 4 1 2 4 8 360.809 364.575
 11    15.869     8.716  3.441  24 1 4 1 2 4 8 481.311 484.843
 12   -63.416   -20.282  3.071   5 1 4 1 2 4 8 500.515 504.124
 13    -9.357   -42.212  3.296   9 1 4 1 2 4 8 618.478 622.217
 14   -53.619     3.729  3.154  20 1 4 1 2 4 8 654.167 657.953
 15    53.491    -3.308  3.048  19 1 4 1 2 4 8 382.217 386.034
 16   -22.614   -32.794  3.374  20 1 4 1 2 4 8 344.663 348.366
 17    39.612    -1.550  3.093   4 1 4 1 2 4 8 658.007 661.820
 18    16.705   -22.748  3.195   3 1 4 1 2 4 8 460.729 464.632
 19   -51.245   -13.757  3.446   2 1 4 1 2 4 8 96.441 100.306
 20   -29.907    14.380  2.960  23 1 4 1 2 4 8 106.162 109.937
 21   -70.441   -27.911  3.456   6 1 4 1 2 4 8 299.682 303.360
 22   -75.385   -30.811  3.123  17 1 4 1 2 4 8 482.708 486.303
 23    10.590   -28.931  3.015  17 1 4 1 2 4 8 168.676 172.208
 24    86.340   -45.935  3.282   3 1 4 1 2 4 8 759.030 762.846
 25     3.864    34.583  3.512  16 1 4 1 2 4 8 794.564 798.458
 26   -37.598   -42.114  3.326  15 1 4 1 2 4 8 855.045 858.761
 27    69.440     1.379  3.291  23 1 4 1 2 4 8 128.963 132.769
 28   -13.818     1.245  3.066  15 1 4 1 2 4 8 777.127 780.865
 29   -27.124   -38.037  3.261  12 1 4 1 2 4 8 537.067 540.653
 30   -69.348   -14.734  3.112  19 1 4 1 2 4 8 686.368 690.135
 31    58.575    29.346  3.323  23 1 4 1 2 4 8 253.257 256.970
 32    58.105    31.702  3.026  10 1 4 1 2 4 8 568.874 572.730
 33   -62.250   -16.425  3.300  23 1 4 1 2 4 8 438.194 442.083
 34   -66.382    13.586  3.073  22 1 4 1 2 4 8 340.032 343.886
 35    68.030   -12.482  3.011   4 1 4 1 2 4 8 685.871 689.522
 36   -30.701   -41.681  3.109   5 1 4 1 2 4 8 824.227 827.928
 37   -55.389   -51.050  3.195   1 1 4 1 2 4 8 268.941 272.818
 38    36.237    -2.655  3.411  11 1 4 1 2 4 8 551.279 554.945
 39    -1.215     5.591  3.308  20 1 4 1 2 4 8 225.268 228.822
 40    10.278   -23.950  3.355  25 1 4 1 2 4 8 783.838 787.455
 41    -7.159    36.859  3.331  18 1 4 1 2 4 8 360.229 363.914
 42   -90.204    61.169  3.152   4 1 4 1 2 4 8 506.755 510.366
 43    46.368    65.082  3.079  10 1 4 1 2 4 8 452.417 456.106
 44    13.348    31.372  3.440  17 1 4 1 2 4 8 850.963 854.680
 45   -73.566   -28.839  3.520   7 1 4 1 2 4 8 267.127 270.911
 46   -41.528   -37.097  3.111   4 1 4 1 2 4 8 246.693 250.415
 47   -60.938   -27.246  3.376   3 1 4 1 2 4 8 456.642 460.181
 48    38.312    54.376  3.058  12 1 4 1 2 4 8 593.594 597.240
 49    26.306    11.975  3.460  13 1 4 1 2 4 8 462.894 466.629
 50    10.297   -48.346  3.392  24 1 4 1 2 4 8 728.800 732.418
 51    52.417   -28.363  3.017  16 1 4 1 2 4 8 404.410 408.322
 52   -43.756   -39.343  3.026   2 1 4 1 2 4 8 677.506 681.117
 53    49.316    11.395  3.492   7 1 4 1 2 4 8 608.078 611.901
 54    45.593     4.346  3.315  15 1 4 1 2 4 8 709.289 713.152
 55   -25.989   -15.814  3.344  12 1 4 1 2 4 8 699.045 702.769
 56    65.253   -59.631  3.043  15 1 4 1 2 4 8 223.809 227.631
 57    12.109   -34.387  3.262  17 1 4 1 2 4 8 270.915 274.466
 58    12.390   -16.254  3.110  16 1 4 1 2 4 8 618.660 622.355
 59     0.525    69.611  3.189   1 1 4 1 2 4 8 247.354 250.978
 60    -8.679     7.770  3.370   9 1 4 1 2 4 8 694.836 698.403
 61    41.467   -35.016  3.330   4 1 4 1 2 4 8 193.778 197.419
 62    11.859   -34.973  3.166   3 1 4 1 2 4 8 684.172 688.076
 63    -1.306   -58.063  3.425   1 1 4 1 2 4 8 318.613 322.262
 64     6.024   -31.018  2.972   4 1 4 1 2 4 8 495.293 499.046
 65     1.788   -32.544  3.506   6 1 4 1 2 4 8 720.851 724.544
 66    29.272    -6.494  3.025   1 1 4 1 2 4 8 843.393 847.196
 67    23.950    10.742  3.209  19 1 4 1 2 4 8 370.724 374.250
 68   -65.887    40.912  3.026   1 1 4 1 2 4 8 417.579 421.352
 69   -10.095    26.257  3.007   2 1 4 1 2 4 8 153.307 157.042
 70    58.093    67.352  3.433  25 1 4 1 2 4 8 581.982 585.848
 71    90.015     9.485  3.232   4 1 4 1 2 4 8 368.882 372.598
 72    -6.622    15.216  3.249   4 1 4 1 2 4 8 195.246 199.023
 73    -2.875   -42.841  3.088  13 1 4 1 2 4 8 282.946 286.654
 74   -37.714    -7.306  2.945  18 1 4 1 2 4 8 254.401 257.933
 75    44.171   -11.224  3.361   9 1 4 1 2 4 8 686.544 690.178
 76   -58.704    -2.808  3.247   5 1 4 1 2 4 8 712.751 716.495
 77    -3.912    10.071  3.515  12 1 4 1 2 4 8 819.103 822.691
 78   -41.370    -1.495  3.200  22 1 4 1 2 4 8 428.772 432.353
 79    58.179    27.563  3.178   9 1 4 1 2 4 8 515.616 519.157
 80   -63.861    26.147  2.997  11 1 4 1 2 4 8 552.677 556.535
 81   -56.793   -15.918  3.091   6 1 4 1 2 4 8 423.324 427.197
 82    22.217   -27.509  3.436  19 1 4 1 2 4 8 157.166 160.845
 83    -1.031   -14.838  3.384  10 1 4 1 2 4 8 164.800 168.373
 84   -57.703   -10.480  3.023   1 1 4 1 2 4 8 609.724 613.463
 85    80.847     6.299  3.179  10 1 4 1 2 4 8 198.520 202.275
 86     2.887    10.822  3.053  20 1 4 1 2 4 8 890.890 894.418
 87   -37.390    -7.800  3.383  18 1 4 1 2 4 8 528.062 531.700
 88   -33.600   -26.740  3.162   1 1 4 1 2 4 8 358.640 362.291
 89    95.197    24.231  3.432  11 1 4 1 2 4 8 442.611 446.247
 90   -13.904    29.327  2.959  20 1 4 1 2 4 8 849.794 853.505
 91   -53.461     9.296  3.498  12 1 4 1 2 4 8 812.648 816.203
 92    67.578    13.007  3.186  17 1 4 1 2 4 8 319.215 323.001
 93   -83.881   -53.265  3.183  16 1 4 1 2 4 8 130.466 134.064
 94    30.255   -72.430  3.318   3 1 4 1 2 4 8 803.841 807.478
 95   -22.333   -20.538  3.175  14 1 4 1 2 4 8 891.613 895.145
 96     3.741   -35.461  3.119  12 1 4 1 2 4 8 234.357 237.957
 97   -20.093   -43.982  3.031   9 1 4 1 2 4 8 896.963 900.802
 98   -47.687   -21.100  3.412   1 1 4 1 2 4 8 524.670 528.586
 99   -20.447   -13.849  2.957   7 1 4 1 2 4 8 904.496 908.096
100    34.515     3.967  3.026   7 1 4 1 2 4 8 657.441 661.264
101    20.514   -11.884  3.336   5 1 4 1 2 4 8 715.493 719.267
102   -46.039   -22.565  2.958   9 1 4 1 2 4 8 849.034 852.848
103   -39.630    25.385  3.257  15 1 4 1 2 4 8 722.249 725.803
104    -1.025    50.433  3.142   4 1 4 1 2 4 8 781.194 785.053
105   -28.632    23.486  3.473  10 1 4 1 2 4 8 360.651 364.511
106   -52.997   -16.248  3.211  21 1 4 1 2 4 8 116.577 120.379
107    -3.345   -22.955  3.222   2 1 4 1 2 4 8 596.946 600.711
108   -62.640   -26.349  3.079   6 1 4 1 2 4 8 547.000 550.617
109    25.403     0.531  3.043   1 1 4 1 2 4 8 98.123 101.871
110   -29.895    72.919  2.985  23 1 4 1 2 4 8 831.059 834.917
111    26.630     1.971  3.122  24 1 4 1 2 4 8 97.560 101.337
112    -9.814    35.004  3.458  16 1 4 1 2 4 8 199.438 203.336
113    -7.758   -42.426  3.005  18 1 4 1 2 4 8 819.998 823.801
114    28.918    -7.117  3.374   1 1 4 1 2 4 8 840.372 844.059
115    47.693    36.108  3.156   1 1 4 1 2 4 8 860.122 863.935
116   -53.168     5.206  2.943  21 1 4 1 2 4 8 303.944 307.493
117    17.560    13.214  3.490   8 1 4 1 2 4 8 77.669 81.459
118     6.836    -2.496  3.387  22 1 4 1 2 4 8 430.618 434.147
119   -17.322    97.260  2.982  23 1 4 1 2 4 8 520.942 524.705
120    22.406    26.532  3.389  11 1 4 1 2 4 8 504.613 508.370
121   -73.090   -13.251  2.958  15 1 4 1 2 4 8 413.833 417.690
122   -64.996    -4.578  3.327  14 1 4 1 2 4 8 513.742 517.383
123   -34.906   -43.903  3.469  16 1 4 1 2 4 8 638.393 642.230
124   -92.346    -4.517  3.029  25 1 4 1 2 4 8 758.942 762.493
125     0.647    -8.496  3.135  12 1 4 1 2 4 8 864.756 868.453
126     5.048   -37.323  3.496   9 1 4 1 2 4 8 424.929 428.526
127   -19.080   -14.178  3.090  20 1 4 1 2 4 8 692.016 695.713
128   -71.704   -11.450  3.222  22 1 4 1 2 4 8 538.322 542.084
129   -45.581   -28.717  3.523  13 1 4 1 2 4 8 87.001 90.527
130   -28.351   -23.914  3.150  24 1 4 1 2 4 8 235.692 239.546
131   -16.486    30.920  3.172  13 1 4 1 2 4 8 806.407 810.263
132   -83.423   -20.935  3.513   4 1 4 1 2 4 8 754.083 757.888
133   -12.054   -20.612  3.203  22 1 4 1 2 4 8 577.494 581.269
134    -7.184   -63.721  2.940  18 1 4 1 2 4 8 403.078 406.738
135    34.546    -8.881  3.354  25 1 4 1 2 4 8 809.069 812.677
136    -4.865    73.694  3.128  19 1 4 1 2 4 8 605.561 609.355
137   -36.005    -3.876  3.211   8 1 4 1 2 4 8 866.945 870.657
138   -28.400   -21.820  3.017  13 1 4 1 2 4 8 434.379 438.080
139   -56.281   -15.112  3.495   1 1 4 1 2 4 8 521.503 525.171
140   -11.017    42.151  3.280   1 1 4 1 2 4 8 559.129 562.771
141   -63.092   -62.573  3.100   5 1 4 1 2 4 8 572.914 576.768
142    29.486    79.944  3.300   2 1 4 1 2 4 8 521.430 525.144
143   -65.674    -0.238  3.037  22 1 4 1 2 4 8 111.371 114.975
144    46.130   -20.416  3.230   3 1 4 1 2 4 8 727.045 730.909
145     1.575   -16.364  3.367   2 1 4 1 2 4 8 334.780 338.598
146    40.277    -1.379  3.431   6 1 4 1 2 4 8 338.747 342.294
147   -15.271    42.249  3.219  19 1 4 1 2 4 8 82.739 86.367
148    33.215   -16.614  3.261   5 1 4 1 2 4 8 673.880 677.556
149   -72.388    13.074  3.311  25 1 4 1 2 4 8 669.567 673.288
150   -24.487     5.273  3.311   9 1 4 1 2 4 8 177.977 181.881
151    -6.598   -30.957  3.496  20 1 4 1 2 4 8 343.157 346.853
152    31.287    21.332  3.521  11 1 4 1 2 4 8 791.333 795.168
153    20.557     0.378  3.067  18 1 4 1 2 4 8 817.623 821.249
154   -67.200   -41.339  3.216  25 1 4 1 2 4 8 624.423 628.307
155    22.168   -40.375  2.965  22 1 4 1 2 4 8 540.995 544.563
156    31.165     2.222  3.490  25 1 4 1 2 4 8 397.773 401.480
157    74.634    30.219  3.344  14 1 4 1 2 4 8 723.038 726.746
158    60.699    81.116  2.996  21 1 4 1 2 4 8 394.326 397.883
159   -60.736    24.133  3.059   1 1 4 1 2 4 8 419.904 423.520
160     1.978    17.517  2.987   9 1 4 1 2 4 8 521.141 524.701
161   -80.566   -38.196  2.944   2 1 4 1 2 4 8 280.651 284.309
162   -49.927   -36.713  3.436   2 1 4 1 2 4 8 740.130 743.854
163   -60.449   -27.820  3.217   4 1 4 1 2 4 8 641.881 645.659
164   -78.748   -44.226  3.392  15 1 4 1 2 4 8 828.709 832.549
165    54.260    -9.259  3.500  11 1 4 1 2 4 8 816.827 820.528
166   -42.059   -26.636  3.401  15 1 4 1 2 4 8 363.583 367.272
167   -57.336   -16.718  3.454  15 1 4 1 2 4 8 752.216 756.101
168    -1.276   -13.330  3.045  16 1 4 1 2 4 8 133.369 136.894
169   -24.158    39.197  3.296  14 1 4 1 2 4 8 269.499 273.356
170    17.908   -40.442  3.318  25 1 4 1 2 4 8 118.815 122.439
171    59.833    -3.674  3.473   9 1 4 1 2 4 8 274.373 278.181
172    -3.510     6.256  3.521  23 1 4 1 2 4 8 646.948 650.718
173    40.167     8.594  3.307  16 1 4 1 2 4 8 858.432 862.036
174    -1.691   -54.376  3.230  10 1 4 1 2 4 8 460.492 464.175
175   -36.035   -17.065  3.499   4 1 4 1 2 4 8 820.386 824.222
176     7.275    -4.144  3.463  25 1 4 1 2 4 8 437.790 441.315
177    30.219    -6.830  3.481  20 1 4 1 2 4 8 742.769 746.355
178   -26.379   -63.055  3.413   5 1 4 1 2 4 8 245.168 248.709
179    28.772    -0.031  3.233  19 1 4 1 2 4 8 105.203 109.069
180     2.625     5.072  3.251   2 1 4 1 2 4 8 572.899 576.716
181     3.595   -21.600  3.398  13 1 4 1 2 4 8 412.336 416.048
182   -64.948   -10.956  3.022  19 1 4 1 2 4 8 464.439 468.283
183    18.671   -41.010  3.388   2 1 4 1 2 4 8 111.328 115.208
184    29.291    12.799  2.958  16 1 4 1 2 4 8 674.467 678.344
185     4.529    26.654  3.320   2 1 4 1 2 4 8 862.195 865.749
186    25.360    29.718  2.995   6 1 4 1 2 4 8 563.798 567.325
187    57.349   -15.405  3.487   3 1 4 1 2 4 8 844.676 848.418
188   -11.566   -19.012  3.425  20 1 4 1 2 4 8 854.386 857.980
189   -45.441   -71.808  3.301  13 1 4 1 2 4 8 855.372 858.974
190     2.197    -3.564  3.340   9 1 4 1 2 4 8 856.320 860.178
191    -1.855   -24.475  3.319   5 1 4 1 2 4 8 127.317 131.022
192   -59.851   -48.938  3.372  15 1 4 1 2 4 8 678.321 681.986
193    70.081   -17.816  3.444  22 1 4 1 2 4 8 254.659 258.281
194    -4.932    28.754  3.404  18 1 4 1 2 4 8 279.936 283.834
195   -46.625   -23.529  3.006  21 1 4 1 2 4 8 625.477 629.127
196   -49.872   -35.339  3.457  16 1 4 1 2 4 8 146.911 150.450
197   -67.499     8.142  3.404  22 1 4 1 2 4 8 319.345 323.101
198    31.195   -18.243  3.253  23 1 4 1 2 4 8 662.524 666.102
199   -42.139   -52.704  3.396   1 1 4 1 2 4 8 678.939 682.830
200   -15.094    18.933  3.510   1 1 4 1 2 4 8 767.894 771.670
201   -78.625   -24.341  3.439  13 1 4 1 2 4 8 473.659 477.265
202    51.471    -9.607  3.251  14 1 4 1 2 4 8 322.689 326.222
203    29.987   -31.061  3.002  18 1 4 1 2 4 8 430.745 434.315
204    46.741     1.453  3.460   5 1 4 1 2 4 8 221.905 225.705
205   -52.954    31.738  3.014  24 1 4 1 2 4 8 283.564 287.441
206    10.535   -61.432  3.486  11 1 4 1 2 4 8 257.265 261.096
207   -15.948   -56.012  3.186   5 1 4 1 2 4 8 298.858 302.560
208    -7.776   -54.730  3.384   1 1 4 1 2 4 8 132.201 136.012
209    11.047   -20.905  3.040  21 1 4 1 2 4 8 628.921 632.516
210   -24.359   -23.047  3.327   6 1 4 1 2 4 8 698.721 702.481
211     2.948   -20.398  3.521   6 1 4 1 2 4 8 599.430 603.008
212   -82.654    24.323  3.188   5 1 4 1 2 4 8 485.549 489.354
213   -12.134    42.065  3.246  23 1 4 1 2 4 8 208.827 212.621
214   -98.035   -36.359  3.338  16 1 4 1 2 4 8 137.403 141.119
215   -61.102   -13.477  3.057  18 1 4 1 2 4 8 125.820 129.508
216   -39.136     6.287  3.334  10 1 4 1 2 4 8 173.392 177.297
217    41.180     7.971  3.310   9 1 4 1 2 4 8 179.125 182.965
218     4.254    19.830  2.988  18 1 4 1 2 4 8 583.859 587.618
219   -34.143   -37.915  2.947  22 1 4 1 2 4 8 752.860 756.612
220    -4.559    23.566  3.302  24 1 4 1 2 4 8 494.489 498.112
221    37.891    -1.947  2.970  15 1 4 1 2 4 8 760.498 764.374
222    78.259    15.936  3.018   6 1 4 1 2 4 8 747.229 751.011
223    -8.661   -25.110  3.255  12 1 4 1 2 4 8 350.507 354.238
224    10.071    37.164  3.155  19 1 4 1 2 4 8 568.196 572.033
225   -42.621   -46.985  3.126  19 1 4 1 2 4 8 451.285 454.914
226    92.157   -94.183  3.320  17 1 4 1 2 4 8 658.797 662.359
227    32.202   -39.844  3.025  22 1 4 1 2 4 8 772.404 776.297
228   -55.231   -15.027  3.478  25 1 4 1 2 4 8 705.626 709.444
229   -26.746   -21.490  3.237  11 1 4 1 2 4 8 866.621 870.418
230   -75.513    -0.708  3.098  23 1 4 1 2 4 8 363.443 367.031
231    34.021    12.665  2.965  10 1 4 1 2 4 8 102.353 106.053
232    -2.643   -20.831  3.486  17 1 4 1 2 4 8 882.456 886.025
233    53.369    13.770  3.065   6 1 4 1 2 4 8 337.106 340.754
234   -14.948   -40.259  3.080  20 1 4 1 2 4 8 187.480 191.384
235    67.828     5.750  2.953   6 1 4 1 2 4 8 536.620 540.385
236   -13.220   -26.031  3.342   4 1 4 1 2 4 8 747.477 751.197
237     4.169   -32.617  3.329  25 1 4 1 2 4 8 385.057 388.807
238   -26.050   -33.313  3.235   7 1 4 1 2 4 8 404.071 407.613
239    31.964   -45.703  3.192  11 1 4 1 2 4 8 568.517 572.207
240    96.820    26.208  2.989  14 1 4 1 2 4 8 452.978 456.526
241   -44.696   -37.854  3.085  14 1 4 1 2 4 8 553.030 556.841
242    33.417    11.792  3.335  15 1 4 1 2 4 8 112.562 116.150
243   -35.187    19.226  3.223   2 1 4 1 2 4 8 519.284 522.917
244   -14.233   -74.988  3.215  14 1 4 1 2 4 8 672.332 676.118
245    37.158    -0.836  2.961  17 1 4 1 2 4 8 193.978 197.708
246   -51.697   -26.447  3.333  24 1 4 1 2 4 8 754.144 757.764
247    23.535     5.896  3.199  10 1 4 1 2 4 8 472.217 475.750
248   -18.433    53.711  3.221  20 1 4 1 2 4 8 253.416 256.962
249   -11.340   -17.621  3.297  11 1 4 1 2 4 8 505.480 509.393
250    -7.812   -35.895  2.994  16 1 4 1 2 4 8 450.290 453.825
251     3.522    26.941  3.454   3 1 4 1 2 4 8 594.813 598.489
252   -46.588   -22.266  3.331  11 1 4 1 2 4 8 484.304 487.994
253    -2.997    -0.549  3.163  10 1 4 1 2 4 8 895.757 899.476
254    32.147    17.151  3.140  18 1 4 1 2 4 8 477.977 481.581
255    32.019    13.007  3.183  20 1 4 1 2 4 8 713.409 717.257
256    -6.628    29.889  3.119  24 1 4 1 2 4 8 64.961 68.579
257    77.777   -25.397  3.078  16 1 4 1 2 4 8 556.860 560.746
258    30.707    65.704  2.955   2 1 4 1 2 4 8 252.659 256.230
259   -43.811   -43.036  2.967  14 1 4 1 2 4 8 137.311 141.055
260    49.561    16.827  3.085  10 1 4 1 2 4 8 575.029 578.929
261   -28.931    -0.439  3.109  22 1 4 1 2 4 8 710.586 714.228
262    40.363    16.382  3.406  14 1 4 1 2 4 8 248.002 251.752
263    22.748    40.674  3.519  15 1 4 1 2 4 8 702.232 705.994
264    -1.471     6.567  3.343   7 1 4 1 2 4 8 892.746 896.416
265    -1.190    16.864  2.941  20 1 4 1 2 4 8 140.800 144.344
266     8.032    41.821  3.113   1 1 4 1 2 4 8 238.311 242.169
267   -44.019   -22.784  2.946  24 1 4 1 2 4 8 85.350 88.939
268    12.366   -11.353  3.308  22 1 4 1 2 4 8 658.082 661.805
269    33.276    15.881  3.012  23 1 4 1 2 4 8 356.039 359.762
270   -34.790   -15.045  2.964  20 1 4 1 2 4 8 304.664 308.204
271   -96.857   -19.391  3.241  15 1 4 1 2 4 8 838.611 842.495
272    38.434    -5.353  3.167  14 1 4 1 2 4 8 855.450 859.299
273   -25.391     0.220  3.197  12 1 4 1 2 4 8 126.876 130.716
274     0.848   -31.860  3.031   4 1 4 1 2 4 8 721.662 725.310
275   -24.023    95.691  3.130  15 1 4 1 2 4 8 787.128 790.730
276    -4.272    35.468  3.359  12 1 4 1 2 4 8 350.579 354.310
277    -6.927     1.855  3.385   8 1 4 1 2 4 8 528.029 531.664
278   -70.953    -3.217  3.099   2 1 4 1 2 4 8 181.724 185.435
279   -32.648   -16.522  3.264  24 1 4 1 2 4 8 499.314 502.862
280    42.859   -21.680  3.169   5 1 4 1 2 4 8 541.724 545.295
281     5.182     6.403  3.495   8 1 4 1 2 4 8 472.058 475.940
282    36.920    -4.987  3.479  21 1 4 1 2 4 8 582.590 586.250
283    49.591    27.783  3.070   5 1 4 1 2 4 8 498.071 501.726
284    45.038    10.785  3.142  16 1 4 1 2 4 8 569.320 573.035
285     7.690    14.056  3.116   8 1 4 1 2 4 8 91.545 95.132
286   -60.907    18.640  3.455  24 1 4 1 2 4 8 512.397 516.065
287   -64.496     8.923  3.185  23 1 4 1 2 4 8 611.031 614.597
288    37.158   -14.990  3.397   6 1 4 1 2 4 8 730.509 734.092
289     2.277     7.840 0.000   0 0 0 0.000 978.975
290    32.883    -1.779 0.000   0 0 0 0.000 978.975
291   -49.554   -17.828 0.000   0 0 0 0.000 978.975
292     3.690   -26.099 0.000   0 0 0 0.000 978.975
