6 1 72 6
500 200
500 200
500 200
500 200
500 200
500 200
  1   -92.700   -59.180  2.881  20 1 6 1 2 4 8 16 32 450.862 453.973
  2    71.179    12.543  2.895   6 1 6 1 2 4 8 16 32 245.749 249.164
  3    31.537    66.638  2.753  19 1 6 1 2 4 8 16 32 506.316 509.591
  4    -4.694    25.537  3.071  10 1 6 1 2 4 8 16 32 188.103 191.506
  5   -30.194    67.773  2.718  18 1 6 1 2 4 8 16 32 267.841 271.118
  6    12.677   -57.471  3.087   1 1 6 1 2 4 8 16 32 623.996 627.250
  7   -32.355   -20.966  2.664  15 1 6 1 2 4 8 16 32 571.222 574.433
  8    19.910    48.975  2.786  23 1 6 1 2 4 8 16 32 737.209 740.399
  9    13.202   -19.135  3.106  13 1 6 1 2 4 8 16 32 779.685 783.105
 10    54.877   -41.168  2.640  12 1 6 1 2 4 8 16 32 647.928 651.070
 11    15.063   -25.171  2.652   7 1 6 1 2 4 8 16 32 564.965 568.137
 12   -50.598   -16.418  2.726  25 1 6 1 2 4 8 16 32 357.318 360.556
 13   -29.730    17.078  2.796   5 1 6 1 2 4 8 16 32 625.444 628.800
 14    17.542     1.575  2.900   1 1 6 1 2 4 8 16 32 684.781 687.972
 15    11.127    77.216  2.726  25 1 6 1 2 4 8 16 32 475.363 478.741
 16    33.752    71.259  2.805  10 1 6 1 2 4 8 16 32 160.013 163.330
 17   -56.012   -10.394  2.885   2 1 6 1 2 4 8 16 32 170.842 174.232
 18    57.874   -16.290  2.987   7 1 6 1 2 4 8 16 32 217.056 220.346
 19    10.718   -18.787  2.616  11 1 6 1 2 4 8 16 32 443.726 447.037
 20    53.088   -18.750  2.823   4 1 6 1 2 4 8 16 32 749.342 752.474
 21     1.569     7.532  3.002   6 1 6 1 2 4 8 16 32 157.869 161.176
 22    31.531    48.944  2.722  15 1 6 1 2 4 8 16 32 666.098 669.405
 23   -66.833   -37.854  3.013   7 1 6 1 2 4 8 16 32 661.737 664.856
 24   -70.740    62.244  2.603   8 1 6 1 2 4 8 16 32 464.920 468.094
 25    32.538    23.096  2.640  10 1 6 1 2 4 8 16 32 121.920 125.335
 26   -51.453   -36.444  2.596   9 1 6 1 2 4 8 16 32 325.209 328.551
 27    36.456   -22.638  2.994   4 1 6 1 2 4 8 16 32 394.861 398.082
 28   -31.207    43.494  2.594   6 1 6 1 2 4 8 16 32 425.312 428.601
 29   -10.388    34.491  2.913  22 1 6 1 2 4 8 16 32 602.025 605.233
 30    14.722   -10.834  2.890  17 1 6 1 2 4 8 16 32 283.318 286.549
 31    47.095   -21.387  2.839   9 1 6 1 2 4 8 16 32 487.896 491.018
 32    43.781    34.766  2.758  25 1 6 1 2 4 8 16 32 280.002 283.354
 33    53.546   -67.487  2.645  10 1 6 1 2 4 8 16 32 685.009 688.205
 34    26.801    46.515  2.606  18 1 6 1 2 4 8 16 32 643.310 646.761
 35    63.385    11.981  2.626  21 1 6 1 2 4 8 16 32 240.863 244.239
 36    47.192    -5.475  2.842  10 1 6 1 2 4 8 16 32 404.714 407.943
 37   -16.315   -11.267  2.995  23 1 6 1 2 4 8 16 32 180.367 183.659
 38    78.900    17.651  2.708  23 1 6 1 2 4 8 16 32 495.990 499.141
 39    79.822    22.272  2.782  11 1 6 1 2 4 8 16 32 201.679 204.912
 40    12.878    16.919  2.794   1 1 6 1 2 4 8 16 32 332.413 335.566
 41   -67.981    -3.754  3.092  23 1 6 1 2 4 8 16 32 228.977 232.122
 42     9.198   -18.597  2.851  16 1 6 1 2 4 8 16 32 424.311 427.624
 43   -35.950   -19.141  2.804  10 1 6 1 2 4 8 16 32 575.946 579.371
 44    28.766    45.276  2.760  12 1 6 1 2 4 8 16 32 341.996 345.337
 45    11.469    68.231  2.912  12 1 6 1 2 4 8 16 32 286.774 289.930
 46   -22.760    45.496  2.599   3 1 6 1 2 4 8 16 32 651.647 655.010
 47   -65.674   -23.120  2.779  22 1 6 1 2 4 8 16 32 323.737 327.167
 48     7.239     1.599  3.083  21 1 6 1 2 4 8 16 32 689.442 692.816
 49   -29.785   -11.285  2.811  13 1 6 1 2 4 8 16 32 571.336 574.684
 50   -89.050    16.211  3.071  15 1 6 1 2 4 8 16 32 330.763 334.075
 51   -46.887    -3.363  2.603  13 1 6 1 2 4 8 16 32 356.120 359.311
 52   -14.972    30.621  2.791  20 1 6 1 2 4 8 16 32 123.922 127.263
 53   -17.035    49.774  3.106  10 1 6 1 2 4 8 16 32 555.324 558.669
 54    31.635    53.619  3.066  25 1 6 1 2 4 8 16 32 684.188 687.570
 55    -3.577    13.342  2.936   7 1 6 1 2 4 8 16 32 395.917 399.095
 56    33.008    58.960  3.021  15 1 6 1 2 4 8 16 32 212.459 215.678
 57   -92.950    63.263  2.982   2 1 6 1 2 4 8 16 32 640.075 643.195
 58    -9.137   -22.931  2.760  23 1 6 1 2 4 8 16 32 645.901 649.110
 59   -39.960     6.195  2.594   5 1 6 1 2 4 8 16 32 580.631 583.917
 60    28.430   -19.214  2.957  25 1 6 1 2 4 8 16 32 478.988 482.424
 61   -28.540    -3.485  2.620   9 1 6 1 2 4 8 16 32 297.615 300.729
 62    31.415    36.859  2.845   2 1 6 1 2 4 8 16 32 475.071 478.329
 63   -49.426    60.602  2.625  24 1 6 1 2 4 8 16 32 496.911 500.348
 64   -72.827   -27.765  3.090  13 1 6 1 2 4 8 16 32 518.337 521.780
 65    60.083   -45.905  2.977  20 1 6 1 2 4 8 16 32 637.698 640.917
 66    10.870    -3.900  2.676  13 1 6 1 2 4 8 16 32 500.228 503.344
 67    25.122     7.672  2.870  15 1 6 1 2 4 8 16 32 384.242 387.604
 68   -46.997   -17.474  2.837   4 1 6 1 2 4 8 16 32 754.986 758.388
 69    16.058    33.020  2.991  20 1 6 1 2 4 8 16 32 100.761 104.012
 70    25.409   -11.700  3.002   8 1 6 1 2 4 8 16 32 342.565 345.875
 71    68.323    -5.145  2.925  19 1 6 1 2 4 8 16 32 334.745 337.911
 72   -13.104    62.158  2.673  20 1 6 1 2 4 8 16 32 469.077 472.516
 73    42.395    -8.344 0.000   0 0 0 0.000 863.860
 74   -42.175   -14.554 0.000   0 0 0 0.000 863.860
 75    16.034    40.726 0.000   0 0 0 0.000 863.860
 76   -14.639    29.633 0.000   0 0 0 0.000 863.860
 77    16.049    -3.934 0.000   0 0 0 0.000 863.860
 78    46.112    12.430 0.000   0 0 0 0.000 863.860
