6 2 144 6
475 190
475 190
475 190
475 190
475 190
475 190
  1   -40.289   -42.303  2.787  20 1 6 1 2 4 8 16 32 174.722 177.964
  2   -64.709   -17.389  3.004  10 1 6 1 2 4 8 16 32 756.804 760.311
  3     5.060   -14.349  2.726   8 1 6 1 2 4 8 16 32 638.401 641.666
  4    72.095    20.233  2.821   6 1 6 1 2 4 8 16 32 391.184 394.583
  5     2.594   -15.002  2.740   1 1 6 1 2 4 8 16 32 145.660 149.179
  6   -24.176   -72.894  2.813  19 1 6 1 2 4 8 16 32 695.495 698.787
  7   -13.190    66.498  3.037  13 1 6 1 2 4 8 16 32 718.253 721.470
  8    33.191    13.690  2.649  24 1 6 1 2 4 8 16 32 353.854 357.178
  9    66.827   -30.554  2.681  15 1 6 1 2 4 8 16 32 560.745 564.019
 10    19.934    35.883  2.791  13 1 6 1 2 4 8 16 32 252.693 256.053
 11   -27.771    32.269  2.698  10 1 6 1 2 4 8 16 32 98.009 101.298
 12    51.154   -16.827  2.839   4 1 6 1 2 4 8 16 32 203.552 206.775
 13   -19.214    23.749  3.067  12 1 6 1 2 4 8 16 32 757.463 760.838
 14   -46.643   -52.954  3.081  21 1 6 1 2 4 8 16 32 469.451 472.726
 15   -10.590   -16.626  2.686   2 1 6 1 2 4 8 16 32 575.831 579.320
 16    35.150    12.622  2.822  10 1 6 1 2 4 8 16 32 259.107 262.387
 17   -37.378    12.256  2.797  20 1 6 1 2 4 8 16 32 645.207 648.605
 18    82.794    25.836  2.942   9 1 6 1 2 4 8 16 32 610.413 613.862
 19     8.936    -3.723  3.077  24 1 6 1 2 4 8 16 32 313.256 316.658
 20   -56.659    25.555  2.890  19 1 6 1 2 4 8 16 32 541.391 544.712
 21   -52.020   -40.137  2.826  13 1 6 1 2 4 8 16 32 369.877 373.155
 22    39.270    12.787  2.686  14 1 6 1 2 4 8 16 32 693.429 696.759
 23    19.757    21.228  2.710  17 1 6 1 2 4 8 16 32 213.213 216.696
 24   -23.071   -12.659  2.937  25 1 6 1 2 4 8 16 32 304.500 307.741
 25    15.686    52.374  2.934   1 1 6 1 2 4 8 16 32 754.400 757.781
 26    58.771    -7.056  2.967   9 1 6 1 2 4 8 16 32 451.535 454.853
 27   -33.087    72.266  2.857  12 1 6 1 2 4 8 16 32 221.481 224.739
 28     2.551    46.851  2.964  22 1 6 1 2 4 8 16 32 663.143 666.385
 29   -18.719    73.126  2.778   2 1 6 1 2 4 8 16 32 385.021 388.451
 30   -67.627   -20.679  2.897  21 1 6 1 2 4 8 16 32 399.311 402.772
 31   -76.862   -11.365  2.727   8 1 6 1 2 4 8 16 32 367.227 370.718
 32   -24.194   -38.263  3.096  19 1 6 1 2 4 8 16 32 493.688 496.949
 33   -20.374   -31.903  3.070  24 1 6 1 2 4 8 16 32 593.684 597.184
 34     9.290    39.618  3.091  24 1 6 1 2 4 8 16 32 589.589 593.094
 35    26.044    35.974  3.136   2 1 6 1 2 4 8 16 32 673.236 676.450
 36   -57.385   -45.264  2.716  20 1 6 1 2 4 8 16 32 664.877 668.277
 37     1.489   -62.592  2.666  20 1 6 1 2 4 8 16 32 730.365 733.720
 38    34.937    13.672  2.928   5 1 6 1 2 4 8 16 32 272.106 275.464
 39   -22.290    45.648  3.092  17 1 6 1 2 4 8 16 32 521.616 525.069
 40    -5.920    44.061  2.872   4 1 6 1 2 4 8 16 32 241.878 245.296
 41   -38.446   -23.541  2.641  21 1 6 1 2 4 8 16 32 406.214 409.412
 42    28.894    33.936  2.789   3 1 6 1 2 4 8 16 32 380.822 384.233
 43   -35.388    -5.341  2.766  16 1 6 1 2 4 8 16 32 538.245 541.630
 44   -19.501    13.519  2.750  14 1 6 1 2 4 8 16 32 271.893 275.295
 45    -9.216   -30.988  2.911   6 1 6 1 2 4 8 16 32 294.708 298.118
 46   -22.131   -17.065  2.968   5 1 6 1 2 4 8 16 32 710.112 713.434
 47   -22.827    36.810  2.828  12 1 6 1 2 4 8 16 32 741.170 744.402
 48   -61.365   -18.463  3.059  23 1 6 1 2 4 8 16 32 295.807 299.007
 49    50.128   -66.046  2.849  12 1 6 1 2 4 8 16 32 178.324 181.562
 50    25.647    24.139  2.719  18 1 6 1 2 4 8 16 32 557.576 560.846
 51    65.521    42.810  2.898  24 1 6 1 2 4 8 16 32 511.105 514.615
 52   -60.956   -47.925  3.060   3 1 6 1 2 4 8 16 32 125.239 128.676
 53    -9.070    42.798  3.093   3 1 6 1 2 4 8 16 32 607.308 610.647
 54   -19.061     4.480  2.861  25 1 6 1 2 4 8 16 32 813.376 816.850
 55   -54.071    -3.870  2.984  22 1 6 1 2 4 8 16 32 215.905 219.093
 56   -25.598   -18.866  3.034  25 1 6 1 2 4 8 16 32 621.666 624.946
 57   -18.707    84.296  2.806  15 1 6 1 2 4 8 16 32 527.952 531.245
 58   -70.184   -39.166  3.133  18 1 6 1 2 4 8 16 32 259.010 262.315
 59   -14.636    -0.446  3.003   8 1 6 1 2 4 8 16 32 786.259 789.732
 60   -76.465   -38.922  3.036  20 1 6 1 2 4 8 16 32 739.090 742.496
 61    44.092    12.433  2.904  18 1 6 1 2 4 8 16 32 667.220 670.464
 62   -22.772   -50.867  3.031   5 1 6 1 2 4 8 16 32 429.734 433.038
 63    19.104    44.672  2.645  25 1 6 1 2 4 8 16 32 250.018 253.463
 64   -44.019   -39.935  3.092  16 1 6 1 2 4 8 16 32 634.780 637.993
 65    -2.972    -4.059  2.904  14 1 6 1 2 4 8 16 32 426.257 429.597
 66   -24.261    35.907  2.906   1 1 6 1 2 4 8 16 32 90.221 93.484
 67   -61.877   -73.901  2.896  15 1 6 1 2 4 8 16 32 250.439 253.639
 68    -5.640   -26.721  2.697  22 1 6 1 2 4 8 16 32 412.921 416.095
 69    45.844   -36.835  2.727   6 1 6 1 2 4 8 16 32 717.333 720.833
 70   -51.746   -79.840  2.993  24 1 6 1 2 4 8 16 32 613.600 616.988
 71   -33.008    10.992  2.860  19 1 6 1 2 4 8 16 32 374.237 377.549
 72   -25.653    -0.372  3.035  12 1 6 1 2 4 8 16 32 370.321 373.778
 73   -21.497    61.487  2.883  13 1 6 1 2 4 8 16 32 668.511 671.741
 74     2.032    26.727  2.953  10 1 6 1 2 4 8 16 32 516.451 519.825
 75   -26.758    14.807  3.071  12 1 6 1 2 4 8 16 32 692.239 695.732
 76   -37.256   -44.861  3.093  13 1 6 1 2 4 8 16 32 353.828 357.070
 77    -0.861   -16.418  2.741  25 1 6 1 2 4 8 16 32 353.868 357.148
 78   -51.160    34.967  2.906  12 1 6 1 2 4 8 16 32 711.573 714.774
 79   -41.266   -76.886  2.769   2 1 6 1 2 4 8 16 32 376.729 380.218
 80   -30.255    74.701  2.839  11 1 6 1 2 4 8 16 32 250.860 254.098
 81   -46.368    -1.514  2.905  10 1 6 1 2 4 8 16 32 454.940 458.368
 82   -71.619    73.077  3.111   9 1 6 1 2 4 8 16 32 557.106 560.377
 83   -46.606   -39.948  3.042  21 1 6 1 2 4 8 16 32 497.892 501.300
 84   -30.243    67.102  2.871  14 1 6 1 2 4 8 16 32 179.110 182.297
 85   -40.997   -43.036  2.876  15 1 6 1 2 4 8 16 32 332.845 336.079
 86   -74.286   -52.307  2.816   6 1 6 1 2 4 8 16 32 193.160 196.439
 87   -17.609   -71.851  3.092  25 1 6 1 2 4 8 16 32 633.992 637.306
 88     2.350   -81.805  3.163  14 1 6 1 2 4 8 16 32 240.792 244.260
 89   -85.486   -54.059  2.980  17 1 6 1 2 4 8 16 32 469.159 472.570
 90    23.822    10.571  3.064   8 1 6 1 2 4 8 16 32 688.947 692.207
 91   -24.530   -31.726  3.070   4 1 6 1 2 4 8 16 32 488.736 491.983
 92   -42.474   -15.009  2.913  17 1 6 1 2 4 8 16 32 579.834 583.153
 93   -33.624    50.330  2.900  23 1 6 1 2 4 8 16 32 726.642 729.903
 94   -81.458   -41.565  3.009   4 1 6 1 2 4 8 16 32 676.626 679.852
 95   -73.505   -48.279  2.809   4 1 6 1 2 4 8 16 32 472.473 475.754
 96    -3.052    70.898  2.948   9 1 6 1 2 4 8 16 32 646.723 650.232
 97     0.946    25.458  2.827   9 1 6 1 2 4 8 16 32 99.957 103.315
 98   -54.144    13.525  2.848  19 1 6 1 2 4 8 16 32 549.695 553.013
 99   -30.634     7.526  2.991  12 1 6 1 2 4 8 16 32 204.016 207.437
100   -68.335   -34.277  2.913  25 1 6 1 2 4 8 16 32 539.821 543.016
101     7.178    57.935  2.821   8 1 6 1 2 4 8 16 32 488.585 491.847
102     4.712    48.669  2.877  13 1 6 1 2 4 8 16 32 229.527 232.909
103    58.087    26.379  2.967   3 1 6 1 2 4 8 16 32 399.360 402.657
104    18.347    34.784  2.716   6 1 6 1 2 4 8 16 32 288.620 291.827
105   -44.629   -61.975  2.771  11 1 6 1 2 4 8 16 32 669.975 673.412
106     5.231    26.068  2.650  24 1 6 1 2 4 8 16 32 121.093 124.466
107   -48.065   -36.755  2.782  16 1 6 1 2 4 8 16 32 174.183 177.554
108    -3.589   -27.734  2.830  21 1 6 1 2 4 8 16 32 283.796 287.184
109     9.808    36.896  3.004  25 1 6 1 2 4 8 16 32 221.483 224.691
110    59.460     1.233  2.971  10 1 6 1 2 4 8 16 32 256.504 259.940
111   -47.522    19.873  2.735   2 1 6 1 2 4 8 16 32 315.915 319.317
112   -48.431   -50.317  2.690  13 1 6 1 2 4 8 16 32 660.457 663.834
113    44.666    20.953  2.647  14 1 6 1 2 4 8 16 32 114.867 118.173
114   -19.226    32.770  3.015  19 1 6 1 2 4 8 16 32 767.443 770.924
115   -15.662    17.462  2.853  16 1 6 1 2 4 8 16 32 344.774 348.049
116   -91.669    77.722  3.157  23 1 6 1 2 4 8 16 32 718.561 722.067
117   -30.035   -78.284  2.791  13 1 6 1 2 4 8 16 32 281.802 284.990
118    73.663    32.941  3.137  24 1 6 1 2 4 8 16 32 283.612 287.054
119    22.400   -60.083  3.076  17 1 6 1 2 4 8 16 32 683.103 686.603
120    61.206   -13.501  2.991   8 1 6 1 2 4 8 16 32 357.814 361.257
121    22.131   -50.012  2.909  12 1 6 1 2 4 8 16 32 523.633 527.131
122    -6.317    56.665  2.981   6 1 6 1 2 4 8 16 32 392.725 396.012
123   -20.471    12.885  3.097  20 1 6 1 2 4 8 16 32 583.353 586.602
124   -61.084   -44.769  3.016  20 1 6 1 2 4 8 16 32 287.618 291.047
125    -9.576   -19.366  3.072  24 1 6 1 2 4 8 16 32 443.760 447.223
126     5.627   -88.501  2.901  10 1 6 1 2 4 8 16 32 441.405 444.595
127    -2.618    22.131  3.042  18 1 6 1 2 4 8 16 32 134.446 137.721
128    40.497    32.343  2.644  10 1 6 1 2 4 8 16 32 607.939 611.112
129    -3.296    36.774  2.796  15 1 6 1 2 4 8 16 32 106.851 110.268
130   -50.995    19.781  2.897  12 1 6 1 2 4 8 16 32 552.277 555.445
131   -70.520    -3.809  2.675  22 1 6 1 2 4 8 16 32 645.181 648.412
132     4.205     0.812  2.913  11 1 6 1 2 4 8 16 32 202.442 205.727
133     9.955    26.337  2.853  14 1 6 1 2 4 8 16 32 733.945 737.272
134    13.538   -21.313  2.889   9 1 6 1 2 4 8 16 32 732.810 736.073
135   -21.869   -18.768  2.896   6 1 6 1 2 4 8 16 32 358.908 362.109
136   -37.158   -30.768  2.947  23 1 6 1 2 4 8 16 32 464.394 467.893
137   -86.975    10.345  2.821   8 1 6 1 2 4 8 16 32 244.447 247.758
138   -47.272   -46.326  2.978  22 1 6 1 2 4 8 16 32 502.797 505.998
139     4.095   -19.354  2.991   7 1 6 1 2 4 8 16 32 138.019 141.205
140     4.205    30.292  2.929  15 1 6 1 2 4 8 16 32 279.715 283.005
141   -42.017    53.986  2.731  22 1 6 1 2 4 8 16 32 452.932 456.210
142    35.095   -10.895  2.761   7 1 6 1 2 4 8 16 32 758.145 761.452
143    61.188   -59.875  3.054  14 1 6 1 2 4 8 16 32 292.435 295.625
144   -34.674    -1.337  2.949  21 1 6 1 2 4 8 16 32 318.724 322.158
145    -3.799    44.290 0.000   0 0 0 0.000 879.825
146    14.233    21.173 0.000   0 0 0 0.000 879.825
147   -23.334   -28.397 0.000   0 0 0 0.000 879.825
148    10.065     1.822 0.000   0 0 0 0.000 879.825
149   -49.115   -43.549 0.000   0 0 0 0.000 879.825
150   -21.054     4.144 0.000   0 0 0 0.000 879.825
