6 3 216 6
450 180
450 180
450 180
450 180
450 180
450 180
  1   -41.235   -66.357  3.264   3 1 6 1 2 4 8 16 32 586.124 589.754
  2    34.064   -59.357  3.131  16 1 6 1 2 4 8 16 32 840.820 844.592
  3    20.917   -52.582  3.029   8 1 6 1 2 4 8 16 32 355.747 359.576
  4   -38.538   -37.396  3.126  15 1 6 1 2 4 8 16 32 271.701 275.519
  5    41.058    22.931  3.413  12 1 6 1 2 4 8 16 32 163.196 166.807
  6   -54.034   -53.131  3.221  13 1 6 1 2 4 8 16 32 363.856 367.616
  7     8.099    80.725  3.111   8 1 6 1 2 4 8 16 32 743.103 746.766
  8    81.299    13.409  3.366  24 1 6 1 2 4 8 16 32 297.474 300.932
  9    14.459    -2.972  3.068  14 1 6 1 2 4 8 16 32 591.197 594.683
 10   -52.539    60.107  3.419  17 1 6 1 2 4 8 16 32 502.394 505.925
 11   -57.202   -34.229  3.444   8 1 6 1 2 4 8 16 32 287.439 290.996
 12   -65.552   -40.222  3.358  11 1 6 1 2 4 8 16 32 203.790 207.278
 13   -19.751   -10.278  3.013   8 1 6 1 2 4 8 16 32 168.990 172.483
 14   -26.965   -87.012  3.273  17 1 6 1 2 4 8 16 32 239.609 243.166
 15     3.192   -88.654  2.905  19 1 6 1 2 4 8 16 32 602.963 606.801
 16    34.521    32.837  3.264  13 1 6 1 2 4 8 16 32 343.687 347.494
 17    80.035     5.273  3.117   2 1 6 1 2 4 8 16 32 354.661 358.462
 18   -39.838   -67.731  3.300   8 1 6 1 2 4 8 16 32 155.753 159.243
 19    14.600    11.365  2.882  21 1 6 1 2 4 8 16 32 737.327 741.024
 20   -20.990   -80.511  3.193  13 1 6 1 2 4 8 16 32 823.888 827.503
 21    48.242    47.284  3.446  17 1 6 1 2 4 8 16 32 720.859 724.604
 22    59.338   -31.860  3.414   4 1 6 1 2 4 8 16 32 542.522 546.065
 23   -13.995   -45.624  2.938  22 1 6 1 2 4 8 16 32 334.282 338.091
 24    32.397   -32.532  3.235  24 1 6 1 2 4 8 16 32 460.141 463.778
 25     2.826    50.824  3.381  11 1 6 1 2 4 8 16 32 683.775 687.307
 26   -66.077   -34.686  3.427   6 1 6 1 2 4 8 16 32 786.274 789.914
 27   -13.660    18.640  3.231  19 1 6 1 2 4 8 16 32 360.886 364.442
 28   -59.344    12.769  3.211  11 1 6 1 2 4 8 16 32 363.440 367.177
 29    -5.133   -18.463  3.265  23 1 6 1 2 4 8 16 32 104.123 107.818
 30   -22.961   -21.729  3.353   4 1 6 1 2 4 8 16 32 256.787 260.536
 31    58.130    46.606  2.961   5 1 6 1 2 4 8 16 32 788.387 792.203
 32   -49.603   -76.624  2.896  16 1 6 1 2 4 8 16 32 273.571 277.225
 33    -4.803    43.036  2.969   2 1 6 1 2 4 8 16 32 413.339 416.938
 34    68.616   -19.623  2.944  13 1 6 1 2 4 8 16 32 292.063 295.614
 35    37.915    63.599  3.021  11 1 6 1 2 4 8 16 32 783.368 787.081
 36     1.251   -26.550  3.349   9 1 6 1 2 4 8 16 32 739.586 743.393
 37   -37.952     1.685  3.236  18 1 6 1 2 4 8 16 32 464.158 467.921
 38   -40.503     8.038  2.898   7 1 6 1 2 4 8 16 32 848.877 852.573
 39    -8.392   -38.678  3.381  24 1 6 1 2 4 8 16 32 176.824 180.564
 40   -36.725    25.494  3.456   5 1 6 1 2 4 8 16 32 184.178 187.960
 41   -47.754   -50.073  2.974   2 1 6 1 2 4 8 16 32 198.324 201.911
 42    22.595   -28.357  3.335   5 1 6 1 2 4 8 16 32 120.659 124.285
 43   -36.365   -48.163  3.093   5 1 6 1 2 4 8 16 32 681.123 684.875
 44    75.452   -13.422  3.037   3 1 6 1 2 4 8 16 32 293.771 297.238
 45   -64.520   -13.232  3.094  13 1 6 1 2 4 8 16 32 572.143 575.727
 46     1.257    29.156  3.213   2 1 6 1 2 4 8 16 32 193.684 197.323
 47    -1.569   -35.974  3.137  10 1 6 1 2 4 8 16 32 532.155 535.763
 48    46.747     6.696  2.999  12 1 6 1 2 4 8 16 32 409.226 412.884
 49    82.080    27.057  2.887  24 1 6 1 2 4 8 16 32 366.614 370.247
 50    74.695    19.366  3.368  21 1 6 1 2 4 8 16 32 528.285 532.006
 51    47.015     9.338  2.902  18 1 6 1 2 4 8 16 32 718.964 722.695
 52   -62.036   -21.326  3.169   5 1 6 1 2 4 8 16 32 718.160 721.801
 53     9.192    20.038  3.223  15 1 6 1 2 4 8 16 32 478.619 482.454
 54    -3.094    21.582  3.228  11 1 6 1 2 4 8 16 32 563.158 566.989
 55   -75.446    13.086  3.064   7 1 6 1 2 4 8 16 32 597.472 601.278
 56    10.034   -63.739  3.291   3 1 6 1 2 4 8 16 32 676.649 680.238
 57    71.814    26.501  3.055  17 1 6 1 2 4 8 16 32 170.998 174.705
 58    18.842   -38.019  3.386  14 1 6 1 2 4 8 16 32 873.624 877.231
 59   -10.541   -31.305  3.135  14 1 6 1 2 4 8 16 32 739.528 743.266
 60     8.252   -91.150  2.958   7 1 6 1 2 4 8 16 32 126.399 130.006
 61    72.821   -38.916  3.199  12 1 6 1 2 4 8 16 32 777.444 780.942
 62   -30.157    38.776  2.948   5 1 6 1 2 4 8 16 32 495.996 499.455
 63   -56.256    -5.548  3.222  11 1 6 1 2 4 8 16 32 453.258 457.056
 64    -8.398   -37.604  3.127  17 1 6 1 2 4 8 16 32 454.952 458.711
 65    15.021    13.708  3.328   3 1 6 1 2 4 8 16 32 403.549 407.289
 66   -60.199    24.292  3.246   7 1 6 1 2 4 8 16 32 444.343 448.095
 67   -13.794   -27.106  3.349  13 1 6 1 2 4 8 16 32 326.698 330.233
 68   -34.796   -22.205  3.175  20 1 6 1 2 4 8 16 32 620.689 624.193
 69    69.641    83.057  3.448  13 1 6 1 2 4 8 16 32 577.941 581.593
 70   -44.440    30.090  2.941   4 1 6 1 2 4 8 16 32 397.783 401.403
 71    48.633     3.021  3.243   3 1 6 1 2 4 8 16 32 515.848 519.661
 72   -15.314    51.709  3.377  24 1 6 1 2 4 8 16 32 833.046 836.756
 73    36.261    26.782  3.010  23 1 6 1 2 4 8 16 32 482.949 486.634
 74    59.961    24.310  2.999  21 1 6 1 2 4 8 16 32 309.700 313.398
 75    55.304     6.628  3.155  23 1 6 1 2 4 8 16 32 548.543 552.113
 76    39.960    48.297  3.256  10 1 6 1 2 4 8 16 32 641.745 645.302
 77   -48.895   -71.100  3.375  21 1 6 1 2 4 8 16 32 186.082 189.915
 78    -2.338   -62.909  3.028  24 1 6 1 2 4 8 16 32 343.949 347.522
 79     9.491   -41.901  3.441   9 1 6 1 2 4 8 16 32 632.826 636.557
 80   -54.675   -18.439  3.089  22 1 6 1 2 4 8 16 32 562.150 565.678
 81    10.980    -7.605  2.905   3 1 6 1 2 4 8 16 32 516.811 520.651
 82   -69.824   -50.354  3.303   6 1 6 1 2 4 8 16 32 722.564 726.262
 83   -40.308    -7.452  3.422  11 1 6 1 2 4 8 16 32 840.757 844.321
 84    62.244    43.628  3.242  10 1 6 1 2 4 8 16 32 223.044 226.745
 85    29.077    63.116  3.237  15 1 6 1 2 4 8 16 32 504.951 508.736
 86   -12.067   -21.509  3.287   9 1 6 1 2 4 8 16 32 166.283 169.884
 87    14.728    28.906  3.034  20 1 6 1 2 4 8 16 32 792.232 795.833
 88   -63.086   -60.114  2.893  19 1 6 1 2 4 8 16 32 674.278 677.855
 89    33.655    -0.928  3.450  19 1 6 1 2 4 8 16 32 184.336 187.828
 90   -12.225    14.148  2.956  19 1 6 1 2 4 8 16 32 798.766 802.320
 91   -89.966    51.514  3.170  20 1 6 1 2 4 8 16 32 685.504 688.981
 92    -0.763    41.339  3.046   1 1 6 1 2 4 8 16 32 678.580 682.339
 93    80.695    32.983  3.264  15 1 6 1 2 4 8 16 32 624.250 627.945
 94   -53.394   -14.240  3.410  18 1 6 1 2 4 8 16 32 522.254 526.054
 95   -53.284   -64.136  2.964   2 1 6 1 2 4 8 16 32 238.548 242.380
 96    73.260    10.669  2.941  25 1 6 1 2 4 8 16 32 385.814 389.632
 97    59.613    13.452  3.222  20 1 6 1 2 4 8 16 32 586.266 590.048
 98   -37.012     6.476  3.046  18 1 6 1 2 4 8 16 32 722.142 725.719
 99   -53.656    21.692  3.209   8 1 6 1 2 4 8 16 32 643.761 647.265
100   -36.890    18.372  3.150   3 1 6 1 2 4 8 16 32 159.490 163.325
101    -4.608   -13.806  3.160   2 1 6 1 2 4 8 16 32 828.783 832.347
102    53.802    36.993  3.178  15 1 6 1 2 4 8 16 32 513.548 517.377
103    48.468   -66.040  2.970  21 1 6 1 2 4 8 16 32 844.200 847.970
104   -46.393   -20.929  3.024   6 1 6 1 2 4 8 16 32 530.410 533.974
105   -15.045   -40.845  3.137  24 1 6 1 2 4 8 16 32 290.450 294.167
106   -73.621    -9.552  3.383  19 1 6 1 2 4 8 16 32 270.518 274.057
107    92.847    45.587  3.210  23 1 6 1 2 4 8 16 32 656.827 660.543
108    33.557    28.064  3.269  16 1 6 1 2 4 8 16 32 678.046 681.812
109    47.321    24.414  3.421  16 1 6 1 2 4 8 16 32 168.928 172.767
110    -6.610   -30.157  3.213   9 1 6 1 2 4 8 16 32 166.584 170.116
111    12.103    23.840  3.130   1 1 6 1 2 4 8 16 32 412.479 416.196
112   -61.963    26.239  3.239  10 1 6 1 2 4 8 16 32 152.745 156.553
113    23.877     9.808  3.227  14 1 6 1 2 4 8 16 32 408.077 411.854
114    49.780     6.866  3.379  11 1 6 1 2 4 8 16 32 269.123 272.697
115   -53.021   -21.484  2.956   4 1 6 1 2 4 8 16 32 523.171 526.822
116    54.962     2.985  3.024  23 1 6 1 2 4 8 16 32 633.330 637.140
117     4.865   -69.586  3.288  23 1 6 1 2 4 8 16 32 560.254 564.020
118    33.948    45.209  3.115  22 1 6 1 2 4 8 16 32 637.458 640.950
119   -32.166   -23.621  3.329  11 1 6 1 2 4 8 16 32 304.807 308.461
120   -17.548   -46.765  3.404  14 1 6 1 2 4 8 16 32 685.965 689.493
121    31.744    33.972  3.119  12 1 6 1 2 4 8 16 32 823.092 826.787
122    45.374    22.131  2.959  13 1 6 1 2 4 8 16 32 691.321 695.054
123    -5.219   -23.114  3.268  11 1 6 1 2 4 8 16 32 859.718 863.250
124   -51.056   -46.545  3.067   9 1 6 1 2 4 8 16 32 749.428 753.067
125    11.774    11.133  3.432   6 1 6 1 2 4 8 16 32 240.112 243.660
126   -39.758   -13.019  3.086  25 1 6 1 2 4 8 16 32 268.623 272.215
127    27.930    29.321  3.096  21 1 6 1 2 4 8 16 32 447.792 451.604
128    33.740    66.595  3.395  13 1 6 1 2 4 8 16 32 810.101 813.835
129   -91.815    29.858  3.122  23 1 6 1 2 4 8 16 32 233.400 236.980
130   -24.628   -68.701  2.967   8 1 6 1 2 4 8 16 32 490.758 494.479
131    44.659    20.465  3.283   7 1 6 1 2 4 8 16 32 322.356 326.186
132    45.447   -21.069  3.202   8 1 6 1 2 4 8 16 32 800.900 804.548
133   -37.366   -12.097  3.287   9 1 6 1 2 4 8 16 32 409.611 413.389
134    41.998     0.153  3.005   2 1 6 1 2 4 8 16 32 204.789 208.270
135   -42.822   -30.170  2.958  24 1 6 1 2 4 8 16 32 657.210 660.978
136    34.906    -4.578  2.955   7 1 6 1 2 4 8 16 32 647.798 651.638
137   -65.137   -43.079  3.309  23 1 6 1 2 4 8 16 32 202.506 205.975
138    20.270    -4.999  2.884  21 1 6 1 2 4 8 16 32 414.784 418.526
139   -36.731    -8.929  3.297  12 1 6 1 2 4 8 16 32 469.730 473.530
140   -26.984   -19.568  2.903  23 1 6 1 2 4 8 16 32 400.080 403.598
141   -31.299   -83.813  3.180  18 1 6 1 2 4 8 16 32 717.818 721.326
142   -26.794    12.506  3.198   5 1 6 1 2 4 8 16 32 703.211 706.811
143   -39.362   -58.521  3.280  15 1 6 1 2 4 8 16 32 462.109 465.878
144   -34.369     0.610  2.931  11 1 6 1 2 4 8 16 32 791.459 795.276
145    43.372     4.187  2.951   8 1 6 1 2 4 8 16 32 615.356 619.135
146   -38.226    -9.448  3.250   2 1 6 1 2 4 8 16 32 585.793 589.565
147   -25.610   -99.237  3.075   6 1 6 1 2 4 8 16 32 448.406 452.209
148    48.059    29.517  3.101  23 1 6 1 2 4 8 16 32 824.652 828.222
149   -43.628   -32.318  3.119   9 1 6 1 2 4 8 16 32 558.891 562.493
150   -16.602   -29.327  2.947   1 1 6 1 2 4 8 16 32 325.722 329.313
151   -29.810   -12.408  3.341  12 1 6 1 2 4 8 16 32 363.800 367.523
152   -51.910   -28.711  3.027  17 1 6 1 2 4 8 16 32 530.960 534.757
153    -1.801   -18.671  3.046   2 1 6 1 2 4 8 16 32 280.107 283.634
154    18.738    21.399  3.411   5 1 6 1 2 4 8 16 32 802.130 805.820
155    60.120     7.788  3.242   1 1 6 1 2 4 8 16 32 195.903 199.405
156    43.079    42.017  3.324  20 1 6 1 2 4 8 16 32 495.442 498.911
157   -39.435    -5.902  2.911  19 1 6 1 2 4 8 16 32 544.973 548.604
158   -35.889   -16.034  3.301  13 1 6 1 2 4 8 16 32 503.615 507.174
159   -41.827    38.995  3.289  10 1 6 1 2 4 8 16 32 517.719 521.229
160    84.497    29.822  3.142   9 1 6 1 2 4 8 16 32 550.944 554.708
161   -17.560   -10.480  2.902  14 1 6 1 2 4 8 16 32 220.780 224.353
162   -48.383   -48.920  3.350   4 1 6 1 2 4 8 16 32 353.775 357.534
163   -49.335   -17.969  2.938  20 1 6 1 2 4 8 16 32 597.995 601.801
164    16.095    -2.490  3.195  17 1 6 1 2 4 8 16 32 462.355 466.111
165    65.527    14.026  3.435  19 1 6 1 2 4 8 16 32 265.508 269.312
166    -2.930    13.220  2.930  19 1 6 1 2 4 8 16 32 134.798 138.568
167   -18.768   -23.663  3.401  16 1 6 1 2 4 8 16 32 104.265 108.012
168   -91.095   -80.737  3.400   4 1 6 1 2 4 8 16 32 327.920 331.732
169   -21.088   -13.293  3.368   1 1 6 1 2 4 8 16 32 600.343 604.116
170    46.985    17.224  3.203  21 1 6 1 2 4 8 16 32 465.021 468.794
171   -61.957   -33.038  3.354   9 1 6 1 2 4 8 16 32 648.049 651.686
172    -9.003   -25.452  3.095   2 1 6 1 2 4 8 16 32 429.217 432.908
173    33.661    -7.666  2.998  24 1 6 1 2 4 8 16 32 212.841 216.464
174   -25.592   -10.840  3.159   1 1 6 1 2 4 8 16 32 103.290 107.054
175    36.560    -2.441  2.940  21 1 6 1 2 4 8 16 32 289.663 293.403
176     7.141    24.817  3.317  13 1 6 1 2 4 8 16 32 445.260 448.992
177   -43.170   -30.487  2.919  15 1 6 1 2 4 8 16 32 213.451 217.185
178   -21.228     0.751  2.937   4 1 6 1 2 4 8 16 32 462.852 466.693
179    19.696    10.767  3.227  10 1 6 1 2 4 8 16 32 289.658 293.370
180    -6.494   -29.425  3.094  19 1 6 1 2 4 8 16 32 515.184 518.737
181    54.388     8.630  3.065   1 1 6 1 2 4 8 16 32 490.078 493.565
182    64.203    77.612  3.060  25 1 6 1 2 4 8 16 32 660.007 663.506
183    40.381     1.611  3.247   3 1 6 1 2 4 8 16 32 462.475 466.061
184   -41.711    -5.133  3.048  21 1 6 1 2 4 8 16 32 598.781 602.441
185    74.274   -19.922  2.893   7 1 6 1 2 4 8 16 32 834.575 838.408
186   -73.999   -54.626  2.975  18 1 6 1 2 4 8 16 32 443.277 446.826
187    29.706    15.454  3.261   3 1 6 1 2 4 8 16 32 800.049 803.786
188    23.785    12.177  3.195   1 1 6 1 2 4 8 16 32 205.955 209.603
189    42.578    45.325  3.155   2 1 6 1 2 4 8 16 32 275.711 279.342
190   -16.730   -16.559  3.341   8 1 6 1 2 4 8 16 32 396.407 400.200
191   -14.697    -0.116  3.173  10 1 6 1 2 4 8 16 32 594.973 598.551
192   -19.769     8.392  3.104  19 1 6 1 2 4 8 16 32 815.428 819.019
193   -30.267    14.893  2.884  17 1 6 1 2 4 8 16 32 305.398 308.931
194   -63.116   -67.462  3.092  19 1 6 1 2 4 8 16 32 486.623 490.108
195    86.029    38.916  3.181  24 1 6 1 2 4 8 16 32 787.525 791.143
196    79.480   -24.866  3.371  24 1 6 1 2 4 8 16 32 228.989 232.733
197    35.144    14.734  3.356   6 1 6 1 2 4 8 16 32 509.767 513.294
198   -49.365    -9.052  3.104   2 1 6 1 2 4 8 16 32 393.943 397.638
199   -49.475   -17.578  2.921   7 1 6 1 2 4 8 16 32 152.658 156.362
200    57.501    16.327  3.040  10 1 6 1 2 4 8 16 32 348.844 352.538
201    54.889    12.024  3.199  13 1 6 1 2 4 8 16 32 582.687 586.336
202   -53.027   -33.179  3.306  20 1 6 1 2 4 8 16 32 351.213 354.676
203    -0.415    16.644  3.021   1 1 6 1 2 4 8 16 32 231.147 234.608
204    21.594    16.144  2.988  17 1 6 1 2 4 8 16 32 147.143 150.670
205   -46.924   -49.261  3.062  17 1 6 1 2 4 8 16 32 427.334 430.877
206    18.457    19.733  3.401  16 1 6 1 2 4 8 16 32 226.513 230.092
207    35.822    19.763  3.138   9 1 6 1 2 4 8 16 32 649.925 653.418
208    71.869    29.034  3.268  25 1 6 1 2 4 8 16 32 634.718 638.414
209   -56.378   -42.755  3.014   1 1 6 1 2 4 8 16 32 463.198 466.786
210   -25.800    25.159  3.378  23 1 6 1 2 4 8 16 32 216.404 220.044
211    -5.676    33.850  3.052  10 1 6 1 2 4 8 16 32 657.007 660.519
212    54.041    -5.292  3.124  15 1 6 1 2 4 8 16 32 383.271 387.034
213   -63.074    27.380  3.209  25 1 6 1 2 4 8 16 32 573.265 577.068
214   -16.864   -49.768  3.009  25 1 6 1 2 4 8 16 32 672.728 676.507
215    47.919    13.629  2.904  16 1 6 1 2 4 8 16 32 154.717 158.400
216   -10.724    -2.075  3.146   1 1 6 1 2 4 8 16 32 401.319 405.089
217   -15.067   -23.950 0.000   0 0 0 0.000 960.420
218    38.791    22.443 0.000   0 0 0 0.000 960.420
219   -41.833   -35.361 0.000   0 0 0 0.000 960.420
220   -29.523    -4.843 0.000   0 0 0 0.000 960.420
221    49.725    11.990 0.000   0 0 0 0.000 960.420
222    21.133    14.142 0.000   0 0 0 0.000 960.420
