6 4 288 6
425 170
425 170
425 170
425 170
425 170
425 170
  1    12.805     1.886  3.014  10 1 6 1 2 4 8 16 32 875.656 879.357
  2    18.213     1.373  3.531  21 1 6 1 2 4 8 16 32 79.191 82.898
  3    57.947   -48.779  3.134   8 1 6 1 2 4 8 16 32 324.765 328.699
  4   -52.429   -84.088  3.424  23 1 6 1 2 4 8 16 32 680.837 684.405
  5    60.797   -32.593  3.355  10 1 6 1 2 4 8 16 32 376.612 380.482
  6    23.151     4.205  3.103   9 1 6 1 2 4 8 16 32 750.936 754.760
  7    25.385    22.986  3.488  21 1 6 1 2 4 8 16 32 402.423 406.286
  8    25.513   -52.985  2.991  16 1 6 1 2 4 8 16 32 103.029 106.664
  9   -49.261   -41.718  3.365  21 1 6 1 2 4 8 16 32 583.639 587.445
 10   -37.561   -41.730  2.989   3 1 6 1 2 4 8 16 32 742.325 745.987
 11   -14.520    48.962  3.340  24 1 6 1 2 4 8 16 32 395.973 399.809
 12    41.229   -24.500  3.030   2 1 6 1 2 4 8 16 32 789.011 792.839
 13   -21.863     0.916  3.360   4 1 6 1 2 4 8 16 32 112.804 116.721
 14   -48.181   -16.284  3.194  18 1 6 1 2 4 8 16 32 782.917 786.565
 15    -7.776    44.348  3.265   5 1 6 1 2 4 8 16 32 738.624 742.516
 16    20.801    10.760  3.174  13 1 6 1 2 4 8 16 32 115.546 119.306
 17   -29.712   -46.326  3.463  13 1 6 1 2 4 8 16 32 731.369 735.007
 18   -20.203   -59.564  3.229  14 1 6 1 2 4 8 16 32 111.346 114.984
 19   -87.079   -52.899  3.090  10 1 6 1 2 4 8 16 32 677.318 680.917
 20     3.046    -6.305  3.172   3 1 6 1 2 4 8 16 32 212.622 216.575
 21    11.865     5.261  3.555   1 1 6 1 2 4 8 16 32 236.580 240.309
 22   -24.072   -55.927  3.319  11 1 6 1 2 4 8 16 32 176.341 180.272
 23   -22.803     5.658  3.094  16 1 6 1 2 4 8 16 32 813.751 817.598
 24   -51.904     9.412  3.437   6 1 6 1 2 4 8 16 32 310.527 314.154
 25    12.732   -40.967  3.145  18 1 6 1 2 4 8 16 32 257.425 261.341
 26   -30.988     7.654  3.331  11 1 6 1 2 4 8 16 32 493.304 496.969
 27    37.512     0.458  3.504  15 1 6 1 2 4 8 16 32 807.504 811.264
 28     2.954    -8.563  3.296  17 1 6 1 2 4 8 16 32 267.772 271.700
 29     0.549     3.644  3.077  17 1 6 1 2 4 8 16 32 779.056 782.785
 30   -52.484     9.711  3.461   1 1 6 1 2 4 8 16 32 505.780 509.662
 31    33.936   -48.718  3.543   1 1 6 1 2 4 8 16 32 559.376 563.186
 32   -13.129   -53.601  3.398  18 1 6 1 2 4 8 16 32 281.133 284.957
 33   -99.591    23.303  3.003   3 1 6 1 2 4 8 16 32 686.484 690.342
 34     6.439    -3.516  3.119  21 1 6 1 2 4 8 16 32 626.341 630.131
 35   -14.032   -19.818  3.519  22 1 6 1 2 4 8 16 32 148.218 152.112
 36   -24.677    16.608  3.243  14 1 6 1 2 4 8 16 32 139.990 143.758
 37   -10.260   -81.769  3.452   4 1 6 1 2 4 8 16 32 171.386 175.045
 38    35.858     5.597  3.316  17 1 6 1 2 4 8 16 32 685.658 689.384
 39   -11.603    42.908  3.518  16 1 6 1 2 4 8 16 32 704.843 708.746
 40   -34.662   -15.466  3.337   8 1 6 1 2 4 8 16 32 453.105 457.031
 41    66.852     1.135  3.464  14 1 6 1 2 4 8 16 32 705.731 709.453
 42     6.866    -1.416  3.526  23 1 6 1 2 4 8 16 32 111.379 114.977
 43     1.660    -2.234  3.013   1 1 6 1 2 4 8 16 32 443.529 447.448
 44    37.561    11.450  3.452  21 1 6 1 2 4 8 16 32 136.215 139.899
 45    51.672   -26.343  2.987  10 1 6 1 2 4 8 16 32 753.590 757.427
 46    19.025   -10.889  3.350  19 1 6 1 2 4 8 16 32 487.106 490.915
 47   -37.982    -6.360  3.002   6 1 6 1 2 4 8 16 32 703.450 707.347
 48   -56.537   -42.334  3.069   4 1 6 1 2 4 8 16 32 115.599 119.446
 49     1.099   -14.624  2.987  18 1 6 1 2 4 8 16 32 474.570 478.147
 50   -56.238    -3.076  3.066  23 1 6 1 2 4 8 16 32 236.896 240.460
 51   -23.669   -15.289  3.186  25 1 6 1 2 4 8 16 32 242.369 246.142
 52   -34.277    -1.410  3.386  17 1 6 1 2 4 8 16 32 463.645 467.273
 53   -64.178    63.812  3.469  11 1 6 1 2 4 8 16 32 773.640 777.221
 54   -47.083   -20.386  3.076  20 1 6 1 2 4 8 16 32 889.186 892.840
 55   -33.710     8.380  3.185   9 1 6 1 2 4 8 16 32 193.263 197.177
 56    34.290    26.031  3.122  23 1 6 1 2 4 8 16 32 230.510 234.199
 57   -38.861    42.114  3.115  14 1 6 1 2 4 8 16 32 651.745 655.444
 58   -92.731    44.885  3.448   7 1 6 1 2 4 8 16 32 572.475 576.332
 59    23.633    27.643  3.280  15 1 6 1 2 4 8 16 32 257.764 261.616
 60   -67.139   -67.078  3.346  22 1 6 1 2 4 8 16 32 191.649 195.447
 61    25.726   -25.836  3.508   4 1 6 1 2 4 8 16 32 567.115 570.813
 62   -40.985   -16.895  2.971  14 1 6 1 2 4 8 16 32 240.428 244.124
 63    77.008    -6.097  3.476  24 1 6 1 2 4 8 16 32 192.636 196.481
 64   -54.810    -1.935  3.421  13 1 6 1 2 4 8 16 32 605.667 609.585
 65   -53.943   -29.663  3.380   9 1 6 1 2 4 8 16 32 515.969 519.746
 66    16.089   -27.887  3.142   3 1 6 1 2 4 8 16 32 714.771 718.553
 67   -59.436    36.487  3.164  23 1 6 1 2 4 8 16 32 124.285 128.155
 68    34.473    25.391  3.284   2 1 6 1 2 4 8 16 32 236.213 239.809
 69    -9.283    -6.689  3.053  23 1 6 1 2 4 8 16 32 628.520 632.259
 70   -85.559   -20.477  3.534   8 1 6 1 2 4 8 16 32 252.253 256.074
 71    29.523    18.347  3.297  23 1 6 1 2 4 8 16 32 377.281 380.930
 72    27.814     6.512  3.437  13 1 6 1 2 4 8 16 32 224.889 228.505
 73    42.151   -25.580  3.025  25 1 6 1 2 4 8 16 32 754.907 758.577
 74    82.202    85.828  3.185  25 1 6 1 2 4 8 16 32 343.943 347.696
 75   -47.766   -35.590  3.561  20 1 6 1 2 4 8 16 32 884.072 887.799
 76    22.015   -20.349  3.198   9 1 6 1 2 4 8 16 32 865.392 869.042
 77   -55.756   -33.490  3.128  15 1 6 1 2 4 8 16 32 229.979 233.768
 78    62.006    -1.453  3.391   4 1 6 1 2 4 8 16 32 142.609 146.259
 79    25.549    -3.796  3.205   1 1 6 1 2 4 8 16 32 611.359 615.311
 80   -43.372    -7.379  2.978   7 1 6 1 2 4 8 16 32 108.656 112.225
 81    60.297    52.637  3.104  12 1 6 1 2 4 8 16 32 808.717 812.571
 82   -96.155    34.100  3.107   5 1 6 1 2 4 8 16 32 499.576 503.194
 83   -32.806    -3.845  3.471   8 1 6 1 2 4 8 16 32 216.693 220.529
 84   -47.827   -45.203  3.486   1 1 6 1 2 4 8 16 32 798.616 802.463
 85   -31.128   -93.848  3.276  24 1 6 1 2 4 8 16 32 835.346 839.282
 86   -17.010   -21.857  3.139  23 1 6 1 2 4 8 16 32 147.918 151.642
 87    -8.386    -2.264  3.409  12 1 6 1 2 4 8 16 32 487.650 491.241
 88    35.834    13.147  3.158   2 1 6 1 2 4 8 16 32 664.876 668.683
 89    29.315    54.468  3.145  22 1 6 1 2 4 8 16 32 425.584 429.180
 90    48.352    -8.783  3.313   3 1 6 1 2 4 8 16 32 645.844 649.492
 91    -2.930    27.039  3.490  12 1 6 1 2 4 8 16 32 326.116 329.773
 92   -16.620   -55.389  3.448  16 1 6 1 2 4 8 16 32 813.640 817.466
 93   -40.851   -47.742  3.087   8 1 6 1 2 4 8 16 32 108.927 112.791
 94   -12.878    -2.039  3.358  25 1 6 1 2 4 8 16 32 133.364 137.122
 95   -51.776     7.281  3.126   6 1 6 1 2 4 8 16 32 356.325 359.896
 96   -32.922    23.828  3.466  24 1 6 1 2 4 8 16 32 648.301 651.903
 97    13.983   -34.521  3.098  16 1 6 1 2 4 8 16 32 342.834 346.414
 98   -35.834   -23.834  3.459   7 1 6 1 2 4 8 16 32 608.069 611.741
 99    91.858     5.542  3.535   9 1 6 1 2 4 8 16 32 182.757 186.447
100   -28.442   -34.180  3.462  23 1 6 1 2 4 8 16 32 393.943 397.646
101    33.844    27.875  3.512  24 1 6 1 2 4 8 16 32 532.278 535.857
102    98.431    31.348  3.490  19 1 6 1 2 4 8 16 32 693.959 697.847
103   -57.751   -27.753  3.058   9 1 6 1 2 4 8 16 32 750.650 754.527
104   -43.890    13.007  3.477  10 1 6 1 2 4 8 16 32 509.846 513.783
105    37.585    49.768  3.520  23 1 6 1 2 4 8 16 32 316.468 320.265
106    -3.687     7.373  3.073   2 1 6 1 2 4 8 16 32 129.738 133.496
107   -98.242    61.658  3.264   5 1 6 1 2 4 8 16 32 501.419 505.116
108   -23.560   -32.520  3.497  25 1 6 1 2 4 8 16 32 661.107 664.884
109    22.980   -18.109  3.244  17 1 6 1 2 4 8 16 32 848.568 852.381
110    43.915    -2.985  3.041  23 1 6 1 2 4 8 16 32 685.492 689.253
111    71.509    11.652  3.337  23 1 6 1 2 4 8 16 32 481.721 485.493
112   -43.011   -38.702  3.405  13 1 6 1 2 4 8 16 32 858.230 861.939
113   -83.954     2.179  3.523   2 1 6 1 2 4 8 16 32 846.361 850.223
114    11.090   -40.942  3.134  24 1 6 1 2 4 8 16 32 265.537 269.117
115    27.173   -13.330  3.195  22 1 6 1 2 4 8 16 32 617.218 620.827
116   -86.102   -59.808  3.283  20 1 6 1 2 4 8 16 32 178.724 182.354
117   -22.345   -78.278  3.030  15 1 6 1 2 4 8 16 32 798.505 802.432
118   -38.727   -33.588  3.068  12 1 6 1 2 4 8 16 32 225.405 229.014
119    -1.227   -28.668  3.453  17 1 6 1 2 4 8 16 32 901.875 905.649
120    81.329   -44.244  3.470  21 1 6 1 2 4 8 16 32 200.228 204.180
121    51.904    19.891  3.430  10 1 6 1 2 4 8 16 32 518.739 522.444
122   -34.973   -27.856  3.520   4 1 6 1 2 4 8 16 32 213.874 217.748
123   -51.483   -23.248  3.087  21 1 6 1 2 4 8 16 32 192.017 195.763
124    -0.647   -46.057  3.167   3 1 6 1 2 4 8 16 32 418.727 422.685
125    68.219   -66.986  3.521  17 1 6 1 2 4 8 16 32 280.690 284.532
126   -15.149   -25.482  3.261  19 1 6 1 2 4 8 16 32 624.641 628.446
127    22.412   -34.375  3.445  10 1 6 1 2 4 8 16 32 182.215 186.037
128    36.176   -10.431  3.507  21 1 6 1 2 4 8 16 32 410.936 414.630
129   -23.639   -47.681  3.378  21 1 6 1 2 4 8 16 32 598.888 602.737
130   -14.722    32.684  3.383   6 1 6 1 2 4 8 16 32 781.778 785.442
131    16.821   -12.720  3.124   8 1 6 1 2 4 8 16 32 71.447 75.165
132    93.378    23.004  3.032   8 1 6 1 2 4 8 16 32 440.843 444.794
133    40.344   -24.176  3.270  13 1 6 1 2 4 8 16 32 263.416 267.274
134     5.530    -4.901  3.003   7 1 6 1 2 4 8 16 32 755.040 758.626
135   -78.015     1.270  3.254  11 1 6 1 2 4 8 16 32 154.418 158.253
136    51.569   -45.673  3.039  18 1 6 1 2 4 8 16 32 839.419 843.000
137    49.249   -30.896  3.222  10 1 6 1 2 4 8 16 32 292.071 295.932
138   -62.195   -21.399  3.400  25 1 6 1 2 4 8 16 32 805.042 808.884
139    -5.048     7.306  3.287   7 1 6 1 2 4 8 16 32 349.722 353.357
140     1.727   -70.221  3.394  17 1 6 1 2 4 8 16 32 97.859 101.740
141     1.361    -3.564  3.164  20 1 6 1 2 4 8 16 32 248.399 252.242
142   -15.521    16.425  3.302  18 1 6 1 2 4 8 16 32 433.815 437.466
143   -31.604   -60.938  3.192  21 1 6 1 2 4 8 16 32 197.946 201.733
144   -46.997   -55.560  3.058  14 1 6 1 2 4 8 16 32 639.152 643.086
145     2.301     5.536  3.142   2 1 6 1 2 4 8 16 32 452.358 456.241
146   -30.328    -0.580  3.454  18 1 6 1 2 4 8 16 32 409.384 412.972
147   -16.821    17.664  3.290  10 1 6 1 2 4 8 16 32 312.614 316.242
148    52.655    29.034  3.173   5 1 6 1 2 4 8 16 32 510.257 514.105
149   -11.993   -83.771  3.125  15 1 6 1 2 4 8 16 32 780.870 784.642
150    41.632    43.048  3.184  17 1 6 1 2 4 8 16 32 216.868 220.783
151     8.508    -2.539  3.205  12 1 6 1 2 4 8 16 32 867.423 871.335
152    31.512    -8.978  3.487  14 1 6 1 2 4 8 16 32 352.231 356.072
153    -3.339   -36.243  3.148   3 1 6 1 2 4 8 16 32 788.389 792.017
154   -26.379    13.776  3.164   7 1 6 1 2 4 8 16 32 649.914 653.696
155    28.430    10.571  3.173  21 1 6 1 2 4 8 16 32 646.563 650.152
156     5.975    27.289  3.131   7 1 6 1 2 4 8 16 32 590.396 594.079
157   -32.135   -45.068  3.148   5 1 6 1 2 4 8 16 32 800.398 804.091
158    31.097    -7.916  3.353  24 1 6 1 2 4 8 16 32 757.498 761.306
159    28.198   -29.755  2.985  13 1 6 1 2 4 8 16 32 341.956 345.659
160   -39.612   -33.594  3.512  18 1 6 1 2 4 8 16 32 526.921 530.719
161   -19.220    -5.133  3.426  19 1 6 1 2 4 8 16 32 387.125 390.920
162   -10.114    69.977  3.424  22 1 6 1 2 4 8 16 32 372.260 375.930
163    22.894   -44.348  3.362  13 1 6 1 2 4 8 16 32 711.591 715.254
164   -34.741     0.580  3.054  10 1 6 1 2 4 8 16 32 86.312 89.997
165   -44.952   -77.734  3.444   4 1 6 1 2 4 8 16 32 400.643 404.481
166   -23.749   -56.012  3.412  17 1 6 1 2 4 8 16 32 795.973 799.823
167    69.073   -97.125  3.177   2 1 6 1 2 4 8 16 32 773.495 777.226
168    12.170   -59.869  3.243  18 1 6 1 2 4 8 16 32 669.506 673.133
169    47.339    17.365  3.418   2 1 6 1 2 4 8 16 32 467.542 471.192
170    -4.706    14.056  3.178  18 1 6 1 2 4 8 16 32 702.637 706.463
171   -52.374   -50.244  3.219  13 1 6 1 2 4 8 16 32 139.839 143.478
172    39.215   -29.773  3.501  24 1 6 1 2 4 8 16 32 594.844 598.665
173   -42.316   -60.602  3.068  25 1 6 1 2 4 8 16 32 763.932 767.552
174    19.135    41.150  3.505   2 1 6 1 2 4 8 16 32 744.172 747.999
175   -54.706   -17.596  3.022   2 1 6 1 2 4 8 16 32 164.325 168.276
176    11.737   -83.173  3.305   7 1 6 1 2 4 8 16 32 408.814 412.619
177   -40.582   -53.247  3.231  23 1 6 1 2 4 8 16 32 517.420 521.047
178    -6.421    21.967  3.167  21 1 6 1 2 4 8 16 32 794.218 797.801
179   -31.268   -34.613  3.033  18 1 6 1 2 4 8 16 32 560.121 563.809
180    -3.668   -26.868  3.040  21 1 6 1 2 4 8 16 32 155.094 158.915
181    13.409   -22.302  3.424  23 1 6 1 2 4 8 16 32 859.566 863.162
182   -95.892   -86.322  3.332  16 1 6 1 2 4 8 16 32 357.419 361.126
183    88.983   -53.387  3.329  22 1 6 1 2 4 8 16 32 452.034 455.832
184   -55.048   -32.538  3.319  11 1 6 1 2 4 8 16 32 220.335 224.159
185    27.850   -10.028  2.994  22 1 6 1 2 4 8 16 32 553.300 556.984
186    40.918   -36.090  2.985  10 1 6 1 2 4 8 16 32 492.855 496.569
187   -58.350    15.814  3.431  15 1 6 1 2 4 8 16 32 164.750 168.632
188   -52.161   -74.725  3.542  23 1 6 1 2 4 8 16 32 319.257 323.000
189   -66.772   -34.943  3.468   7 1 6 1 2 4 8 16 32 382.309 386.133
190   -33.374   -62.024  3.127   1 1 6 1 2 4 8 16 32 613.159 616.922
191    -8.649    31.708  3.004  21 1 6 1 2 4 8 16 32 723.232 726.807
192   -26.166   -56.152  3.338  11 1 6 1 2 4 8 16 32 195.425 199.332
193   -39.874   -53.375  3.275   2 1 6 1 2 4 8 16 32 213.610 217.512
194    71.643   -36.981  3.386  24 1 6 1 2 4 8 16 32 185.850 189.583
195   -96.924     8.411  3.537  25 1 6 1 2 4 8 16 32 562.536 566.367
196    -2.911    36.200  2.988  17 1 6 1 2 4 8 16 32 393.165 396.978
197   -53.253    14.099  3.201  10 1 6 1 2 4 8 16 32 852.118 855.846
198    67.316   -39.734  3.019  18 1 6 1 2 4 8 16 32 444.623 448.464
199    -6.525    11.975  3.160   2 1 6 1 2 4 8 16 32 791.350 794.958
200    16.425    33.221  3.026  12 1 6 1 2 4 8 16 32 853.711 857.486
201   -19.061   -56.921  3.244   4 1 6 1 2 4 8 16 32 595.450 599.259
202    25.189   -21.045  3.102   1 1 6 1 2 4 8 16 32 671.308 674.918
203    37.854    -5.524  3.100   1 1 6 1 2 4 8 16 32 321.806 325.531
204   -16.479    48.657  3.057   6 1 6 1 2 4 8 16 32 875.709 879.466
205     2.344   -16.516  3.086  22 1 6 1 2 4 8 16 32 549.650 553.261
206   -48.621   -12.390  3.369  25 1 6 1 2 4 8 16 32 357.765 361.497
207   -42.621   -50.006  3.332  21 1 6 1 2 4 8 16 32 806.161 810.058
208    16.016    11.169  3.313  18 1 6 1 2 4 8 16 32 696.649 700.403
209   -80.408   -60.583  3.428  14 1 6 1 2 4 8 16 32 824.115 827.922
210   -95.068    44.293  3.174  21 1 6 1 2 4 8 16 32 710.940 714.635
211    -6.885    24.884  3.165   4 1 6 1 2 4 8 16 32 730.564 734.207
212    -4.803    21.674  2.999   1 1 6 1 2 4 8 16 32 131.999 135.905
213     7.037   -45.337  3.191  18 1 6 1 2 4 8 16 32 64.702 68.623
214    31.293   -39.905  3.223   4 1 6 1 2 4 8 16 32 216.318 219.986
215    14.984    26.172  3.355   4 1 6 1 2 4 8 16 32 764.436 768.132
216    33.203   -52.289  3.418   5 1 6 1 2 4 8 16 32 628.562 632.386
217   -59.277    39.667  2.995  15 1 6 1 2 4 8 16 32 555.241 559.199
218    30.054   -36.823  3.305   5 1 6 1 2 4 8 16 32 327.962 331.743
219     9.351   -39.044  3.345  22 1 6 1 2 4 8 16 32 696.376 700.194
220   -10.651    54.431  3.178  21 1 6 1 2 4 8 16 32 258.218 262.165
221    20.856   -26.465  3.068  17 1 6 1 2 4 8 16 32 417.502 421.103
222    19.617    17.865  3.508   8 1 6 1 2 4 8 16 32 514.202 518.011
223   -36.981   -92.950  3.477   4 1 6 1 2 4 8 16 32 717.410 721.333
224    -3.760    59.875  3.094   4 1 6 1 2 4 8 16 32 180.428 184.102
225    11.682   -63.336  3.432  16 1 6 1 2 4 8 16 32 878.776 882.371
226     4.468   -36.133  3.163   5 1 6 1 2 4 8 16 32 743.211 746.781
227    47.040   -41.254  3.080  15 1 6 1 2 4 8 16 32 203.376 207.250
228    29.938   -58.710  3.126  25 1 6 1 2 4 8 16 32 596.560 600.448
229   -70.569    -7.037  3.488  15 1 6 1 2 4 8 16 32 436.983 440.748
230    56.262     1.819  2.994   7 1 6 1 2 4 8 16 32 200.881 204.688
231    46.210   -53.522  3.106  19 1 6 1 2 4 8 16 32 160.310 164.094
232     6.366   -14.264  3.190  11 1 6 1 2 4 8 16 32 766.703 770.275
233   -34.540   -39.502  3.108  13 1 6 1 2 4 8 16 32 692.964 696.620
234   -50.537    28.357  3.171  24 1 6 1 2 4 8 16 32 815.363 819.283
235   -61.444   -10.901  3.181   4 1 6 1 2 4 8 16 32 525.228 528.912
236   -30.823    17.902  3.110  13 1 6 1 2 4 8 16 32 664.116 667.738
237    49.658    24.469  3.116   6 1 6 1 2 4 8 16 32 528.958 532.663
238   -69.775   -41.406  3.365   4 1 6 1 2 4 8 16 32 684.555 688.163
239   -18.939    57.690  3.445  12 1 6 1 2 4 8 16 32 459.194 463.026
240   -22.449    15.771  3.109   4 1 6 1 2 4 8 16 32 172.880 176.834
241    -7.599    37.030  3.458   4 1 6 1 2 4 8 16 32 827.900 831.603
242    27.435    17.554  3.562  25 1 6 1 2 4 8 16 32 678.578 682.353
243    45.526    -5.127  3.293  25 1 6 1 2 4 8 16 32 688.013 691.865
244   -33.551   -25.586  3.563  14 1 6 1 2 4 8 16 32 762.200 766.157
245    -4.645    53.754  3.120  25 1 6 1 2 4 8 16 32 332.628 336.485
246   -41.119   -13.361  3.482  13 1 6 1 2 4 8 16 32 184.484 188.122
247    23.010   -45.703  3.061  13 1 6 1 2 4 8 16 32 191.592 195.372
248    17.230     5.096  3.053  11 1 6 1 2 4 8 16 32 222.850 226.474
249    -6.818   -19.873  3.199  24 1 6 1 2 4 8 16 32 549.123 553.047
250    52.966    51.410  3.416   5 1 6 1 2 4 8 16 32 237.756 241.364
251   -28.662   -50.940  3.329  12 1 6 1 2 4 8 16 32 701.760 705.577
252    69.684   -51.520  3.464   4 1 6 1 2 4 8 16 32 315.822 319.633
253    36.884   -17.371  3.040   5 1 6 1 2 4 8 16 32 769.226 772.886
254   -19.659    42.035  3.244  24 1 6 1 2 4 8 16 32 204.959 208.897
255    72.125    65.405  3.211  17 1 6 1 2 4 8 16 32 314.790 318.642
256   -71.368    59.863  3.011   4 1 6 1 2 4 8 16 32 506.800 510.446
257    18.317   -37.750  3.277   1 1 6 1 2 4 8 16 32 152.800 156.711
258    18.121     0.482  3.375  19 1 6 1 2 4 8 16 32 388.187 391.894
259    -1.105   -30.676  3.339   7 1 6 1 2 4 8 16 32 740.315 743.942
260   -44.574   -44.055  3.150  24 1 6 1 2 4 8 16 32 443.680 447.582
261   -28.058   -59.436  3.340  10 1 6 1 2 4 8 16 32 520.181 523.971
262    -7.953     4.639  3.330  13 1 6 1 2 4 8 16 32 462.318 465.928
263   -37.366   -28.528  3.007  24 1 6 1 2 4 8 16 32 619.780 623.707
264     4.388   -38.489  3.055   3 1 6 1 2 4 8 16 32 238.943 242.823
265   -44.592   -35.333  3.241  14 1 6 1 2 4 8 16 32 552.252 556.074
266   -56.714   -39.252  3.337   2 1 6 1 2 4 8 16 32 854.159 857.996
267    13.452   -32.159  3.495  24 1 6 1 2 4 8 16 32 514.307 518.037
268   -20.343   -11.182  3.080  11 1 6 1 2 4 8 16 32 739.143 743.098
269     3.436   -52.734  3.225   5 1 6 1 2 4 8 16 32 656.883 660.464
270    40.576   -54.492  3.175  14 1 6 1 2 4 8 16 32 686.508 690.179
271    31.952   -25.421  3.265  21 1 6 1 2 4 8 16 32 104.150 107.837
272   -57.434    38.525  3.399  14 1 6 1 2 4 8 16 32 295.208 298.902
273    47.510   -42.035  3.422  15 1 6 1 2 4 8 16 32 108.038 111.663
274   -28.143   -41.614  2.996   3 1 6 1 2 4 8 16 32 491.717 495.397
275    -2.258    -5.078  3.141  15 1 6 1 2 4 8 16 32 644.524 648.466
276   -27.167   -27.936  3.331  15 1 6 1 2 4 8 16 32 225.301 228.934
277   -24.048   -47.192  3.037  21 1 6 1 2 4 8 16 32 166.319 169.992
278   -77.521   -55.084  3.095  17 1 6 1 2 4 8 16 32 341.913 345.596
279   -62.036   -43.439  3.141  18 1 6 1 2 4 8 16 32 610.982 614.915
280   -71.936   -20.160  2.984  15 1 6 1 2 4 8 16 32 630.174 633.968
281   -66.504   -39.789  3.295  19 1 6 1 2 4 8 16 32 719.075 722.946
282    14.587    48.444  3.025   9 1 6 1 2 4 8 16 32 333.212 336.863
283    31.366   -29.462  3.278  10 1 6 1 2 4 8 16 32 726.001 729.731
284     6.512   -46.124  3.248  13 1 6 1 2 4 8 16 32 693.475 697.354
285     9.650    39.508  3.271  25 1 6 1 2 4 8 16 32 576.910 580.759
286    16.040    16.681  3.560   1 1 6 1 2 4 8 16 32 95.745 99.427
287     7.745   -75.378  3.267  11 1 6 1 2 4 8 16 32 692.658 696.327
288   -27.173    -4.462  3.177  25 1 6 1 2 4 8 16 32 637.081 640.818
289   -40.198   -12.781 0.000   0 0 0 0.000 990.110
290   -40.488   -35.864 0.000   0 0 0 0.000 990.110
291    -1.193     2.515 0.000   0 0 0 0.000 990.110
292    18.329   -35.468 0.000   0 0 0 0.000 990.110
293    23.746    -0.522 0.000   0 0 0 0.000 990.110
294   -46.396   -39.923 0.000   0 0 0 0.000 990.110
