6 1 48 4
0 200
0 200
0 200
0 200
  1   -29.730    64.136  3.019  12 1 4 1 2 4 8 89.860 93.434
  2   -30.664     5.463  3.436   8 1 4 1 2 4 8 346.387 350.060
  3    51.642     5.469  3.436  16 1 4 1 2 4 8 123.298 126.844
  4   -13.171    69.336  3.074   5 1 4 1 2 4 8 74.380 78.156
  5   -67.413    68.323  2.870  12 1 4 1 2 4 8 447.876 451.619
  6    48.907     6.274  3.037   5 1 4 1 2 4 8 570.494 574.317
  7     5.243    22.260  3.333  13 1 4 1 2 4 8 156.507 160.236
  8   -65.002    77.234  3.426  20 1 4 1 2 4 8 483.249 486.977
  9    -4.175    -1.569  3.153  13 1 4 1 2 4 8 413.382 416.954
 10    23.029    11.639  3.162  18 1 4 1 2 4 8 749.086 752.552
 11    25.482     6.287  3.003   7 1 4 1 2 4 8 155.492 159.262
 12   -42.615   -26.392  2.957   6 1 4 1 2 4 8 407.037 410.752
 13   -76.672    99.341  3.417   9 1 4 1 2 4 8 384.403 387.932
 14   -20.673    57.892  3.318   9 1 4 1 2 4 8 776.252 779.860
 15   -52.039     6.567  3.262   4 1 4 1 2 4 8 850.179 853.967
 16   -41.376    50.824  2.887  25 1 4 1 2 4 8 544.357 548.123
 17   -91.943    27.588  3.250   5 1 4 1 2 4 8 612.645 616.427
 18   -65.118    30.212  3.214  17 1 4 1 2 4 8 610.396 613.880
 19    18.597    96.716  2.923   3 1 4 1 2 4 8 428.782 432.477
 20   -40.942    83.209  3.239  16 1 4 1 2 4 8 588.463 592.029
 21   -37.756   -33.325  3.283  25 1 4 1 2 4 8 746.123 749.890
 22    23.767    29.083  3.087  21 1 4 1 2 4 8 658.919 662.452
 23   -43.030    20.453  3.279  14 1 4 1 2 4 8 172.425 176.035
 24   -35.297   -24.896  2.940  19 1 4 1 2 4 8 143.744 147.331
 25   -54.755    14.368  2.950  14 1 4 1 2 4 8 695.522 699.227
 26   -49.329    33.374  3.419   6 1 4 1 2 4 8 427.888 431.656
 27    57.404    23.822  3.011  16 1 4 1 2 4 8 466.984 470.675
 28   -22.754    55.408  3.010   9 1 4 1 2 4 8 509.613 513.272
 29   -56.622    73.340  3.393  20 1 4 1 2 4 8 786.653 790.152
 30   -38.562    -3.705  3.269  13 1 4 1 2 4 8 208.902 212.471
 31   -16.779    19.537  2.963  10 1 4 1 2 4 8 493.524 497.051
 32   -11.560    11.615  3.070  16 1 4 1 2 4 8 238.186 241.665
 33   -46.545    97.974  3.231  19 1 4 1 2 4 8 546.389 549.902
 34    16.229     9.320  3.432  22 1 4 1 2 4 8 528.365 532.173
 35     1.294     7.349  3.214  14 1 4 1 2 4 8 292.606 296.057
 36   -26.404    29.529  3.233  10 1 4 1 2 4 8 194.584 198.043
 37     4.352    14.685  2.967  11 1 4 1 2 4 8 864.262 867.799
 38   -50.665   -23.126  3.003  15 1 4 1 2 4 8 135.085 138.564
 39   -22.833    -9.814  3.101  13 1 4 1 2 4 8 845.695 849.348
 40   -71.100   -18.616  3.290  15 1 4 1 2 4 8 723.023 726.825
 41    -7.849    32.074  3.318   8 1 4 1 2 4 8 691.427 694.874
 42    11.877   -24.933  3.261  22 1 4 1 2 4 8 771.592 775.156
 43   -18.927   -23.730  3.011  24 1 4 1 2 4 8 728.311 732.099
 44   -11.920    11.755  3.080   3 1 4 1 2 4 8 373.645 377.306
 45    29.840    11.633  3.425  25 1 4 1 2 4 8 148.795 152.338
 46    12.268   -55.811  3.061  19 1 4 1 2 4 8 272.442 275.952
 47   -37.933   -21.613  3.157  21 1 4 1 2 4 8 479.896 483.630
 48    42.883    -2.966  3.026  10 1 4 1 2 4 8 346.082 349.859
 49     4.163    13.559 0.000   0 0 0 0.000 956.420
 50    21.387    17.105 0.000   0 0 0 0.000 956.420
 51   -36.118    49.097 0.000   0 0 0 0.000 956.420
 52   -31.201     0.235 0.000   0 0 0 0.000 956.420
