6 2 96 4
0 195
0 195
0 195
0 195
  1    33.588    30.750  2.635   4 1 4 1 2 4 8 478.099 481.305
  2    48.828    65.314  2.989  12 1 4 1 2 4 8 670.865 674.085
  3    86.176    59.344  3.021   3 1 4 1 2 4 8 119.575 123.079
  4    39.270   -33.057  3.152  15 1 4 1 2 4 8 786.005 789.329
  5   -23.370    86.853  2.976  13 1 4 1 2 4 8 177.926 181.147
  6    48.132    95.593  2.918  20 1 4 1 2 4 8 357.042 360.275
  7   -16.357    93.311  2.966  21 1 4 1 2 4 8 492.558 495.766
  8   -57.703   -65.601  2.913   4 1 4 1 2 4 8 269.509 272.974
  9     7.147    32.684  2.870  25 1 4 1 2 4 8 600.716 604.048
 10    42.950    68.701  3.142  21 1 4 1 2 4 8 562.280 565.471
 11    37.085    -2.112  2.724   7 1 4 1 2 4 8 109.324 112.564
 12    77.759    55.817  2.988   3 1 4 1 2 4 8 333.875 337.093
 13   -17.462   -56.567  2.932   9 1 4 1 2 4 8 305.879 309.245
 14    58.575    59.888  2.646   5 1 4 1 2 4 8 663.136 666.457
 15    57.776    15.344  2.748  20 1 4 1 2 4 8 96.730 100.207
 16   -22.327    36.072  2.971  21 1 4 1 2 4 8 118.982 122.412
 17    -7.080    30.493  3.108  19 1 4 1 2 4 8 755.359 758.822
 18    55.658    60.425  3.096   2 1 4 1 2 4 8 720.482 723.683
 19   -14.307    11.456  2.760  16 1 4 1 2 4 8 564.637 567.933
 20   -29.724    24.268  3.144  18 1 4 1 2 4 8 242.074 245.308
 21    43.219     0.739  2.638  24 1 4 1 2 4 8 608.929 612.327
 22    45.184    35.474  2.902  24 1 4 1 2 4 8 120.297 123.587
 23    64.484     2.240  2.752   8 1 4 1 2 4 8 598.032 601.514
 24    55.078    72.241  3.026  16 1 4 1 2 4 8 234.166 237.488
 25    16.925    15.741  3.010  19 1 4 1 2 4 8 382.557 385.879
 26    45.038    -3.723  3.121  12 1 4 1 2 4 8 113.027 116.410
 27   -76.782     5.939  2.887   9 1 4 1 2 4 8 250.705 254.193
 28    36.169     0.256  2.794   3 1 4 1 2 4 8 247.311 250.689
 29    29.218     8.936  2.651  15 1 4 1 2 4 8 51.961 55.464
 30    65.057     5.225  2.997   4 1 4 1 2 4 8 109.823 113.213
 31    42.175   -22.284  2.914  24 1 4 1 2 4 8 774.518 777.864
 32    25.574    31.726  3.039  22 1 4 1 2 4 8 210.793 213.982
 33    31.561    37.262  2.667  14 1 4 1 2 4 8 709.455 712.967
 34    66.498   -54.169  3.148  11 1 4 1 2 4 8 331.261 334.463
 35    46.576   -17.938  3.127  20 1 4 1 2 4 8 376.525 379.999
 36    65.063    40.875  2.776   5 1 4 1 2 4 8 570.336 573.707
 37    -2.716    24.768  2.823  11 1 4 1 2 4 8 697.981 701.347
 38   -40.002     3.870  2.697  12 1 4 1 2 4 8 356.924 360.333
 39   -73.505    57.043  3.026   7 1 4 1 2 4 8 214.082 217.300
 40    81.146   -25.714  3.052   1 1 4 1 2 4 8 414.511 417.886
 41    12.006    -7.965  3.113  23 1 4 1 2 4 8 642.104 645.278
 42    42.761    38.092  2.962  13 1 4 1 2 4 8 482.251 485.747
 43     3.857   -23.181  3.036   4 1 4 1 2 4 8 752.307 755.692
 44    -7.367    24.390  2.916  23 1 4 1 2 4 8 128.558 131.982
 45    35.944   -11.835  2.858  17 1 4 1 2 4 8 553.717 557.109
 46    52.075     9.692  2.669  13 1 4 1 2 4 8 80.192 83.456
 47    30.725    30.701  2.860   9 1 4 1 2 4 8 785.776 788.996
 48    41.223    77.924  2.917  10 1 4 1 2 4 8 116.717 120.197
 49    68.884   -40.546  2.894  22 1 4 1 2 4 8 714.892 718.227
 50    76.312    86.670  3.132  21 1 4 1 2 4 8 422.965 426.345
 51    63.934    78.540  2.697  13 1 4 1 2 4 8 774.587 778.025
 52    29.150    -9.961  2.734  25 1 4 1 2 4 8 450.129 453.466
 53    85.522    39.954  2.837   8 1 4 1 2 4 8 675.311 678.530
 54    31.775     3.870  3.043  20 1 4 1 2 4 8 333.430 336.592
 55   -20.544    19.086  3.131   3 1 4 1 2 4 8 455.267 458.634
 56    55.353    43.817  3.119   4 1 4 1 2 4 8 309.167 312.672
 57    35.406    10.278  2.879  13 1 4 1 2 4 8 203.624 207.089
 58    25.464    -0.287  2.745  18 1 4 1 2 4 8 207.926 211.392
 59    12.396     0.244  2.674   1 1 4 1 2 4 8 556.077 559.400
 60    18.359    20.917  3.056  10 1 4 1 2 4 8 103.485 106.978
 61    27.960   -15.039  2.722  16 1 4 1 2 4 8 208.664 211.986
 62    -3.192    19.879  3.081   9 1 4 1 2 4 8 658.471 661.967
 63     9.332   -41.351  2.669  13 1 4 1 2 4 8 363.914 367.259
 64   -20.581    38.177  2.832  23 1 4 1 2 4 8 756.735 760.024
 65    27.820    28.729  2.779  14 1 4 1 2 4 8 245.338 248.718
 66    59.027    42.310  2.943   5 1 4 1 2 4 8 461.751 465.091
 67    56.311    58.734  2.686   1 1 4 1 2 4 8 650.878 654.247
 68   -51.654    -0.342  2.692   6 1 4 1 2 4 8 720.286 723.578
 69     2.576    32.721  2.678  20 1 4 1 2 4 8 361.137 364.604
 70    15.131    -3.046  2.792  10 1 4 1 2 4 8 413.597 417.075
 71    66.595    34.937  2.953  19 1 4 1 2 4 8 758.430 761.857
 72    19.476    20.142  2.969  24 1 4 1 2 4 8 672.576 675.934
 73    -1.172    20.648  3.103   3 1 4 1 2 4 8 303.208 306.699
 74   -21.204    13.660  2.951   5 1 4 1 2 4 8 670.414 673.607
 75    98.846     1.257  2.965  13 1 4 1 2 4 8 352.635 356.000
 76    82.593    72.003  2.697   5 1 4 1 2 4 8 246.375 249.711
 77    30.017   -30.896  3.156   4 1 4 1 2 4 8 767.777 770.982
 78    33.228    41.663  3.037  12 1 4 1 2 4 8 735.771 739.241
 79    39.490    -8.539  3.003  11 1 4 1 2 4 8 793.716 796.906
 80    54.498    70.813  2.884  20 1 4 1 2 4 8 659.234 662.612
 81     3.058    10.248  2.645  13 1 4 1 2 4 8 410.774 414.261
 82    51.831   -16.870  3.125   1 1 4 1 2 4 8 726.344 729.799
 83    76.416    11.346  2.839   3 1 4 1 2 4 8 295.865 299.162
 84     5.243     0.238  2.708   2 1 4 1 2 4 8 440.139 443.569
 85    50.592    34.247  2.979  23 1 4 1 2 4 8 324.382 327.691
 86    -5.231    -2.081  2.992   8 1 4 1 2 4 8 612.691 616.037
 87    24.194    25.836  3.094  25 1 4 1 2 4 8 312.789 316.120
 88    33.630    37.585  2.850  18 1 4 1 2 4 8 735.343 738.523
 89    31.445    -7.001  2.920   4 1 4 1 2 4 8 223.730 227.040
 90    30.707   -28.168  2.890   5 1 4 1 2 4 8 309.928 313.345
 91    49.860     1.038  2.708  21 1 4 1 2 4 8 113.077 116.530
 92   -35.767    14.142  2.707  23 1 4 1 2 4 8 242.647 245.872
 93   -29.309     4.889  2.736  19 1 4 1 2 4 8 93.461 96.914
 94    19.049    41.974  3.099   2 1 4 1 2 4 8 108.091 111.354
 95    27.600    13.934  2.658  21 1 4 1 2 4 8 756.973 760.438
 96    52.832    50.684  3.139  10 1 4 1 2 4 8 129.268 132.445
 97     6.229    10.590 0.000   0 0 0 0.000 878.140
 98    32.663    44.730 0.000   0 0 0 0.000 878.140
 99    48.807    48.792 0.000   0 0 0 0.000 878.140
100    33.179    -4.968 0.000   0 0 0 0.000 878.140
