6 3 144 4
0 190
0 190
0 190
0 190
  1   -55.280   -24.371  2.861   9 1 4 1 2 4 8 204.533 207.934
  2   -48.297    53.314  2.957  22 1 4 1 2 4 8 224.948 228.544
  3   -49.072   -38.489  3.263  10 1 4 1 2 4 8 425.996 429.656
  4    25.311   -18.561  3.013  24 1 4 1 2 4 8 331.470 335.121
  5   -24.469    -3.815  2.827  25 1 4 1 2 4 8 361.194 364.631
  6    24.591   -17.896  2.930   6 1 4 1 2 4 8 331.440 335.183
  7   -10.419    60.364  3.102  22 1 4 1 2 4 8 544.417 548.127
  8    38.177   -35.175  3.100   1 1 4 1 2 4 8 811.059 814.642
  9   -68.280    93.073  2.983  19 1 4 1 2 4 8 550.088 553.587
 10   -30.792   -57.336  3.163  19 1 4 1 2 4 8 410.625 414.189
 11   -37.061   -12.122  3.125   5 1 4 1 2 4 8 708.201 711.802
 12   -15.741   -47.638  2.912   9 1 4 1 2 4 8 813.879 817.514
 13   -63.379   -22.919  2.840   8 1 4 1 2 4 8 604.867 608.565
 14   -43.109   -43.439  3.005  14 1 4 1 2 4 8 639.970 643.539
 15   -25.623    13.599  3.042   4 1 4 1 2 4 8 555.024 558.540
 16    -2.625    16.632  3.208   7 1 4 1 2 4 8 366.078 369.783
 17   -41.577   -28.497  2.893  10 1 4 1 2 4 8 119.816 123.532
 18     2.081    12.885  3.168  22 1 4 1 2 4 8 132.334 135.832
 19     3.925   -47.845  3.281  17 1 4 1 2 4 8 734.295 737.883
 20   -83.295    26.324  2.846  10 1 4 1 2 4 8 148.780 152.441
 21    -6.458    26.355  2.994   8 1 4 1 2 4 8 521.652 525.034
 22     3.290     6.732  3.334  14 1 4 1 2 4 8 314.408 317.785
 23   -34.869    30.426  3.182  12 1 4 1 2 4 8 534.488 538.118
 24    15.546   -36.273  2.818  17 1 4 1 2 4 8 391.117 394.547
 25    12.842     5.127  3.113  19 1 4 1 2 4 8 91.851 95.389
 26   -48.450   -24.426  3.339  25 1 4 1 2 4 8 430.215 433.767
 27   -88.538   -10.461  3.230  25 1 4 1 2 4 8 494.698 498.081
 28   -29.773     0.995  3.291   6 1 4 1 2 4 8 327.894 331.412
 29     9.827    38.416  3.344  21 1 4 1 2 4 8 427.103 430.843
 30     1.410    92.938  3.175   3 1 4 1 2 4 8 793.361 796.961
 31   -79.303    15.381  3.089  19 1 4 1 2 4 8 606.952 610.348
 32   -30.652    40.063  3.370  16 1 4 1 2 4 8 755.639 759.102
 33    18.927    21.637  3.200  21 1 4 1 2 4 8 323.297 326.798
 34    45.087   -59.906  3.214  17 1 4 1 2 4 8 612.160 615.705
 35   -34.949    -3.815  3.058  19 1 4 1 2 4 8 99.995 103.395
 36    81.201   -74.744  3.256   6 1 4 1 2 4 8 435.724 439.396
 37    15.594   -28.455  3.357  10 1 4 1 2 4 8 781.539 785.023
 38   -72.192    29.547  2.980  22 1 4 1 2 4 8 503.473 507.184
 39   -42.914   -22.675  2.936  17 1 4 1 2 4 8 350.207 353.743
 40   -76.392   -57.489  2.853  16 1 4 1 2 4 8 658.515 661.910
 41   -28.540    12.073  2.948   5 1 4 1 2 4 8 257.379 261.045
 42   -61.389    26.526  3.161   1 1 4 1 2 4 8 370.837 374.353
 43    -8.472    12.616  2.931  21 1 4 1 2 4 8 633.075 636.810
 44   -61.475    33.392  3.366  20 1 4 1 2 4 8 406.702 410.345
 45   -34.674   -27.588  3.082   6 1 4 1 2 4 8 835.766 839.167
 46    10.315   -12.518  3.029   1 1 4 1 2 4 8 310.080 313.804
 47   -83.014    77.002  3.120  11 1 4 1 2 4 8 584.230 587.922
 48   -40.417    49.988  2.838  22 1 4 1 2 4 8 168.458 172.181
 49    83.832    33.905  3.141  25 1 4 1 2 4 8 297.062 300.721
 50   -20.563   -75.830  3.061  18 1 4 1 2 4 8 409.824 413.372
 51    15.442   -18.719  3.356   9 1 4 1 2 4 8 444.840 448.582
 52   -59.937   -65.802  3.146  23 1 4 1 2 4 8 744.841 748.428
 53     5.151    47.815  2.988  17 1 4 1 2 4 8 504.367 508.099
 54    46.008    14.990  2.975   4 1 4 1 2 4 8 410.528 414.025
 55    82.977    -1.660  3.028   1 1 4 1 2 4 8 471.715 475.185
 56    39.893   -38.916  3.149  14 1 4 1 2 4 8 781.082 784.702
 57    90.839   -83.539  3.148  11 1 4 1 2 4 8 724.298 727.779
 58     7.068     0.067  3.223   7 1 4 1 2 4 8 386.630 390.133
 59    18.958    40.088  3.153  21 1 4 1 2 4 8 720.984 724.554
 60   -80.487    58.209  3.244   3 1 4 1 2 4 8 304.831 308.564
 61    64.459   -62.946  3.081  18 1 4 1 2 4 8 482.602 486.167
 62   -43.616   -26.117  3.114   5 1 4 1 2 4 8 639.102 642.796
 63   -18.408    10.303  3.019   6 1 4 1 2 4 8 142.449 145.871
 64   -43.921    63.251  3.260  22 1 4 1 2 4 8 339.955 343.332
 65    11.353    26.221  2.916  13 1 4 1 2 4 8 406.170 409.862
 66    -6.995    38.239  3.363  17 1 4 1 2 4 8 707.110 710.716
 67    74.084   -34.216  2.953   5 1 4 1 2 4 8 142.331 146.044
 68    14.301    -0.800  2.827   7 1 4 1 2 4 8 288.529 291.910
 69   -94.141   -48.779  3.277   1 1 4 1 2 4 8 783.178 786.625
 70    15.332   -42.169  3.099   3 1 4 1 2 4 8 749.998 753.701
 71   -46.637   -16.461  2.864  10 1 4 1 2 4 8 505.110 508.820
 72    -0.958   -81.000  3.056   5 1 4 1 2 4 8 705.612 709.292
 73   -37.445   -42.505  3.136   1 1 4 1 2 4 8 131.060 134.446
 74    -3.680   -69.073  3.088  17 1 4 1 2 4 8 349.984 353.558
 75    34.894   -20.898  3.250  14 1 4 1 2 4 8 395.501 399.177
 76    45.544    51.410  3.160   4 1 4 1 2 4 8 735.809 739.458
 77   -31.927    88.239  2.904  10 1 4 1 2 4 8 212.311 215.935
 78   -13.580   -26.959  3.100  25 1 4 1 2 4 8 105.215 108.914
 79    12.653   -48.340  2.928  11 1 4 1 2 4 8 230.450 234.112
 80   -46.179   -38.269  2.864  16 1 4 1 2 4 8 849.702 853.285
 81   -29.620    35.083  3.031  25 1 4 1 2 4 8 293.324 296.847
 82    13.696    43.988  3.023  20 1 4 1 2 4 8 449.345 452.992
 83    38.342   -46.338  2.907   3 1 4 1 2 4 8 353.593 357.123
 84   -26.227    24.506  3.315   7 1 4 1 2 4 8 267.240 270.813
 85    90.009   -43.640  3.285   2 1 4 1 2 4 8 408.218 411.753
 86    -6.995    22.522  3.030   6 1 4 1 2 4 8 399.144 402.736
 87   -29.993   -28.851  3.353  14 1 4 1 2 4 8 306.529 310.277
 88   -56.268   -64.740  2.907  14 1 4 1 2 4 8 717.317 720.758
 89   -87.415    90.796  2.892   2 1 4 1 2 4 8 182.483 185.904
 90    -5.762    54.034  3.121  15 1 4 1 2 4 8 429.413 432.873
 91   -34.845   -27.185  2.891  22 1 4 1 2 4 8 418.521 422.257
 92   -16.479    16.180  2.942   4 1 4 1 2 4 8 274.150 277.769
 93    23.712    29.492  2.955  22 1 4 1 2 4 8 732.125 735.825
 94   -40.991    46.594  3.078  19 1 4 1 2 4 8 503.841 507.563
 95   -53.516   -21.619  3.082   5 1 4 1 2 4 8 233.362 237.058
 96   -17.560    37.494  3.077  10 1 4 1 2 4 8 564.449 568.019
 97   -37.311    56.836  2.929   4 1 4 1 2 4 8 759.585 763.106
 98    71.515    22.510  2.896   7 1 4 1 2 4 8 487.791 491.425
 99   -41.864    27.710  3.092  11 1 4 1 2 4 8 120.571 124.026
100    14.819   -82.117  2.921  14 1 4 1 2 4 8 775.915 779.299
101    30.316   -55.322  3.205   2 1 4 1 2 4 8 370.215 373.721
102   -39.172    47.998  2.978  12 1 4 1 2 4 8 817.965 821.399
103   -94.415    15.192  3.002  12 1 4 1 2 4 8 546.234 549.673
104    -7.806    11.273  3.073  24 1 4 1 2 4 8 332.938 336.452
105    28.571   -49.908  3.145   8 1 4 1 2 4 8 792.371 795.985
106   -20.654    24.554  3.122   4 1 4 1 2 4 8 508.120 511.562
107   -30.963   -18.903  2.992  25 1 4 1 2 4 8 638.344 642.068
108     1.721   -20.447  3.332   6 1 4 1 2 4 8 456.199 459.896
109   -31.012   -21.106  3.255   9 1 4 1 2 4 8 275.986 279.375
110   -85.718   -28.015  3.085  23 1 4 1 2 4 8 452.952 456.610
111    58.826   -63.043  2.932  15 1 4 1 2 4 8 618.567 622.195
112   -15.753   -52.686  3.228   7 1 4 1 2 4 8 665.043 668.634
113   -71.661    51.184  2.973   6 1 4 1 2 4 8 570.275 573.768
114   -92.633    -6.598  3.232   5 1 4 1 2 4 8 344.763 348.172
115    33.508   -49.255  3.005  12 1 4 1 2 4 8 379.696 383.144
116    59.314    54.095  3.229   3 1 4 1 2 4 8 572.072 575.587
117    30.737   -28.436  3.196  22 1 4 1 2 4 8 440.087 443.654
118   -55.896    18.457  3.044  18 1 4 1 2 4 8 557.125 560.820
119   -89.960   -39.532  2.903  16 1 4 1 2 4 8 235.280 238.772
120    36.438    20.819  3.035   5 1 4 1 2 4 8 187.484 191.140
121   -53.674   -56.427  2.849   1 1 4 1 2 4 8 518.403 521.890
122   -31.866    32.538  3.176   8 1 4 1 2 4 8 772.863 776.592
123     5.658    12.756  3.119  20 1 4 1 2 4 8 135.692 139.372
124   -52.905    42.804  2.912  17 1 4 1 2 4 8 803.267 806.825
125    47.131   -45.465  3.162  11 1 4 1 2 4 8 289.891 293.579
126    30.792     9.869  3.239   8 1 4 1 2 4 8 296.548 300.094
127   -45.209   -56.293  3.180  15 1 4 1 2 4 8 536.836 540.519
128    10.919    13.306  3.213  16 1 4 1 2 4 8 240.207 243.935
129   -32.990   -34.003  2.902   6 1 4 1 2 4 8 232.987 236.547
130   -40.869    30.579  3.238  24 1 4 1 2 4 8 454.147 457.740
131   -69.348    80.408  3.099  10 1 4 1 2 4 8 446.432 449.956
132   -58.966   -29.541  3.155   4 1 4 1 2 4 8 706.550 709.937
133   -36.847   -33.710  2.881  10 1 4 1 2 4 8 419.191 422.874
134   -21.820    65.369  3.018  17 1 4 1 2 4 8 406.569 410.071
135    22.980   -41.010  3.251   5 1 4 1 2 4 8 253.695 257.123
136   -77.557    59.814  3.077  14 1 4 1 2 4 8 581.357 584.812
137   -47.205    67.725  3.330  16 1 4 1 2 4 8 608.173 611.745
138   -21.606    35.168  3.288  11 1 4 1 2 4 8 328.364 332.007
139   -55.676   -31.384  3.311  25 1 4 1 2 4 8 399.726 403.353
140   -85.229    88.788  2.965   4 1 4 1 2 4 8 234.807 238.492
141    -3.918   -63.525  2.983  12 1 4 1 2 4 8 370.705 374.220
142   -58.557    59.375  2.943  19 1 4 1 2 4 8 641.409 644.803
143   -24.542    14.935  2.930   6 1 4 1 2 4 8 376.181 379.834
144   -48.779    16.968  3.208  23 1 4 1 2 4 8 156.078 159.522
145   -40.082   -24.780 0.000   0 0 0 0.000 937.440
146    24.292   -27.704 0.000   0 0 0 0.000 937.440
147   -45.877    41.092 0.000   0 0 0 0.000 937.440
148   -11.896    15.875 0.000   0 0 0 0.000 937.440
