6 4 192 4
0 185
0 185
0 185
0 185
  1   -44.629   -55.640  3.417  11 1 4 1 2 4 8 804.636 808.436
  2    36.096    64.935  3.140  11 1 4 1 2 4 8 736.766 740.454
  3   -25.470    44.580  3.188  23 1 4 1 2 4 8 385.679 389.443
  4   -33.954   -73.059  3.326  16 1 4 1 2 4 8 468.872 472.375
  5    45.654    35.730  2.969  16 1 4 1 2 4 8 734.295 738.132
  6    14.954   -36.719  3.088   2 1 4 1 2 4 8 505.413 509.203
  7    -1.477    47.205  3.198   1 1 4 1 2 4 8 750.094 753.642
  8     2.155   -40.912  3.120  25 1 4 1 2 4 8 95.771 99.521
  9    22.992     1.398  3.360  24 1 4 1 2 4 8 723.376 726.960
 10   -28.857     5.957  3.363  14 1 4 1 2 4 8 636.463 640.281
 11   -48.120    94.116  3.056   6 1 4 1 2 4 8 527.165 530.807
 12     7.239    17.322  3.220  20 1 4 1 2 4 8 838.548 842.049
 13     4.614    27.051  3.134  10 1 4 1 2 4 8 166.285 170.024
 14   -13.971    28.198  3.113  11 1 4 1 2 4 8 277.766 281.430
 15    12.946   -11.688  3.293   2 1 4 1 2 4 8 149.293 152.807
 16   -36.670    23.102  3.081  22 1 4 1 2 4 8 725.160 728.773
 17    -4.224   -49.310  3.260   2 1 4 1 2 4 8 556.004 559.583
 18     1.093    -7.135  3.062  12 1 4 1 2 4 8 330.834 334.580
 19   -56.958    27.905  3.092   9 1 4 1 2 4 8 386.650 390.355
 20   -80.994   -77.686  3.083  21 1 4 1 2 4 8 300.637 304.200
 21    72.260    59.027  3.026  10 1 4 1 2 4 8 446.215 450.047
 22   -21.655     1.636  3.195  13 1 4 1 2 4 8 370.145 373.888
 23   -20.154   -62.415  3.085  25 1 4 1 2 4 8 117.175 120.725
 24   -48.157     6.287  2.937   9 1 4 1 2 4 8 104.158 107.637
 25    -5.078    61.597  3.126  19 1 4 1 2 4 8 312.074 315.767
 26    17.145   -47.046  3.170  22 1 4 1 2 4 8 622.176 625.876
 27   -16.064     8.557  3.030   4 1 4 1 2 4 8 391.006 394.647
 28     6.683   -27.069  3.189   4 1 4 1 2 4 8 359.028 362.584
 29    15.027   -34.979  3.062   7 1 4 1 2 4 8 263.255 267.094
 30    37.946    73.914  3.397  20 1 4 1 2 4 8 444.498 448.353
 31   -41.199   -43.018  3.210  17 1 4 1 2 4 8 320.327 324.078
 32    32.538    11.786  3.358  19 1 4 1 2 4 8 360.310 363.784
 33   -20.306   -20.239  3.328  12 1 4 1 2 4 8 475.638 479.315
 34   -35.480    19.135  3.119   2 1 4 1 2 4 8 545.598 549.081
 35    58.038    56.659  3.277  13 1 4 1 2 4 8 580.328 583.988
 36   -36.694    -6.256  3.429  24 1 4 1 2 4 8 202.219 206.051
 37     0.446   -46.735  3.398  22 1 4 1 2 4 8 661.188 664.877
 38   -19.690    38.977  3.218  17 1 4 1 2 4 8 691.554 695.279
 39   -47.339    20.911  3.468  19 1 4 1 2 4 8 170.900 174.633
 40   -79.236   -57.678  3.046   4 1 4 1 2 4 8 747.207 750.842
 41     5.597   -34.076  3.276  12 1 4 1 2 4 8 103.251 106.932
 42    34.454    -8.289  3.265  22 1 4 1 2 4 8 207.799 211.590
 43    18.500   -51.154  3.233   2 1 4 1 2 4 8 372.392 375.892
 44    -4.346   -44.525  3.264  19 1 4 1 2 4 8 684.349 688.196
 45   -14.148   -74.164  3.212   3 1 4 1 2 4 8 515.810 519.468
 46    19.867    77.515  3.293   5 1 4 1 2 4 8 705.159 708.863
 47   -50.079    17.871  2.923  22 1 4 1 2 4 8 604.934 608.775
 48    42.786   -79.883  3.104   6 1 4 1 2 4 8 698.149 702.001
 49     1.520   -29.034  2.895   9 1 4 1 2 4 8 798.981 802.721
 50    14.728    -3.436  3.159   8 1 4 1 2 4 8 686.041 689.572
 51   -26.166   -48.999  3.025  24 1 4 1 2 4 8 170.177 173.656
 52   -63.873    -5.273  2.950  15 1 4 1 2 4 8 267.367 270.898
 53   -54.138     7.086  2.967  16 1 4 1 2 4 8 288.563 292.173
 54    17.932   -34.094  3.458   9 1 4 1 2 4 8 531.972 535.573
 55   -98.706    34.552  2.898   1 1 4 1 2 4 8 785.989 789.628
 56    28.802    -8.582  2.896  18 1 4 1 2 4 8 425.657 429.338
 57     2.716    90.594  3.246  17 1 4 1 2 4 8 381.786 385.473
 58   -31.024    48.938  3.430  18 1 4 1 2 4 8 361.235 365.048
 59   -46.545    42.316  3.439   2 1 4 1 2 4 8 689.199 693.006
 60    27.289    58.179  3.403  25 1 4 1 2 4 8 148.725 152.431
 61    28.815   -28.027  3.121  21 1 4 1 2 4 8 245.790 249.283
 62   -26.099    11.328  2.905  19 1 4 1 2 4 8 63.760 67.574
 63     0.537   -26.221  3.332  10 1 4 1 2 4 8 653.433 657.221
 64   -50.458     7.812  3.078   2 1 4 1 2 4 8 835.091 838.691
 65    30.005    19.092  3.272  21 1 4 1 2 4 8 553.690 557.194
 66   -12.604    22.058  3.331  20 1 4 1 2 4 8 411.757 415.348
 67    22.009    -8.636  2.934  21 1 4 1 2 4 8 605.513 609.053
 68     8.942     2.875  3.113   2 1 4 1 2 4 8 598.936 602.559
 69   -19.812     0.922  2.894   6 1 4 1 2 4 8 533.864 537.666
 70    -4.230    31.250  3.310   2 1 4 1 2 4 8 494.656 498.134
 71    17.975    -0.409  3.237  12 1 4 1 2 4 8 434.785 438.496
 72    -2.350    42.938  3.002  12 1 4 1 2 4 8 114.241 117.977
 73   -16.516    68.085  3.388   5 1 4 1 2 4 8 473.882 477.454
 74    -1.190    42.023  3.252   5 1 4 1 2 4 8 439.876 443.597
 75    56.635   -44.019  3.467   8 1 4 1 2 4 8 553.093 556.639
 76    57.483    35.504  2.968  15 1 4 1 2 4 8 92.878 96.719
 77   -26.099     7.477  3.017   8 1 4 1 2 4 8 670.302 673.793
 78     7.489   -57.239  3.272   7 1 4 1 2 4 8 179.438 183.130
 79   -22.095    55.780  3.413  14 1 4 1 2 4 8 828.994 832.561
 80    19.867    38.824  3.404  18 1 4 1 2 4 8 119.300 122.794
 81     5.310    49.219  3.182  17 1 4 1 2 4 8 432.265 435.789
 82    15.155     6.299  3.436   5 1 4 1 2 4 8 500.740 504.311
 83     5.481   -31.500  2.956   6 1 4 1 2 4 8 313.397 317.044
 84     7.959   -28.662  3.219   9 1 4 1 2 4 8 580.003 583.625
 85   -75.812     4.010  3.081  24 1 4 1 2 4 8 535.833 539.516
 86   -43.671   -61.646  3.467  13 1 4 1 2 4 8 179.594 183.149
 87    -2.576   -62.140  3.107   5 1 4 1 2 4 8 720.113 723.641
 88   -18.842   -36.884  2.997   4 1 4 1 2 4 8 766.864 770.707
 89    20.844    21.167  3.094  22 1 4 1 2 4 8 862.401 866.224
 90     3.137   -19.220  2.968  24 1 4 1 2 4 8 644.060 647.648
 91   -20.361    18.878  3.273  25 1 4 1 2 4 8 605.064 608.635
 92    -0.897   -54.938  3.141   9 1 4 1 2 4 8 466.105 469.900
 93   -29.553     9.277  3.090   8 1 4 1 2 4 8 704.569 708.310
 94     5.048   -35.046  3.338   8 1 4 1 2 4 8 749.801 753.460
 95    27.759    48.712  2.906  25 1 4 1 2 4 8 172.324 175.825
 96    12.079   -42.346  3.201   7 1 4 1 2 4 8 646.301 649.775
 97   -51.270    41.144  2.989  24 1 4 1 2 4 8 767.691 771.202
 98   -29.077     4.291  3.292  16 1 4 1 2 4 8 428.733 432.242
 99   -18.555   -14.819  3.384  15 1 4 1 2 4 8 799.278 803.026
100     7.855   -49.451  2.931   7 1 4 1 2 4 8 450.133 453.784
101   -19.116   -32.086  2.915  17 1 4 1 2 4 8 223.998 227.786
102    17.651   -52.271  3.175   9 1 4 1 2 4 8 383.092 386.746
103    16.907   -62.964  3.100  14 1 4 1 2 4 8 127.976 131.601
104    18.988     6.219  3.312  20 1 4 1 2 4 8 601.408 605.118
105   -68.878   -64.539  3.202   6 1 4 1 2 4 8 712.489 716.317
106   -13.361    20.264  3.231  17 1 4 1 2 4 8 115.998 119.743
107   -44.440    63.721  3.412  23 1 4 1 2 4 8 538.532 542.263
108    -6.500    71.436  2.942  14 1 4 1 2 4 8 236.726 240.276
109   -51.978    25.409  3.131  19 1 4 1 2 4 8 162.899 166.475
110    -0.739    59.491  3.299  21 1 4 1 2 4 8 239.371 243.055
111   -64.679    83.038  3.035   6 1 4 1 2 4 8 724.251 727.824
112   -11.273   -35.944  3.106   1 1 4 1 2 4 8 198.699 202.308
113   -16.864     7.776  2.960  22 1 4 1 2 4 8 658.651 662.271
114    19.843   -49.805  3.131   7 1 4 1 2 4 8 732.789 736.478
115   -16.284    -2.936  3.149  14 1 4 1 2 4 8 741.568 745.337
116     8.356    67.041  2.928   7 1 4 1 2 4 8 824.064 827.647
117    30.878    24.316  2.964  25 1 4 1 2 4 8 171.192 174.717
118    93.524   -20.233  3.119  17 1 4 1 2 4 8 754.254 757.907
119    -9.332   -56.177  2.894  10 1 4 1 2 4 8 258.033 261.754
120   -34.442   -63.312  2.947  23 1 4 1 2 4 8 701.472 704.987
121    20.941    -5.646  3.318  22 1 4 1 2 4 8 615.815 619.644
122    -3.418    89.594  3.453   3 1 4 1 2 4 8 640.515 644.361
123   -18.738    45.227  3.071  14 1 4 1 2 4 8 285.535 289.126
124     2.435   -30.524  3.014  14 1 4 1 2 4 8 652.926 656.538
125   -28.864    56.616  3.045   2 1 4 1 2 4 8 98.770 102.347
126    76.880   -29.901  3.101   2 1 4 1 2 4 8 678.213 681.746
127   -90.466    10.278  3.105  21 1 4 1 2 4 8 629.326 632.809
128   -35.101    46.545  2.959  10 1 4 1 2 4 8 504.086 507.694
129   -48.395    43.854  3.004  10 1 4 1 2 4 8 792.045 795.517
130   -40.997    26.703  2.912   5 1 4 1 2 4 8 527.075 530.888
131    13.696    34.607  3.078   9 1 4 1 2 4 8 289.787 293.359
132   -71.472    11.450  3.457  15 1 4 1 2 4 8 558.279 561.848
133   -36.230    51.904  3.040  19 1 4 1 2 4 8 691.698 695.552
134   -39.465     4.907  3.361   7 1 4 1 2 4 8 807.045 810.856
135   -16.565    23.773  3.392  11 1 4 1 2 4 8 63.964 67.591
136    10.754   -28.552  3.428   2 1 4 1 2 4 8 274.231 277.711
137   -23.029    47.015  3.059  25 1 4 1 2 4 8 761.620 765.248
138    -8.807    21.216  3.136  14 1 4 1 2 4 8 172.836 176.445
139   -40.039    27.435  2.940  15 1 4 1 2 4 8 694.387 698.003
140   -37.445   -41.040  3.467  12 1 4 1 2 4 8 329.896 333.465
141    48.224     0.085  3.414  11 1 4 1 2 4 8 797.407 800.968
142    -0.323    68.237  3.084  17 1 4 1 2 4 8 314.179 317.989
143   -14.294   -33.423  2.935   4 1 4 1 2 4 8 201.273 204.863
144    -1.440   -34.814  3.345  24 1 4 1 2 4 8 292.804 296.344
145   -34.454    42.346  2.936   8 1 4 1 2 4 8 93.299 97.037
146     8.679   -66.180  2.992  20 1 4 1 2 4 8 570.716 574.396
147   -61.249   -51.367  3.466  12 1 4 1 2 4 8 524.474 528.138
148    -1.093     9.912  3.344  10 1 4 1 2 4 8 805.011 808.737
149   -16.565    66.547  2.910  12 1 4 1 2 4 8 440.448 444.088
150     8.435    52.838  3.229   9 1 4 1 2 4 8 525.531 529.356
151   -22.034   -36.896  3.199  16 1 4 1 2 4 8 396.922 400.407
152    15.765    17.322  3.060  23 1 4 1 2 4 8 501.902 505.679
153     9.003   -18.695  3.068  15 1 4 1 2 4 8 357.861 361.398
154    -4.584     3.491  3.406  10 1 4 1 2 4 8 688.642 692.129
155     8.875    40.662  3.137  21 1 4 1 2 4 8 270.582 274.119
156    26.093   -33.966  3.230   2 1 4 1 2 4 8 703.774 707.418
157   -32.501    39.526  3.238  16 1 4 1 2 4 8 851.513 855.086
158   -32.629   -82.581  3.184  15 1 4 1 2 4 8 712.720 716.491
159   -98.486    22.021  3.329  11 1 4 1 2 4 8 396.796 400.424
160   -59.052     4.163  3.201  11 1 4 1 2 4 8 151.011 154.723
161     7.428    -2.570  3.266  17 1 4 1 2 4 8 282.408 286.079
162   -59.601    12.469  3.429   3 1 4 1 2 4 8 401.813 405.484
163   -11.224   -31.830  3.072   9 1 4 1 2 4 8 282.060 285.634
164   -16.809   -35.040  3.195   1 1 4 1 2 4 8 776.506 780.123
165    21.863    18.140  3.136  13 1 4 1 2 4 8 713.928 717.616
166    45.038   -61.316  3.029   1 1 4 1 2 4 8 730.012 733.686
167   -48.816    25.568  3.225   2 1 4 1 2 4 8 226.549 230.038
168   -32.184   -16.736  3.122  22 1 4 1 2 4 8 134.601 138.131
169    12.439   -41.492  3.198  10 1 4 1 2 4 8 785.274 788.889
170   -21.082   -77.075  3.393   4 1 4 1 2 4 8 472.552 476.345
171   -17.822   -18.518  2.917   9 1 4 1 2 4 8 255.143 258.717
172    48.334    93.518  3.077  11 1 4 1 2 4 8 203.226 206.761
173   -18.677    49.005  3.219   3 1 4 1 2 4 8 818.635 822.194
174    12.140    30.042  3.056  19 1 4 1 2 4 8 76.220 79.725
175     3.113   -40.302  3.164  19 1 4 1 2 4 8 450.762 454.432
176    17.133    37.079  3.236   4 1 4 1 2 4 8 426.949 430.545
177    22.577     0.836  3.093  19 1 4 1 2 4 8 415.435 419.107
178   -30.426    52.942  3.292  15 1 4 1 2 4 8 524.164 527.644
179    33.765   -67.108  3.376  21 1 4 1 2 4 8 716.586 720.179
180     5.414     1.532  2.935  25 1 4 1 2 4 8 134.219 137.935
181    72.156    30.103  3.462   4 1 4 1 2 4 8 812.963 816.567
182   -24.109   -34.625  3.123   3 1 4 1 2 4 8 869.453 873.302
183    17.413    75.146  3.304   6 1 4 1 2 4 8 186.971 190.786
184    10.638   -60.052  2.895   6 1 4 1 2 4 8 205.099 208.683
185    -5.176   -48.999  3.267  21 1 4 1 2 4 8 633.336 636.973
186   -19.342    21.118  3.128  25 1 4 1 2 4 8 669.733 673.465
187   -46.802   -14.661  3.356  10 1 4 1 2 4 8 654.601 658.292
188   -16.779    43.439  2.907  25 1 4 1 2 4 8 111.750 115.568
189    14.093   -13.605  3.320  19 1 4 1 2 4 8 717.994 721.562
190   -21.063    26.019  3.127  19 1 4 1 2 4 8 854.150 857.768
191    39.813   -40.668  3.069  22 1 4 1 2 4 8 534.165 537.871
192    52.057    30.334  3.403   5 1 4 1 2 4 8 699.328 703.095
193    -0.140     7.266 0.000   0 0 0 0.000 964.110
194   -23.138    48.450 0.000   0 0 0 0.000 964.110
195   -26.102    16.809 0.000   0 0 0 0.000 964.110
196     0.244   -35.892 0.000   0 0 0 0.000 964.110
