6 5 240 4
0 180
0 180
0 180
0 180
  1    65.991   -49.829  3.218  10 1 4 1 2 4 8 159.096 162.654
  2   -36.938   -36.743  3.060  25 1 4 1 2 4 8 587.428 591.090
  3    -2.734    18.774  3.174  18 1 4 1 2 4 8 259.644 263.109
  4    31.116   -35.907  3.089  16 1 4 1 2 4 8 496.847 500.588
  5     2.789     8.008  3.377  14 1 4 1 2 4 8 181.851 185.427
  6    31.152    43.665  3.065   7 1 4 1 2 4 8 725.661 729.159
  7   -36.304   -21.307  3.303   9 1 4 1 2 4 8 635.388 639.072
  8    52.814    35.046  3.218  16 1 4 1 2 4 8 765.670 769.405
  9    11.267    20.660  3.393  24 1 4 1 2 4 8 747.645 751.251
 10    -0.623    23.114  3.364   6 1 4 1 2 4 8 329.509 333.209
 11    43.091   -12.360  3.333  22 1 4 1 2 4 8 303.479 307.252
 12     6.854    19.073  2.959  11 1 4 1 2 4 8 220.063 223.815
 13    -6.848    25.317  3.316  19 1 4 1 2 4 8 806.986 810.731
 14   -27.930   -23.712  3.127  20 1 4 1 2 4 8 403.891 407.606
 15    33.240   -30.487  3.183  20 1 4 1 2 4 8 390.348 393.938
 16    63.885   -52.881  2.867  16 1 4 1 2 4 8 786.292 789.741
 17   -13.672   -43.945  3.185   5 1 4 1 2 4 8 252.696 256.148
 18    -0.647   -27.502  3.333  21 1 4 1 2 4 8 686.447 690.165
 19    59.406   -49.261  2.971  19 1 4 1 2 4 8 163.127 166.815
 20    27.167    -5.713  3.219  18 1 4 1 2 4 8 789.513 793.215
 21    70.001   -20.844  3.309  22 1 4 1 2 4 8 456.781 460.247
 22    35.327   -65.167  3.287  19 1 4 1 2 4 8 705.548 709.202
 23   -14.386   -42.236  3.319  15 1 4 1 2 4 8 861.897 865.681
 24    19.366    30.273  3.288  24 1 4 1 2 4 8 687.827 691.440
 25   -39.789    10.101  3.218  20 1 4 1 2 4 8 798.514 802.066
 26   -15.753   -40.204  2.978  17 1 4 1 2 4 8 859.843 863.519
 27   -28.418   -40.503  2.870  20 1 4 1 2 4 8 808.113 811.870
 28    27.081     9.735  3.367  12 1 4 1 2 4 8 710.374 714.038
 29    22.205    -9.216  2.981  23 1 4 1 2 4 8 467.719 471.381
 30    -0.830    -6.525  3.378  15 1 4 1 2 4 8 677.610 681.319
 31    10.217    75.531  3.027  19 1 4 1 2 4 8 618.054 621.810
 32     7.446    18.500  3.163  23 1 4 1 2 4 8 513.821 517.619
 33    48.914   -20.294  3.022   9 1 4 1 2 4 8 100.395 103.971
 34   -18.958   -29.675  3.406  21 1 4 1 2 4 8 472.706 476.143
 35    16.815    -6.659  3.046  17 1 4 1 2 4 8 588.277 591.741
 36     2.509   -30.420  3.142   6 1 4 1 2 4 8 318.723 322.472
 37    15.424     4.913  3.380  10 1 4 1 2 4 8 292.971 296.639
 38    60.315    89.801  3.159   9 1 4 1 2 4 8 633.792 637.448
 39    40.405   -45.367  3.005  19 1 4 1 2 4 8 141.513 144.970
 40   -26.837   -54.272  3.375  17 1 4 1 2 4 8 643.897 647.605
 41    69.171    72.577  3.253  22 1 4 1 2 4 8 747.576 751.124
 42   -22.815    46.173  2.900   8 1 4 1 2 4 8 391.619 395.154
 43   -14.258   -30.249  3.093  25 1 4 1 2 4 8 90.632 94.186
 44    76.050    12.073  3.157  13 1 4 1 2 4 8 840.884 844.562
 45    63.043    60.022  2.946   1 1 4 1 2 4 8 813.479 817.019
 46   -20.239   -81.970  2.905  15 1 4 1 2 4 8 254.496 257.952
 47   -41.168   -42.023  3.419  16 1 4 1 2 4 8 740.323 743.761
 48    79.199   -29.016  3.142  20 1 4 1 2 4 8 528.358 532.084
 49   -20.728    -7.068  3.179  14 1 4 1 2 4 8 454.877 458.597
 50    -4.163   -53.497  3.195   2 1 4 1 2 4 8 728.129 731.716
 51    39.594   -40.460  3.328   5 1 4 1 2 4 8 621.249 624.813
 52   -47.125   -77.850  3.099  16 1 4 1 2 4 8 412.808 416.477
 53    -1.233    49.182  2.921  12 1 4 1 2 4 8 784.882 788.551
 54    -0.372   -27.264  3.405   1 1 4 1 2 4 8 317.424 320.970
 55    31.537    -8.722  3.152  15 1 4 1 2 4 8 531.131 534.590
 56    -0.134   -20.264  3.087   5 1 4 1 2 4 8 195.928 199.357
 57    66.394   -26.691  3.046   9 1 4 1 2 4 8 720.275 723.891
 58     6.104   -64.093  3.136   8 1 4 1 2 4 8 396.918 400.650
 59    13.544   -20.874  3.265   2 1 4 1 2 4 8 719.797 723.474
 60    54.211    -6.537  2.968  10 1 4 1 2 4 8 538.186 541.919
 61    22.046   -34.137  3.213  25 1 4 1 2 4 8 424.975 428.451
 62    -9.723     4.706  2.889  24 1 4 1 2 4 8 721.312 724.835
 63   -11.584   -46.857  3.421   7 1 4 1 2 4 8 130.686 134.293
 64    -2.905    -0.305  3.344  14 1 4 1 2 4 8 409.275 412.828
 65    13.837   -44.452  3.188   3 1 4 1 2 4 8 634.098 637.862
 66    17.480    27.747  3.257  23 1 4 1 2 4 8 97.341 100.926
 67     2.972   -43.689  3.188  21 1 4 1 2 4 8 704.677 708.463
 68   -44.354   -38.202  3.360  13 1 4 1 2 4 8 622.452 626.253
 69   -59.399     1.514  3.389  15 1 4 1 2 4 8 624.202 627.995
 70   -13.452   -75.531  3.043  14 1 4 1 2 4 8 735.330 738.888
 71    -5.518   -51.947  2.948   7 1 4 1 2 4 8 363.806 367.295
 72    -9.589   -26.880  3.258  20 1 4 1 2 4 8 732.617 736.265
 73    19.318    29.498  3.311   6 1 4 1 2 4 8 816.123 819.857
 74    26.245    36.743  3.318  24 1 4 1 2 4 8 295.507 299.233
 75    43.707   -28.033  3.111  17 1 4 1 2 4 8 786.494 790.061
 76   -52.026   -35.339  3.165   3 1 4 1 2 4 8 757.888 761.553
 77    -8.435    -0.116  3.258  15 1 4 1 2 4 8 606.759 610.311
 78    89.111    62.122  3.300   6 1 4 1 2 4 8 491.230 494.783
 79     6.067   -16.132  3.035  21 1 4 1 2 4 8 453.823 457.402
 80    27.094    -5.103  2.985  25 1 4 1 2 4 8 146.832 150.528
 81    27.527   -15.344  3.019  18 1 4 1 2 4 8 871.338 875.059
 82    42.511    32.056  2.957   1 1 4 1 2 4 8 832.188 835.658
 83    25.311    12.689  3.264  19 1 4 1 2 4 8 512.955 516.649
 84    47.778   -12.769  2.941  17 1 4 1 2 4 8 566.130 569.810
 85    -3.143   -13.837  3.415  20 1 4 1 2 4 8 38.398 42.201
 86    12.482   -78.101  3.337   1 1 4 1 2 4 8 576.133 579.834
 87   -21.039    -3.430  3.187  13 1 4 1 2 4 8 142.457 145.925
 88    -3.149   -55.432  3.199  25 1 4 1 2 4 8 178.786 182.522
 89    53.009    84.900  3.127  16 1 4 1 2 4 8 262.467 266.170
 90    35.638   -47.552  3.090   5 1 4 1 2 4 8 284.048 287.774
 91    43.427   -18.439  3.422  18 1 4 1 2 4 8 160.868 164.548
 92     6.598   -54.578  3.134  17 1 4 1 2 4 8 648.855 652.570
 93    87.952    94.012  3.245  15 1 4 1 2 4 8 293.939 297.649
 94    39.105   -48.743  3.044  13 1 4 1 2 4 8 596.486 599.973
 95   -48.340   -26.477  2.998  15 1 4 1 2 4 8 286.008 289.712
 96    72.003    -9.253  3.326   2 1 4 1 2 4 8 202.237 205.741
 97   -37.732     3.351  3.294   1 1 4 1 2 4 8 516.172 519.868
 98   -65.967   -36.749  2.985   9 1 4 1 2 4 8 606.391 610.093
 99   -16.669   -35.284  3.254  16 1 4 1 2 4 8 310.458 314.232
100    10.742    -4.669  3.004   6 1 4 1 2 4 8 682.044 685.674
101    15.594    -5.817  3.411  18 1 4 1 2 4 8 342.599 346.355
102    21.606   -18.109  3.285  24 1 4 1 2 4 8 510.553 514.341
103     9.784    49.280  3.384  24 1 4 1 2 4 8 80.730 84.509
104    94.147    -4.492  3.309   9 1 4 1 2 4 8 800.303 804.027
105    10.382   -16.302  3.333  19 1 4 1 2 4 8 800.211 803.837
106    -1.453    -0.861  3.294  12 1 4 1 2 4 8 217.294 220.740
107    -6.219    25.305  2.975  22 1 4 1 2 4 8 387.672 391.191
108    -6.250    10.217  3.294  13 1 4 1 2 4 8 575.901 579.577
109   -17.444   -70.795  3.152  20 1 4 1 2 4 8 278.827 282.589
110   -55.090   -43.854  3.366  25 1 4 1 2 4 8 695.074 698.529
111    -9.442    23.724  3.249   1 1 4 1 2 4 8 721.880 725.536
112     8.978    35.406  3.339  24 1 4 1 2 4 8 686.270 690.050
113   -16.754    -0.812  3.122  10 1 4 1 2 4 8 153.337 156.937
114    66.852   -37.842  3.133  22 1 4 1 2 4 8 534.903 538.339
115    14.716   -23.724  3.344  14 1 4 1 2 4 8 47.283 51.055
116    33.472    20.026  3.088  12 1 4 1 2 4 8 237.146 240.573
117    66.394   -70.111  3.414  23 1 4 1 2 4 8 800.861 804.409
118    -5.664     8.881  3.294  14 1 4 1 2 4 8 124.902 128.456
119    -5.103   -46.729  3.422  23 1 4 1 2 4 8 68.096 71.859
120    -8.826    55.743  3.019  25 1 4 1 2 4 8 329.654 333.446
121     5.847    -3.186  2.996   5 1 4 1 2 4 8 567.744 571.295
122   -25.726   -37.695  3.424   7 1 4 1 2 4 8 260.551 264.182
123   -15.363   -24.548  3.201  25 1 4 1 2 4 8 725.789 729.431
124    43.793   -11.102  3.006  11 1 4 1 2 4 8 555.508 559.228
125    17.664   -25.604  3.384  18 1 4 1 2 4 8 630.951 634.515
126   -39.624    54.883  3.072  18 1 4 1 2 4 8 589.647 593.076
127   -24.554   -43.225  3.307   1 1 4 1 2 4 8 602.986 606.435
128   -26.892   -12.738  3.087   7 1 4 1 2 4 8 626.876 630.317
129    34.155   -38.458  3.397  22 1 4 1 2 4 8 578.839 582.624
130   -47.314   -29.468  3.389   7 1 4 1 2 4 8 313.991 317.667
131    49.365   -25.592  3.016   3 1 4 1 2 4 8 435.549 439.109
132     3.705   -16.449  3.270  18 1 4 1 2 4 8 383.015 386.654
133    22.430   -23.273  3.249   8 1 4 1 2 4 8 62.059 65.841
134   -37.549   -29.608  2.940   6 1 4 1 2 4 8 240.195 243.751
135    25.549     3.674  3.277   7 1 4 1 2 4 8 453.023 456.731
136   -15.216     3.284  2.895  20 1 4 1 2 4 8 264.175 267.732
137   -12.939    -7.495  3.046  10 1 4 1 2 4 8 822.674 826.322
138   -22.107    26.434  3.290   2 1 4 1 2 4 8 654.984 658.652
139   -17.944     7.733  2.869   3 1 4 1 2 4 8 666.377 669.810
140   -21.234    14.490  3.354  10 1 4 1 2 4 8 440.184 443.775
141     3.503   -19.708  3.059   5 1 4 1 2 4 8 679.671 683.142
142    32.599   -14.935  3.233  25 1 4 1 2 4 8 514.374 518.102
143    -5.737   -28.296  2.898  23 1 4 1 2 4 8 800.503 804.100
144    -6.128   -39.624  2.987  21 1 4 1 2 4 8 838.877 842.674
145    -2.460    12.817  2.945  13 1 4 1 2 4 8 768.105 771.736
146    -6.470     8.466  3.288   1 1 4 1 2 4 8 298.362 301.795
147   -37.891   -36.115  3.115  11 1 4 1 2 4 8 537.583 541.092
148    10.852   -18.750  3.393   6 1 4 1 2 4 8 184.917 188.721
149    50.104     8.636  2.859   9 1 4 1 2 4 8 116.419 119.944
150    46.844     4.712  3.002  17 1 4 1 2 4 8 90.632 94.306
151    19.598   -10.406  3.362  13 1 4 1 2 4 8 49.847 53.440
152   -38.947    52.942  2.938  23 1 4 1 2 4 8 807.073 810.650
153    -0.641   -21.289  2.901  19 1 4 1 2 4 8 41.014 44.466
154    40.906   -33.765  3.225  11 1 4 1 2 4 8 599.820 603.366
155    -0.574   -62.299  3.255  12 1 4 1 2 4 8 553.996 557.443
156    -9.778    26.794  3.343  18 1 4 1 2 4 8 80.612 84.063
157    34.265   -23.895  2.976  25 1 4 1 2 4 8 694.983 698.672
158    29.572   -24.561  3.215  13 1 4 1 2 4 8 398.341 401.947
159    16.376   -58.887  2.972  24 1 4 1 2 4 8 847.520 851.109
160    61.877   -15.167  3.341   5 1 4 1 2 4 8 347.730 351.263
161    40.088    -9.625  3.373  14 1 4 1 2 4 8 53.325 56.980
162     0.122    -4.645  3.329  18 1 4 1 2 4 8 301.125 304.799
163    -8.929   -43.903  3.205  25 1 4 1 2 4 8 517.468 521.200
164    -7.135   -57.434  3.330  11 1 4 1 2 4 8 513.627 517.101
165     7.550   -21.210  2.935  18 1 4 1 2 4 8 615.313 618.782
166     3.949     7.300  3.135  23 1 4 1 2 4 8 174.315 178.076
167   -15.118    92.023  3.050  22 1 4 1 2 4 8 660.832 664.353
168    84.821   -24.518  3.030  20 1 4 1 2 4 8 580.354 584.078
169   -52.325    30.682  3.092  11 1 4 1 2 4 8 701.763 705.360
170     7.538    13.818  3.121  11 1 4 1 2 4 8 557.369 561.064
171   -21.484    30.359  2.914  19 1 4 1 2 4 8 485.461 489.016
172    36.047    29.883  3.025  13 1 4 1 2 4 8 221.430 224.877
173    12.781   -40.942  3.264  24 1 4 1 2 4 8 82.660 86.409
174   -17.291   -10.254  2.890   6 1 4 1 2 4 8 707.143 710.698
175   -10.541    12.402  3.403   5 1 4 1 2 4 8 749.233 752.707
176   -15.845   -59.460  3.084  24 1 4 1 2 4 8 159.078 162.569
177    29.266    -2.222  3.311   7 1 4 1 2 4 8 366.754 370.525
178   -12.598   -58.929  2.991  13 1 4 1 2 4 8 606.637 610.439
179   -17.303   -35.297  3.348  25 1 4 1 2 4 8 343.594 347.078
180    57.050   -50.354  3.049  15 1 4 1 2 4 8 602.877 606.341
181    26.941    17.444  3.235  15 1 4 1 2 4 8 307.450 311.152
182    -6.195    -8.881  3.395  16 1 4 1 2 4 8 406.384 410.068
183    16.980   -16.321  2.886   5 1 4 1 2 4 8 60.554 64.161
184    83.710   -32.520  3.422  15 1 4 1 2 4 8 467.222 470.905
185    12.451    34.589  3.078  24 1 4 1 2 4 8 281.008 284.463
186    15.057    67.004  2.995  15 1 4 1 2 4 8 790.381 794.061
187    25.818    -5.835  2.889   9 1 4 1 2 4 8 798.200 801.864
188    13.666   -14.832  3.267  19 1 4 1 2 4 8 760.584 764.259
189    48.322    -5.164  2.904  15 1 4 1 2 4 8 843.576 847.227
190    13.489    19.739  3.238   2 1 4 1 2 4 8 710.198 713.987
191   -18.512    65.405  3.347   3 1 4 1 2 4 8 269.046 272.828
192    17.554    38.379  3.002  18 1 4 1 2 4 8 822.835 826.276
193    37.775   -16.003  3.354  20 1 4 1 2 4 8 439.430 442.905
194    47.968   -30.310  3.044  14 1 4 1 2 4 8 382.461 386.035
195    38.806    36.243  3.292  10 1 4 1 2 4 8 89.644 93.087
196   -16.089   -42.841  2.905   6 1 4 1 2 4 8 562.212 565.669
197    28.656    -1.990  3.207  17 1 4 1 2 4 8 79.795 83.461
198    -5.859    -1.862  2.956  20 1 4 1 2 4 8 85.489 89.108
199    60.516    63.416  3.008   3 1 4 1 2 4 8 713.057 716.490
200    63.196   -47.766  3.277  14 1 4 1 2 4 8 763.497 767.062
201   -15.308   -23.285  3.079  12 1 4 1 2 4 8 531.494 535.235
202    -2.875     0.787  3.212   2 1 4 1 2 4 8 691.879 695.349
203    32.056   -10.175  2.996  11 1 4 1 2 4 8 378.240 381.688
204   -18.634   -25.665  3.304  16 1 4 1 2 4 8 76.103 79.562
205    -3.632    25.433  3.135  18 1 4 1 2 4 8 113.925 117.731
206    10.480    22.888  3.412  14 1 4 1 2 4 8 365.765 369.568
207     1.819    -3.009  3.115   6 1 4 1 2 4 8 342.245 345.937
208   -25.275   -12.183  3.394  12 1 4 1 2 4 8 204.793 208.506
209    56.927   -75.507  3.415  21 1 4 1 2 4 8 311.702 315.440
210    13.885   -36.230  2.995   1 1 4 1 2 4 8 379.864 383.492
211    32.520   -29.523  3.233  18 1 4 1 2 4 8 339.240 343.034
212     4.803    -7.288  3.106  17 1 4 1 2 4 8 405.779 409.227
213    11.365    -8.344  3.161  15 1 4 1 2 4 8 664.226 667.877
214    17.126   -24.646  3.289   4 1 4 1 2 4 8 744.452 748.047
215   -33.661   -41.241  3.154  18 1 4 1 2 4 8 246.277 249.705
216   -32.391   -50.885  2.993  22 1 4 1 2 4 8 571.875 575.671
217    23.041   -14.496  3.418  16 1 4 1 2 4 8 175.416 179.003
218   -21.857   -39.502  2.902  14 1 4 1 2 4 8 547.867 551.673
219    32.013    77.332  3.161  25 1 4 1 2 4 8 768.341 771.962
220    13.831   -76.190  3.344  15 1 4 1 2 4 8 402.186 405.947
221    -8.051   -21.179  3.113   6 1 4 1 2 4 8 86.203 89.686
222    25.391    46.613  3.302   7 1 4 1 2 4 8 853.750 857.279
223    49.536   -54.639  2.857  21 1 4 1 2 4 8 715.680 719.263
224    63.416    -8.636  3.176   3 1 4 1 2 4 8 781.392 785.095
225     2.301    -5.536  3.100  15 1 4 1 2 4 8 182.896 186.538
226    52.423    29.895  3.113  24 1 4 1 2 4 8 441.549 445.237
227     9.296   -16.254  3.348   2 1 4 1 2 4 8 430.545 434.005
228    34.845   -96.185  3.400  17 1 4 1 2 4 8 553.296 557.001
229   -21.063   -41.498  2.876   2 1 4 1 2 4 8 641.172 644.624
230    28.448    10.242  2.982  25 1 4 1 2 4 8 397.427 401.149
231    16.254   -22.583  3.203  15 1 4 1 2 4 8 404.068 407.722
232   -36.639   -34.033  3.408   3 1 4 1 2 4 8 325.271 328.877
233   -27.356   -50.177  3.026   1 1 4 1 2 4 8 193.629 197.256
234   -53.705    11.334  2.984   1 1 4 1 2 4 8 221.819 225.379
235    26.276    -5.994  2.894  20 1 4 1 2 4 8 901.312 904.949
236   -31.519    34.589  2.985  19 1 4 1 2 4 8 306.808 310.379
237   -14.612   -31.506  3.162   2 1 4 1 2 4 8 78.971 82.771
238    -4.242   -30.865  2.956   9 1 4 1 2 4 8 646.247 649.828
239   -18.524   -29.486  3.003   4 1 4 1 2 4 8 169.374 172.905
240   -17.133   -19.397  3.383  16 1 4 1 2 4 8 90.488 94.131
241    34.430   -17.151 0.000   0 0 0 0.000 951.660
242     0.269    -8.154 0.000   0 0 0 0.000 951.660
243     3.140    13.297 0.000   0 0 0 0.000 951.660
244    -3.113   -29.745 0.000   0 0 0 0.000 951.660
