6 6 288 4
0 175
0 175
0 175
0 175
  1   -66.174   -37.811  3.478  19 1 4 1 2 4 8 561.158 564.757
  2     2.673   -35.223  3.277  21 1 4 1 2 4 8 484.220 487.925
  3    38.751     8.618  3.009  17 1 4 1 2 4 8 798.192 801.927
  4    62.653    20.667  3.287   6 1 4 1 2 4 8 658.877 662.728
  5    60.974    -6.110  3.145   6 1 4 1 2 4 8 805.051 808.941
  6   -98.535   -39.532  3.404  19 1 4 1 2 4 8 535.458 539.071
  7     8.411   -81.274  3.082  17 1 4 1 2 4 8 306.327 310.136
  8   -14.569    26.056  3.071  19 1 4 1 2 4 8 758.936 762.609
  9   -34.186   -76.697  3.359   2 1 4 1 2 4 8 697.933 701.565
 10    55.145   -33.911  3.254   3 1 4 1 2 4 8 612.269 615.967
 11    15.869     8.716  3.196  24 1 4 1 2 4 8 499.691 503.594
 12   -63.416   -20.282  3.490   5 1 4 1 2 4 8 834.466 838.265
 13    -9.357   -42.212  3.515   9 1 4 1 2 4 8 429.939 433.502
 14   -53.619     3.729  3.174  20 1 4 1 2 4 8 455.088 458.971
 15    53.491    -3.308  3.294  19 1 4 1 2 4 8 700.640 704.309
 16   -22.614   -32.794  3.341  20 1 4 1 2 4 8 278.058 281.822
 17    39.612    -1.550  3.197   4 1 4 1 2 4 8 701.505 705.208
 18    16.705   -22.748  3.216   3 1 4 1 2 4 8 249.789 253.588
 19   -51.245   -13.757  3.373   2 1 4 1 2 4 8 461.045 464.749
 20   -29.907    14.380  3.271  23 1 4 1 2 4 8 817.338 821.068
 21   -70.441   -27.911  3.032   6 1 4 1 2 4 8 810.869 814.783
 22   -75.385   -30.811  3.470  17 1 4 1 2 4 8 263.051 266.928
 23    10.590   -28.931  3.042  17 1 4 1 2 4 8 733.309 737.083
 24    86.340   -45.935  3.321   3 1 4 1 2 4 8 542.699 546.272
 25     3.864    34.583  3.292  16 1 4 1 2 4 8 549.171 552.932
 26   -37.598   -42.114  3.060  15 1 4 1 2 4 8 759.842 763.465
 27    69.440     1.379  3.177  23 1 4 1 2 4 8 641.980 645.763
 28   -13.818     1.245  3.055  15 1 4 1 2 4 8 277.276 281.065
 29   -27.124   -38.037  3.163  12 1 4 1 2 4 8 247.897 251.644
 30   -69.348   -14.734  3.118  19 1 4 1 2 4 8 595.276 599.039
 31    58.575    29.346  3.198  23 1 4 1 2 4 8 632.543 636.344
 32    58.105    31.702  3.294  10 1 4 1 2 4 8 199.912 203.755
 33   -62.250   -16.425  2.956  23 1 4 1 2 4 8 856.717 860.486
 34   -66.382    13.586  2.973  22 1 4 1 2 4 8 863.748 867.519
 35    68.030   -12.482  3.484   4 1 4 1 2 4 8 327.824 331.643
 36   -30.701   -41.681  3.329   5 1 4 1 2 4 8 527.783 531.546
 37   -55.389   -51.050  3.125   1 1 4 1 2 4 8 156.155 159.859
 38    36.237    -2.655  3.466  11 1 4 1 2 4 8 188.924 192.809
 39    -1.215     5.591  3.448  20 1 4 1 2 4 8 454.354 457.992
 40    10.278   -23.950  3.396  25 1 4 1 2 4 8 628.532 632.126
 41    -7.159    36.859  3.085  18 1 4 1 2 4 8 449.687 453.314
 42   -90.204    61.169  3.215   4 1 4 1 2 4 8 700.163 703.884
 43    46.368    65.082  3.207  10 1 4 1 2 4 8 384.824 388.606
 44    13.348    31.372  3.136  17 1 4 1 2 4 8 391.179 394.845
 45   -73.566   -28.839  2.937   7 1 4 1 2 4 8 775.694 779.429
 46   -41.528   -37.097  3.076   4 1 4 1 2 4 8 420.479 424.257
 47   -60.938   -27.246  3.013   3 1 4 1 2 4 8 387.737 391.368
 48    38.312    54.376  3.341  12 1 4 1 2 4 8 546.306 550.164
 49    26.306    11.975  3.239  13 1 4 1 2 4 8 523.906 527.813
 50    10.297   -48.346  3.019  24 1 4 1 2 4 8 520.003 523.891
 51    52.417   -28.363  3.111  16 1 4 1 2 4 8 504.976 508.772
 52   -43.756   -39.343  3.430   2 1 4 1 2 4 8 431.818 435.384
 53    49.316    11.395  3.185   7 1 4 1 2 4 8 829.962 833.825
 54    45.593     4.346  3.124  15 1 4 1 2 4 8 555.958 559.661
 55   -25.989   -15.814  3.143  12 1 4 1 2 4 8 688.234 691.759
 56    65.253   -59.631  3.398  15 1 4 1 2 4 8 843.455 847.249
 57    12.109   -34.387  3.497  17 1 4 1 2 4 8 71.786 75.371
 58    12.390   -16.254  3.361  16 1 4 1 2 4 8 187.731 191.468
 59     0.525    69.611  2.951   1 1 4 1 2 4 8 569.883 573.439
 60    -8.679     7.770  3.060   9 1 4 1 2 4 8 722.065 725.763
 61    41.467   -35.016  3.207   4 1 4 1 2 4 8 636.082 639.981
 62    11.859   -34.973  3.372   3 1 4 1 2 4 8 514.884 518.599
 63    -1.306   -58.063  3.235   1 1 4 1 2 4 8 96.835 100.740
 64     6.024   -31.018  3.084   4 1 4 1 2 4 8 850.821 854.360
 65     1.788   -32.544  3.013   6 1 4 1 2 4 8 196.552 200.417
 66    29.272    -6.494  3.392   1 1 4 1 2 4 8 669.364 673.073
 67    23.950    10.742  3.448  19 1 4 1 2 4 8 350.563 354.370
 68   -65.887    40.912  3.509   1 1 4 1 2 4 8 362.851 366.695
 69   -10.095    26.257  3.363   2 1 4 1 2 4 8 659.187 662.810
 70    58.093    67.352  2.950  25 1 4 1 2 4 8 360.497 364.165
 71    90.015     9.485  3.216   4 1 4 1 2 4 8 581.527 585.230
 72    -6.622    15.216  3.238   4 1 4 1 2 4 8 849.802 853.387
 73    -2.875   -42.841  2.963  13 1 4 1 2 4 8 144.392 148.163
 74   -37.714    -7.306  3.182  18 1 4 1 2 4 8 101.225 104.901
 75    44.171   -11.224  3.289   9 1 4 1 2 4 8 384.542 388.314
 76   -58.704    -2.808  3.464   5 1 4 1 2 4 8 251.274 254.928
 77    -3.912    10.071  3.250  12 1 4 1 2 4 8 831.476 835.061
 78   -41.370    -1.495  3.511  22 1 4 1 2 4 8 142.082 145.864
 79    58.179    27.563  2.973   9 1 4 1 2 4 8 582.854 586.424
 80   -63.861    26.147  3.510  11 1 4 1 2 4 8 601.053 604.929
 81   -56.793   -15.918  2.985   6 1 4 1 2 4 8 575.151 578.981
 82    22.217   -27.509  3.257  19 1 4 1 2 4 8 575.822 579.698
 83    -1.031   -14.838  3.191  10 1 4 1 2 4 8 658.845 662.512
 84   -57.703   -10.480  3.011   1 1 4 1 2 4 8 509.053 512.745
 85    80.847     6.299  3.321  10 1 4 1 2 4 8 762.353 766.024
 86     2.887    10.822  3.006  20 1 4 1 2 4 8 109.575 113.474
 87   -37.390    -7.800  3.054  18 1 4 1 2 4 8 894.414 898.203
 88   -33.600   -26.740  3.185   1 1 4 1 2 4 8 643.101 646.704
 89    95.197    24.231  3.431  11 1 4 1 2 4 8 503.852 507.451
 90   -13.904    29.327  3.156  20 1 4 1 2 4 8 504.684 508.279
 91   -53.461     9.296  3.243  12 1 4 1 2 4 8 323.525 327.240
 92    67.578    13.007  3.359  17 1 4 1 2 4 8 518.456 521.996
 93   -83.881   -53.265  3.413  16 1 4 1 2 4 8 202.080 205.763
 94    30.255   -72.430  3.031   3 1 4 1 2 4 8 513.402 516.929
 95   -22.333   -20.538  3.108  14 1 4 1 2 4 8 292.119 295.954
 96     3.741   -35.461  3.354  12 1 4 1 2 4 8 660.407 664.083
 97   -20.093   -43.982  3.369   9 1 4 1 2 4 8 350.000 353.706
 98   -47.687   -21.100  3.343   1 1 4 1 2 4 8 662.302 665.928
 99   -20.447   -13.849  3.253   7 1 4 1 2 4 8 519.436 523.035
100    34.515     3.967  3.179   7 1 4 1 2 4 8 322.245 326.113
101    20.514   -11.884  3.336   5 1 4 1 2 4 8 532.990 536.533
102   -46.039   -22.565  3.250   9 1 4 1 2 4 8 579.362 583.121
103   -39.630    25.385  3.036  15 1 4 1 2 4 8 764.772 768.376
104    -1.025    50.433  3.092   4 1 4 1 2 4 8 352.483 356.167
105   -28.632    23.486  3.025  10 1 4 1 2 4 8 419.399 423.229
106   -52.997   -16.248  3.418  21 1 4 1 2 4 8 624.145 627.928
107    -3.345   -22.955  3.009   2 1 4 1 2 4 8 905.357 909.096
108   -62.640   -26.349  3.376   6 1 4 1 2 4 8 497.853 501.468
109    25.403     0.531  3.256   1 1 4 1 2 4 8 598.884 602.577
110   -29.895    72.919  3.300  23 1 4 1 2 4 8 672.316 676.131
111    26.630     1.971  3.166  24 1 4 1 2 4 8 848.367 851.924
112    -9.814    35.004  3.182  16 1 4 1 2 4 8 641.402 645.182
113    -7.758   -42.426  3.117  18 1 4 1 2 4 8 463.459 467.215
114    28.918    -7.117  3.180   1 1 4 1 2 4 8 479.595 483.390
115    47.693    36.108  3.155   1 1 4 1 2 4 8 326.933 330.683
116   -53.168     5.206  3.291  21 1 4 1 2 4 8 471.794 475.660
117    17.560    13.214  3.334   8 1 4 1 2 4 8 401.779 405.551
118     6.836    -2.496  3.042  22 1 4 1 2 4 8 150.874 154.693
119   -17.322    97.260  2.994  23 1 4 1 2 4 8 623.742 627.657
120    22.406    26.532  2.994  11 1 4 1 2 4 8 93.089 96.738
121   -73.090   -13.251  3.496  15 1 4 1 2 4 8 786.574 790.297
122   -64.996    -4.578  3.213  14 1 4 1 2 4 8 569.380 572.942
123   -34.906   -43.903  3.085  16 1 4 1 2 4 8 701.267 704.935
124   -92.346    -4.517  3.357  25 1 4 1 2 4 8 779.011 782.827
125     0.647    -8.496  2.990  12 1 4 1 2 4 8 881.090 884.992
126     5.048   -37.323  3.250   9 1 4 1 2 4 8 906.432 910.240
127   -19.080   -14.178  3.198  20 1 4 1 2 4 8 767.561 771.388
128   -71.704   -11.450  3.325  22 1 4 1 2 4 8 376.679 380.327
129   -45.581   -28.717  3.066  13 1 4 1 2 4 8 587.425 591.277
130   -28.351   -23.914  3.325  24 1 4 1 2 4 8 208.552 212.109
131   -16.486    30.920  3.223  13 1 4 1 2 4 8 856.873 860.429
132   -83.423   -20.935  3.080   4 1 4 1 2 4 8 336.719 340.295
133   -12.054   -20.612  3.361  22 1 4 1 2 4 8 660.657 664.431
134    -7.184   -63.721  3.228  18 1 4 1 2 4 8 577.939 581.582
135    34.546    -8.881  3.519  25 1 4 1 2 4 8 178.728 182.449
136    -4.865    73.694  3.492  19 1 4 1 2 4 8 462.194 465.860
137   -36.005    -3.876  3.308   8 1 4 1 2 4 8 577.104 580.698
138   -28.400   -21.820  3.375  13 1 4 1 2 4 8 268.844 272.649
139   -56.281   -15.112  3.274   1 1 4 1 2 4 8 828.726 832.474
140   -11.017    42.151  3.060   1 1 4 1 2 4 8 292.458 296.026
141   -63.092   -62.573  3.228   5 1 4 1 2 4 8 685.365 689.037
142    29.486    79.944  2.969   2 1 4 1 2 4 8 775.907 779.627
143   -65.674    -0.238  3.250  22 1 4 1 2 4 8 417.006 420.827
144    46.130   -20.416  3.347   3 1 4 1 2 4 8 327.526 331.257
145     1.575   -16.364  3.078   2 1 4 1 2 4 8 477.592 481.406
146    40.277    -1.379  3.452   6 1 4 1 2 4 8 559.148 562.803
147   -15.271    42.249  3.292  19 1 4 1 2 4 8 655.384 659.230
148    33.215   -16.614  3.413   5 1 4 1 2 4 8 867.381 870.928
149   -72.388    13.074  3.019  25 1 4 1 2 4 8 420.032 423.805
150   -24.487     5.273  3.313   9 1 4 1 2 4 8 433.174 436.908
151    -6.598   -30.957  3.147  20 1 4 1 2 4 8 423.244 426.893
152    31.287    21.332  3.048  11 1 4 1 2 4 8 809.054 812.681
153    20.557     0.378  2.996  18 1 4 1 2 4 8 667.743 671.454
154   -67.200   -41.339  3.282  25 1 4 1 2 4 8 568.726 572.402
155    22.168   -40.375  3.191  22 1 4 1 2 4 8 875.318 879.135
156    31.165     2.222  3.465  25 1 4 1 2 4 8 811.996 815.891
157    74.634    30.219  2.997  14 1 4 1 2 4 8 285.132 289.011
158    60.699    81.116  3.442  21 1 4 1 2 4 8 623.393 627.010
159   -60.736    24.133  2.974   1 1 4 1 2 4 8 466.482 470.207
160     1.978    17.517  3.514   9 1 4 1 2 4 8 445.276 449.187
161   -80.566   -38.196  3.395   2 1 4 1 2 4 8 580.864 584.642
162   -49.927   -36.713  3.225   2 1 4 1 2 4 8 452.199 455.824
163   -60.449   -27.820  3.460   4 1 4 1 2 4 8 649.239 653.044
164   -78.748   -44.226  3.203  15 1 4 1 2 4 8 694.328 697.862
165    54.260    -9.259  3.486  11 1 4 1 2 4 8 456.247 460.161
166   -42.059   -26.636  3.108  15 1 4 1 2 4 8 781.360 785.159
167   -57.336   -16.718  2.968  15 1 4 1 2 4 8 149.161 152.766
168    -1.276   -13.330  2.989  16 1 4 1 2 4 8 840.343 843.930
169   -24.158    39.197  3.500  14 1 4 1 2 4 8 194.432 198.256
170    17.908   -40.442  3.475  25 1 4 1 2 4 8 457.828 461.402
171    59.833    -3.674  3.048   9 1 4 1 2 4 8 398.732 402.461
172    -3.510     6.256  3.325  23 1 4 1 2 4 8 383.870 387.643
173    40.167     8.594  3.228  16 1 4 1 2 4 8 105.476 109.267
174    -1.691   -54.376  3.210  10 1 4 1 2 4 8 588.593 592.121
175   -36.035   -17.065  3.302   4 1 4 1 2 4 8 73.745 77.598
176     7.275    -4.144  3.079  25 1 4 1 2 4 8 848.816 852.453
177    30.219    -6.830  3.339  20 1 4 1 2 4 8 721.474 725.292
178   -26.379   -63.055  3.377   5 1 4 1 2 4 8 172.245 176.103
179    28.772    -0.031  3.271  19 1 4 1 2 4 8 210.752 214.666
180     2.625     5.072  3.492   2 1 4 1 2 4 8 850.445 854.162
181     3.595   -21.600  3.294  13 1 4 1 2 4 8 768.841 772.526
182   -64.948   -10.956  3.455  19 1 4 1 2 4 8 509.619 513.468
183    18.671   -41.010  3.134   2 1 4 1 2 4 8 673.189 676.981
184    29.291    12.799  3.487  16 1 4 1 2 4 8 142.732 146.608
185     4.529    26.654  3.316   2 1 4 1 2 4 8 468.111 471.797
186    25.360    29.718  3.353   6 1 4 1 2 4 8 590.515 594.236
187    57.349   -15.405  3.307   3 1 4 1 2 4 8 428.808 432.613
188   -11.566   -19.012  3.457  20 1 4 1 2 4 8 753.239 756.844
189   -45.441   -71.808  3.381  13 1 4 1 2 4 8 506.658 510.397
190     2.197    -3.564  3.086   9 1 4 1 2 4 8 592.770 596.626
191    -1.855   -24.475  3.082   5 1 4 1 2 4 8 92.173 95.972
192   -59.851   -48.938  3.240  15 1 4 1 2 4 8 154.710 158.371
193    70.081   -17.816  3.358  22 1 4 1 2 4 8 533.319 537.063
194    -4.932    28.754  2.958  18 1 4 1 2 4 8 652.003 655.915
195   -46.625   -23.529  2.983  21 1 4 1 2 4 8 810.181 813.972
196   -49.872   -35.339  3.039  16 1 4 1 2 4 8 750.250 754.123
197   -67.499     8.142  2.969  22 1 4 1 2 4 8 721.764 725.382
198    31.195   -18.243  3.378  23 1 4 1 2 4 8 566.829 570.606
199   -42.139   -52.704  3.426   1 1 4 1 2 4 8 518.643 522.219
200   -15.094    18.933  3.284   1 1 4 1 2 4 8 673.116 676.824
201   -78.625   -24.341  3.248  13 1 4 1 2 4 8 740.200 744.028
202    51.471    -9.607  3.101  14 1 4 1 2 4 8 520.607 524.513
203    29.987   -31.061  3.063  18 1 4 1 2 4 8 611.592 615.245
204    46.741     1.453  3.232   5 1 4 1 2 4 8 786.569 790.158
205   -52.954    31.738  3.313  24 1 4 1 2 4 8 145.566 149.186
206    10.535   -61.432  3.014  11 1 4 1 2 4 8 259.502 263.191
207   -15.948   -56.012  3.155   5 1 4 1 2 4 8 216.922 220.598
208    -7.776   -54.730  3.505   1 1 4 1 2 4 8 334.086 337.970
209    11.047   -20.905  3.244  21 1 4 1 2 4 8 430.278 433.900
210   -24.359   -23.047  3.248   6 1 4 1 2 4 8 115.205 118.813
211     2.948   -20.398  3.150   6 1 4 1 2 4 8 109.067 112.785
212   -82.654    24.323  3.463   5 1 4 1 2 4 8 626.525 630.357
213   -12.134    42.065  2.950  23 1 4 1 2 4 8 622.954 626.502
214   -98.035   -36.359  3.412  16 1 4 1 2 4 8 775.631 779.485
215   -61.102   -13.477  3.152  18 1 4 1 2 4 8 355.230 358.807
216   -39.136     6.287  2.960  10 1 4 1 2 4 8 434.794 438.666
217    41.180     7.971  3.511   9 1 4 1 2 4 8 327.227 331.133
218     4.254    19.830  2.948  18 1 4 1 2 4 8 765.131 768.682
219   -34.143   -37.915  3.479  22 1 4 1 2 4 8 146.045 149.731
220    -4.559    23.566  2.953  24 1 4 1 2 4 8 80.228 83.903
221    37.891    -1.947  3.417  15 1 4 1 2 4 8 786.832 790.657
222    78.259    15.936  3.169   6 1 4 1 2 4 8 265.758 269.364
223    -8.661   -25.110  3.111  12 1 4 1 2 4 8 511.797 515.517
224    10.071    37.164  2.961  19 1 4 1 2 4 8 692.757 696.615
225   -42.621   -46.985  3.517  19 1 4 1 2 4 8 97.091 100.639
226    92.157   -94.183  3.410  17 1 4 1 2 4 8 298.449 301.992
227    32.202   -39.844  3.463  22 1 4 1 2 4 8 196.630 200.197
228   -55.231   -15.027  3.340  25 1 4 1 2 4 8 773.518 777.085
229   -26.746   -21.490  3.333  11 1 4 1 2 4 8 625.785 629.590
230   -75.513    -0.708  2.970  23 1 4 1 2 4 8 499.111 502.966
231    34.021    12.665  3.384  10 1 4 1 2 4 8 740.420 744.060
232    -2.643   -20.831  3.287  17 1 4 1 2 4 8 365.392 368.940
233    53.369    13.770  3.424   6 1 4 1 2 4 8 599.473 603.276
234   -14.948   -40.259  3.337  20 1 4 1 2 4 8 617.325 621.229
235    67.828     5.750  3.313   6 1 4 1 2 4 8 294.401 298.160
236   -13.220   -26.031  3.293   4 1 4 1 2 4 8 132.135 136.042
237     4.169   -32.617  3.054  25 1 4 1 2 4 8 227.565 231.242
238   -26.050   -33.313  3.137   7 1 4 1 2 4 8 891.160 894.742
239    31.964   -45.703  2.988  11 1 4 1 2 4 8 714.642 718.255
240    96.820    26.208  3.247  14 1 4 1 2 4 8 778.622 782.334
241   -44.696   -37.854  2.942  14 1 4 1 2 4 8 149.945 153.825
242    33.417    11.792  3.172  15 1 4 1 2 4 8 767.917 771.742
243   -35.187    19.226  3.078   2 1 4 1 2 4 8 728.709 732.434
244   -14.233   -74.988  3.493  14 1 4 1 2 4 8 675.052 678.577
245    37.158    -0.836  3.440  17 1 4 1 2 4 8 102.936 106.519
246   -51.697   -26.447  3.267  24 1 4 1 2 4 8 170.907 174.646
247    23.535     5.896  3.161  10 1 4 1 2 4 8 573.250 576.892
248   -18.433    53.711  3.502  20 1 4 1 2 4 8 670.814 674.555
249   -11.340   -17.621  3.439  11 1 4 1 2 4 8 75.318 79.073
250    -7.812   -35.895  2.977  16 1 4 1 2 4 8 578.294 582.002
251     3.522    26.941  3.494   3 1 4 1 2 4 8 449.211 453.050
252   -46.588   -22.266  3.073  11 1 4 1 2 4 8 361.530 365.401
253    -2.997    -0.549  3.098  10 1 4 1 2 4 8 370.669 374.535
254    32.147    17.151  3.388  18 1 4 1 2 4 8 286.199 289.738
255    32.019    13.007  2.942  20 1 4 1 2 4 8 498.943 502.502
256    -6.628    29.889  3.382  24 1 4 1 2 4 8 900.690 904.261
257    77.777   -25.397  3.461  16 1 4 1 2 4 8 365.364 368.926
258    30.707    65.704  3.269   2 1 4 1 2 4 8 595.529 599.328
259   -43.811   -43.036  3.040  14 1 4 1 2 4 8 709.961 713.570
260    49.561    16.827  3.301  10 1 4 1 2 4 8 698.117 701.810
261   -28.931    -0.439  2.976  22 1 4 1 2 4 8 112.516 116.167
262    40.363    16.382  3.403  14 1 4 1 2 4 8 823.088 826.791
263    22.748    40.674  3.128  15 1 4 1 2 4 8 581.074 584.930
264    -1.471     6.567  3.016   7 1 4 1 2 4 8 345.479 349.031
265    -1.190    16.864  3.484  20 1 4 1 2 4 8 841.934 845.478
266     8.032    41.821  3.130   1 1 4 1 2 4 8 630.418 633.963
267   -44.019   -22.784  3.054  24 1 4 1 2 4 8 354.983 358.628
268    12.366   -11.353  3.128  22 1 4 1 2 4 8 747.602 751.132
269    33.276    15.881  3.001  23 1 4 1 2 4 8 180.717 184.300
270   -34.790   -15.045  3.521  20 1 4 1 2 4 8 739.854 743.541
271   -96.857   -19.391  3.220  15 1 4 1 2 4 8 440.394 444.007
272    38.434    -5.353  2.955  14 1 4 1 2 4 8 515.097 518.763
273   -25.391     0.220  3.445  12 1 4 1 2 4 8 89.559 93.095
274     0.848   -31.860  3.344   4 1 4 1 2 4 8 79.120 82.682
275   -24.023    95.691  3.332  15 1 4 1 2 4 8 685.986 689.817
276    -4.272    35.468  3.087  12 1 4 1 2 4 8 868.003 871.664
277    -6.927     1.855  3.200   8 1 4 1 2 4 8 574.340 578.155
278   -70.953    -3.217  3.479   2 1 4 1 2 4 8 683.295 687.076
279   -32.648   -16.522  3.505  24 1 4 1 2 4 8 117.990 121.603
280    42.859   -21.680  3.355   5 1 4 1 2 4 8 306.543 310.416
281     5.182     6.403  3.400   8 1 4 1 2 4 8 482.228 486.004
282    36.920    -4.987  3.050  21 1 4 1 2 4 8 133.476 137.338
283    49.591    27.783  3.039   5 1 4 1 2 4 8 299.227 303.046
284    45.038    10.785  3.095  16 1 4 1 2 4 8 546.120 549.855
285     7.690    14.056  3.423   8 1 4 1 2 4 8 536.661 540.281
286   -60.907    18.640  3.271  24 1 4 1 2 4 8 803.329 807.106
287   -64.496     8.923  3.407  23 1 4 1 2 4 8 541.268 545.132
288    37.158   -14.990  3.042   6 1 4 1 2 4 8 870.705 874.504
289     2.277     7.840 0.000   0 0 0 0.000 978.975
290    32.883    -1.779 0.000   0 0 0 0.000 978.975
291   -49.554   -17.828 0.000   0 0 0 0.000 978.975
292     3.690   -26.099 0.000   0 0 0 0.000 978.975
