6 1 72 6
0 200
0 200
0 200
0 200
0 200
0 200
  1   -92.700   -59.180  2.780  20 1 6 1 2 4 8 16 32 417.597 420.708
  2    71.179    12.543  2.643   6 1 6 1 2 4 8 16 32 288.454 291.696
  3    31.537    66.638  3.043  19 1 6 1 2 4 8 16 32 153.978 157.096
  4    -4.694    25.537  2.995  10 1 6 1 2 4 8 16 32 796.296 799.472
  5   -30.194    67.773  3.102  18 1 6 1 2 4 8 16 32 272.459 275.610
  6    12.677   -57.471  2.958   1 1 6 1 2 4 8 16 32 453.151 456.336
  7   -32.355   -20.966  3.038  15 1 6 1 2 4 8 16 32 433.921 437.275
  8    19.910    48.975  3.053  23 1 6 1 2 4 8 16 32 301.416 304.736
  9    13.202   -19.135  2.838  13 1 6 1 2 4 8 16 32 607.542 610.794
 10    54.877   -41.168  2.661  12 1 6 1 2 4 8 16 32 617.337 620.704
 11    15.063   -25.171  2.730   7 1 6 1 2 4 8 16 32 191.645 194.936
 12   -50.598   -16.418  2.954  25 1 6 1 2 4 8 16 32 444.996 448.188
 13   -29.730    17.078  2.701   5 1 6 1 2 4 8 16 32 463.555 466.951
 14    17.542     1.575  2.708   1 1 6 1 2 4 8 16 32 496.931 500.157
 15    11.127    77.216  2.693  25 1 6 1 2 4 8 16 32 226.236 229.507
 16    33.752    71.259  2.974  10 1 6 1 2 4 8 16 32 190.411 193.812
 17   -56.012   -10.394  2.767   2 1 6 1 2 4 8 16 32 267.012 270.299
 18    57.874   -16.290  2.592   7 1 6 1 2 4 8 16 32 411.171 414.383
 19    10.718   -18.787  2.938  11 1 6 1 2 4 8 16 32 403.322 406.486
 20    53.088   -18.750  2.993   4 1 6 1 2 4 8 16 32 589.259 592.534
 21     1.569     7.532  2.608   6 1 6 1 2 4 8 16 32 792.447 795.856
 22    31.531    48.944  2.967  15 1 6 1 2 4 8 16 32 553.142 556.467
 23   -66.833   -37.854  2.829   7 1 6 1 2 4 8 16 32 551.326 554.632
 24   -70.740    62.244  2.859   8 1 6 1 2 4 8 16 32 650.503 653.677
 25    32.538    23.096  3.018  10 1 6 1 2 4 8 16 32 722.154 725.316
 26   -51.453   -36.444  2.880   9 1 6 1 2 4 8 16 32 685.980 689.362
 27    36.456   -22.638  2.776   4 1 6 1 2 4 8 16 32 188.840 192.141
 28   -31.207    43.494  2.629   6 1 6 1 2 4 8 16 32 673.836 677.290
 29   -10.388    34.491  2.923  22 1 6 1 2 4 8 16 32 441.872 445.268
 30    14.722   -10.834  2.767  17 1 6 1 2 4 8 16 32 408.070 411.455
 31    47.095   -21.387  3.034   9 1 6 1 2 4 8 16 32 412.243 415.427
 32    43.781    34.766  2.903  25 1 6 1 2 4 8 16 32 124.125 127.428
 33    53.546   -67.487  2.942  10 1 6 1 2 4 8 16 32 247.484 250.869
 34    26.801    46.515  2.674  18 1 6 1 2 4 8 16 32 148.282 151.500
 35    63.385    11.981  2.882  21 1 6 1 2 4 8 16 32 576.912 580.211
 36    47.192    -5.475  2.752  10 1 6 1 2 4 8 16 32 586.310 589.459
 37   -16.315   -11.267  2.824  23 1 6 1 2 4 8 16 32 226.722 229.925
 38    78.900    17.651  2.597  23 1 6 1 2 4 8 16 32 404.169 407.302
 39    79.822    22.272  3.070  11 1 6 1 2 4 8 16 32 606.815 610.092
 40    12.878    16.919  2.776   1 1 6 1 2 4 8 16 32 444.714 448.144
 41   -67.981    -3.754  2.596  23 1 6 1 2 4 8 16 32 376.808 380.232
 42     9.198   -18.597  2.771  16 1 6 1 2 4 8 16 32 143.687 147.056
 43   -35.950   -19.141  2.814  10 1 6 1 2 4 8 16 32 690.856 693.982
 44    28.766    45.276  2.667  12 1 6 1 2 4 8 16 32 389.363 392.729
 45    11.469    68.231  2.600  12 1 6 1 2 4 8 16 32 367.213 370.407
 46   -22.760    45.496  2.834   3 1 6 1 2 4 8 16 32 769.760 772.984
 47   -65.674   -23.120  2.754  22 1 6 1 2 4 8 16 32 724.161 727.364
 48     7.239     1.599  2.904  21 1 6 1 2 4 8 16 32 178.762 181.995
 49   -29.785   -11.285  2.753  13 1 6 1 2 4 8 16 32 711.292 714.636
 50   -89.050    16.211  2.700  15 1 6 1 2 4 8 16 32 625.930 629.268
 51   -46.887    -3.363  3.039  13 1 6 1 2 4 8 16 32 446.490 449.783
 52   -14.972    30.621  2.594  20 1 6 1 2 4 8 16 32 532.855 536.105
 53   -17.035    49.774  2.965  10 1 6 1 2 4 8 16 32 682.899 686.078
 54    31.635    53.619  2.791  25 1 6 1 2 4 8 16 32 405.009 408.460
 55    -3.577    13.342  3.057   7 1 6 1 2 4 8 16 32 760.480 763.607
 56    33.008    58.960  2.676  15 1 6 1 2 4 8 16 32 109.463 112.803
 57   -92.950    63.263  2.619   2 1 6 1 2 4 8 16 32 567.298 570.531
 58    -9.137   -22.931  2.971  23 1 6 1 2 4 8 16 32 227.398 230.808
 59   -39.960     6.195  2.797   5 1 6 1 2 4 8 16 32 630.713 633.877
 60    28.430   -19.214  2.721  25 1 6 1 2 4 8 16 32 566.799 570.047
 61   -28.540    -3.485  2.680   9 1 6 1 2 4 8 16 32 681.391 684.594
 62    31.415    36.859  2.829   2 1 6 1 2 4 8 16 32 254.108 257.458
 63   -49.426    60.602  2.824  24 1 6 1 2 4 8 16 32 205.311 208.485
 64   -72.827   -27.765  2.875  13 1 6 1 2 4 8 16 32 176.144 179.508
 65    60.083   -45.905  2.791  20 1 6 1 2 4 8 16 32 241.340 244.571
 66    10.870    -3.900  3.018  13 1 6 1 2 4 8 16 32 706.438 709.781
 67    25.122     7.672  2.906  15 1 6 1 2 4 8 16 32 130.903 134.309
 68   -46.997   -17.474  2.723   4 1 6 1 2 4 8 16 32 242.367 245.817
 69    16.058    33.020  2.875  20 1 6 1 2 4 8 16 32 767.248 770.703
 70    25.409   -11.700  2.737   8 1 6 1 2 4 8 16 32 494.111 497.513
 71    68.323    -5.145  2.634  19 1 6 1 2 4 8 16 32 118.570 121.751
 72   -13.104    62.158  2.727  20 1 6 1 2 4 8 16 32 100.001 103.408
 73    42.395    -8.344 0.000   0 0 0 0.000 863.860
 74   -42.175   -14.554 0.000   0 0 0 0.000 863.860
 75    16.034    40.726 0.000   0 0 0 0.000 863.860
 76   -14.639    29.633 0.000   0 0 0 0.000 863.860
 77    16.049    -3.934 0.000   0 0 0 0.000 863.860
 78    46.112    12.430 0.000   0 0 0 0.000 863.860
