6 2 144 6
0 190
0 190
0 190
0 190
0 190
0 190
  1   -40.289   -42.303  2.852  20 1 6 1 2 4 8 16 32 104.768 108.270
  2   -64.709   -17.389  2.909  10 1 6 1 2 4 8 16 32 627.060 630.563
  3     5.060   -14.349  2.854   8 1 6 1 2 4 8 16 32 164.336 167.634
  4    72.095    20.233  2.684   6 1 6 1 2 4 8 16 32 511.213 514.711
  5     2.594   -15.002  3.057   1 1 6 1 2 4 8 16 32 348.956 352.242
  6   -24.176   -72.894  2.894  19 1 6 1 2 4 8 16 32 344.884 348.217
  7   -13.190    66.498  3.037  13 1 6 1 2 4 8 16 32 475.681 479.116
  8    33.191    13.690  2.918  24 1 6 1 2 4 8 16 32 232.392 235.836
  9    66.827   -30.554  3.067  15 1 6 1 2 4 8 16 32 274.256 277.706
 10    19.934    35.883  2.963  13 1 6 1 2 4 8 16 32 219.503 222.856
 11   -27.771    32.269  3.007  10 1 6 1 2 4 8 16 32 122.055 125.454
 12    51.154   -16.827  2.819   4 1 6 1 2 4 8 16 32 684.683 688.099
 13   -19.214    23.749  2.832  12 1 6 1 2 4 8 16 32 769.675 773.055
 14   -46.643   -52.954  2.711  21 1 6 1 2 4 8 16 32 395.238 398.460
 15   -10.590   -16.626  3.033   2 1 6 1 2 4 8 16 32 512.463 515.763
 16    35.150    12.622  2.712  10 1 6 1 2 4 8 16 32 479.738 483.056
 17   -37.378    12.256  3.103  20 1 6 1 2 4 8 16 32 350.803 354.000
 18    82.794    25.836  2.714   9 1 6 1 2 4 8 16 32 458.766 462.253
 19     8.936    -3.723  3.015  24 1 6 1 2 4 8 16 32 511.997 515.199
 20   -56.659    25.555  3.026  19 1 6 1 2 4 8 16 32 79.285 82.794
 21   -52.020   -40.137  3.105  13 1 6 1 2 4 8 16 32 650.973 654.305
 22    39.270    12.787  2.988  14 1 6 1 2 4 8 16 32 106.761 110.223
 23    19.757    21.228  2.811  17 1 6 1 2 4 8 16 32 330.656 333.941
 24   -23.071   -12.659  3.153  25 1 6 1 2 4 8 16 32 421.524 424.726
 25    15.686    52.374  2.794   1 1 6 1 2 4 8 16 32 229.537 232.898
 26    58.771    -7.056  3.144   9 1 6 1 2 4 8 16 32 313.000 316.302
 27   -33.087    72.266  2.810  12 1 6 1 2 4 8 16 32 500.239 503.584
 28     2.551    46.851  2.792  22 1 6 1 2 4 8 16 32 322.514 325.899
 29   -18.719    73.126  3.116   2 1 6 1 2 4 8 16 32 333.684 337.157
 30   -67.627   -20.679  2.648  21 1 6 1 2 4 8 16 32 702.125 705.495
 31   -76.862   -11.365  3.005   8 1 6 1 2 4 8 16 32 640.289 643.610
 32   -24.194   -38.263  2.915  19 1 6 1 2 4 8 16 32 541.860 545.335
 33   -20.374   -31.903  2.677  24 1 6 1 2 4 8 16 32 589.858 593.033
 34     9.290    39.618  2.652  24 1 6 1 2 4 8 16 32 130.770 133.997
 35    26.044    35.974  2.701   2 1 6 1 2 4 8 16 32 554.901 558.151
 36   -57.385   -45.264  3.136  20 1 6 1 2 4 8 16 32 124.991 128.383
 37     1.489   -62.592  3.078  20 1 6 1 2 4 8 16 32 720.730 723.936
 38    34.937    13.672  3.152   5 1 6 1 2 4 8 16 32 695.615 698.993
 39   -22.290    45.648  2.974  17 1 6 1 2 4 8 16 32 734.276 737.774
 40    -5.920    44.061  2.793   4 1 6 1 2 4 8 16 32 620.364 623.733
 41   -38.446   -23.541  2.729  21 1 6 1 2 4 8 16 32 398.363 401.716
 42    28.894    33.936  2.970   3 1 6 1 2 4 8 16 32 648.679 652.112
 43   -35.388    -5.341  2.763  16 1 6 1 2 4 8 16 32 633.638 636.935
 44   -19.501    13.519  3.079  14 1 6 1 2 4 8 16 32 132.620 135.973
 45    -9.216   -30.988  2.939   6 1 6 1 2 4 8 16 32 90.820 94.096
 46   -22.131   -17.065  2.970   5 1 6 1 2 4 8 16 32 523.713 527.220
 47   -22.827    36.810  3.038  12 1 6 1 2 4 8 16 32 387.303 390.782
 48   -61.365   -18.463  2.987  23 1 6 1 2 4 8 16 32 644.651 647.853
 49    50.128   -66.046  2.737  12 1 6 1 2 4 8 16 32 297.383 300.786
 50    25.647    24.139  2.648  18 1 6 1 2 4 8 16 32 761.195 764.427
 51    65.521    42.810  3.110  24 1 6 1 2 4 8 16 32 388.517 391.688
 52   -60.956   -47.925  2.839   3 1 6 1 2 4 8 16 32 433.988 437.327
 53    -9.070    42.798  2.875   3 1 6 1 2 4 8 16 32 414.843 418.344
 54   -19.061     4.480  3.150  25 1 6 1 2 4 8 16 32 444.392 447.625
 55   -54.071    -3.870  3.121  22 1 6 1 2 4 8 16 32 257.211 260.594
 56   -25.598   -18.866  3.114  25 1 6 1 2 4 8 16 32 520.759 524.087
 57   -18.707    84.296  2.873  15 1 6 1 2 4 8 16 32 282.817 286.201
 58   -70.184   -39.166  3.100  18 1 6 1 2 4 8 16 32 705.156 708.367
 59   -14.636    -0.446  2.669   8 1 6 1 2 4 8 16 32 70.950 74.192
 60   -76.465   -38.922  3.058  20 1 6 1 2 4 8 16 32 406.592 409.906
 61    44.092    12.433  3.010  18 1 6 1 2 4 8 16 32 268.884 272.122
 62   -22.772   -50.867  2.666   5 1 6 1 2 4 8 16 32 263.061 266.531
 63    19.104    44.672  3.158  25 1 6 1 2 4 8 16 32 268.995 272.316
 64   -44.019   -39.935  2.929  16 1 6 1 2 4 8 16 32 619.125 622.346
 65    -2.972    -4.059  2.933  14 1 6 1 2 4 8 16 32 73.670 76.938
 66   -24.261    35.907  2.707   1 1 6 1 2 4 8 16 32 355.436 358.952
 67   -61.877   -73.901  2.833  15 1 6 1 2 4 8 16 32 535.743 539.105
 68    -5.640   -26.721  2.773  22 1 6 1 2 4 8 16 32 107.687 111.011
 69    45.844   -36.835  2.747   6 1 6 1 2 4 8 16 32 591.057 594.543
 70   -51.746   -79.840  2.732  24 1 6 1 2 4 8 16 32 530.057 533.231
 71   -33.008    10.992  2.806  19 1 6 1 2 4 8 16 32 108.869 112.348
 72   -25.653    -0.372  3.119  12 1 6 1 2 4 8 16 32 56.350 59.778
 73   -21.497    61.487  2.792  13 1 6 1 2 4 8 16 32 443.510 447.016
 74     2.032    26.727  2.894  10 1 6 1 2 4 8 16 32 169.419 172.656
 75   -26.758    14.807  2.990  12 1 6 1 2 4 8 16 32 375.513 379.028
 76   -37.256   -44.861  2.877  13 1 6 1 2 4 8 16 32 365.316 368.641
 77    -0.861   -16.418  2.658  25 1 6 1 2 4 8 16 32 202.557 205.907
 78   -51.160    34.967  2.945  12 1 6 1 2 4 8 16 32 500.734 504.248
 79   -41.266   -76.886  2.876   2 1 6 1 2 4 8 16 32 422.599 425.873
 80   -30.255    74.701  2.854  11 1 6 1 2 4 8 16 32 123.534 126.716
 81   -46.368    -1.514  2.749  10 1 6 1 2 4 8 16 32 792.266 795.591
 82   -71.619    73.077  2.861   9 1 6 1 2 4 8 16 32 624.116 627.311
 83   -46.606   -39.948  2.901  21 1 6 1 2 4 8 16 32 623.942 627.154
 84   -30.243    67.102  3.083  14 1 6 1 2 4 8 16 32 234.481 237.663
 85   -40.997   -43.036  3.015  15 1 6 1 2 4 8 16 32 302.974 306.403
 86   -74.286   -52.307  2.720   6 1 6 1 2 4 8 16 32 393.890 397.177
 87   -17.609   -71.851  2.770  25 1 6 1 2 4 8 16 32 129.639 132.945
 88     2.350   -81.805  2.927  14 1 6 1 2 4 8 16 32 481.695 485.000
 89   -85.486   -54.059  2.849  17 1 6 1 2 4 8 16 32 524.573 527.819
 90    23.822    10.571  2.713   8 1 6 1 2 4 8 16 32 602.691 606.065
 91   -24.530   -31.726  2.925   4 1 6 1 2 4 8 16 32 638.547 641.979
 92   -42.474   -15.009  2.702  17 1 6 1 2 4 8 16 32 567.796 571.194
 93   -33.624    50.330  3.106  23 1 6 1 2 4 8 16 32 167.526 171.012
 94   -81.458   -41.565  2.717   4 1 6 1 2 4 8 16 32 342.456 345.908
 95   -73.505   -48.279  3.082   4 1 6 1 2 4 8 16 32 463.519 466.999
 96    -3.052    70.898  2.802   9 1 6 1 2 4 8 16 32 162.649 165.909
 97     0.946    25.458  2.912   9 1 6 1 2 4 8 16 32 188.481 191.841
 98   -54.144    13.525  2.806  19 1 6 1 2 4 8 16 32 471.409 474.803
 99   -30.634     7.526  3.040  12 1 6 1 2 4 8 16 32 598.129 601.364
100   -68.335   -34.277  2.977  25 1 6 1 2 4 8 16 32 261.651 264.953
101     7.178    57.935  3.137   8 1 6 1 2 4 8 16 32 562.429 565.704
102     4.712    48.669  2.750  13 1 6 1 2 4 8 16 32 359.152 362.426
103    58.087    26.379  2.819   3 1 6 1 2 4 8 16 32 364.129 367.316
104    18.347    34.784  2.994   6 1 6 1 2 4 8 16 32 267.351 270.697
105   -44.629   -61.975  2.687  11 1 6 1 2 4 8 16 32 313.538 317.042
106     5.231    26.068  3.163  24 1 6 1 2 4 8 16 32 204.407 207.690
107   -48.065   -36.755  2.895  16 1 6 1 2 4 8 16 32 334.925 338.267
108    -3.589   -27.734  2.847  21 1 6 1 2 4 8 16 32 497.730 501.022
109     9.808    36.896  2.764  25 1 6 1 2 4 8 16 32 608.489 612.006
110    59.460     1.233  2.831  10 1 6 1 2 4 8 16 32 596.167 599.540
111   -47.522    19.873  2.764   2 1 6 1 2 4 8 16 32 267.512 270.745
112   -48.431   -50.317  2.915  13 1 6 1 2 4 8 16 32 650.214 653.401
113    44.666    20.953  2.990  14 1 6 1 2 4 8 16 32 321.088 324.422
114   -19.226    32.770  2.728  19 1 6 1 2 4 8 16 32 488.205 491.646
115   -15.662    17.462  3.067  16 1 6 1 2 4 8 16 32 587.068 590.307
116   -91.669    77.722  3.135  23 1 6 1 2 4 8 16 32 556.168 559.653
117   -30.035   -78.284  2.733  13 1 6 1 2 4 8 16 32 414.321 417.602
118    73.663    32.941  2.809  24 1 6 1 2 4 8 16 32 643.626 647.043
119    22.400   -60.083  3.007  17 1 6 1 2 4 8 16 32 594.541 597.929
120    61.206   -13.501  3.147   8 1 6 1 2 4 8 16 32 735.657 738.925
121    22.131   -50.012  3.022  12 1 6 1 2 4 8 16 32 707.759 711.129
122    -6.317    56.665  2.856   6 1 6 1 2 4 8 16 32 346.237 349.675
123   -20.471    12.885  3.126  20 1 6 1 2 4 8 16 32 109.590 112.829
124   -61.084   -44.769  2.975  20 1 6 1 2 4 8 16 32 179.053 182.419
125    -9.576   -19.366  2.708  24 1 6 1 2 4 8 16 32 284.471 287.849
126     5.627   -88.501  2.835  10 1 6 1 2 4 8 16 32 717.937 721.120
127    -2.618    22.131  2.678  18 1 6 1 2 4 8 16 32 302.514 305.686
128    40.497    32.343  2.678  10 1 6 1 2 4 8 16 32 288.548 291.751
129    -3.296    36.774  2.674  15 1 6 1 2 4 8 16 32 597.696 601.050
130   -50.995    19.781  2.812  12 1 6 1 2 4 8 16 32 132.599 135.973
131   -70.520    -3.809  2.926  22 1 6 1 2 4 8 16 32 163.687 167.071
132     4.205     0.812  2.719  11 1 6 1 2 4 8 16 32 219.507 222.921
133     9.955    26.337  2.988  14 1 6 1 2 4 8 16 32 585.004 588.295
134    13.538   -21.313  2.787   9 1 6 1 2 4 8 16 32 229.486 232.733
135   -21.869   -18.768  2.795   6 1 6 1 2 4 8 16 32 307.810 311.023
136   -37.158   -30.768  2.841  23 1 6 1 2 4 8 16 32 321.054 324.515
137   -86.975    10.345  2.682   8 1 6 1 2 4 8 16 32 278.977 282.324
138   -47.272   -46.326  2.854  22 1 6 1 2 4 8 16 32 328.372 331.741
139     4.095   -19.354  2.983   7 1 6 1 2 4 8 16 32 677.629 680.803
140     4.205    30.292  3.105  15 1 6 1 2 4 8 16 32 243.139 246.311
141   -42.017    53.986  2.724  22 1 6 1 2 4 8 16 32 680.606 683.869
142    35.095   -10.895  2.692   7 1 6 1 2 4 8 16 32 599.789 603.043
143    61.188   -59.875  2.893  14 1 6 1 2 4 8 16 32 485.765 489.147
144   -34.674    -1.337  2.818  21 1 6 1 2 4 8 16 32 216.669 220.018
145    -3.799    44.290 0.000   0 0 0 0.000 879.825
146    14.233    21.173 0.000   0 0 0 0.000 879.825
147   -23.334   -28.397 0.000   0 0 0 0.000 879.825
148    10.065     1.822 0.000   0 0 0 0.000 879.825
149   -49.115   -43.549 0.000   0 0 0 0.000 879.825
150   -21.054     4.144 0.000   0 0 0 0.000 879.825
