6 3 216 6
0 180
0 180
0 180
0 180
0 180
0 180
  1   -41.235   -66.357  3.066   3 1 6 1 2 4 8 16 32 663.878 667.595
  2    34.064   -59.357  2.967  16 1 6 1 2 4 8 16 32 733.886 737.698
  3    20.917   -52.582  3.451   8 1 6 1 2 4 8 16 32 284.907 288.645
  4   -38.538   -37.396  3.007  15 1 6 1 2 4 8 16 32 504.644 508.411
  5    41.058    22.931  3.409  12 1 6 1 2 4 8 16 32 675.287 678.959
  6   -54.034   -53.131  3.343  13 1 6 1 2 4 8 16 32 802.832 806.548
  7     8.099    80.725  3.413   8 1 6 1 2 4 8 16 32 689.675 693.269
  8    81.299    13.409  3.455  24 1 6 1 2 4 8 16 32 751.851 755.386
  9    14.459    -2.972  3.253  14 1 6 1 2 4 8 16 32 616.528 620.354
 10   -52.539    60.107  3.127  17 1 6 1 2 4 8 16 32 779.300 783.025
 11   -57.202   -34.229  3.007   8 1 6 1 2 4 8 16 32 183.015 186.779
 12   -65.552   -40.222  3.320  11 1 6 1 2 4 8 16 32 229.783 233.350
 13   -19.751   -10.278  3.232   8 1 6 1 2 4 8 16 32 144.049 147.744
 14   -26.965   -87.012  3.089  17 1 6 1 2 4 8 16 32 481.697 485.164
 15     3.192   -88.654  3.381  19 1 6 1 2 4 8 16 32 415.620 419.342
 16    34.521    32.837  3.410  13 1 6 1 2 4 8 16 32 464.632 468.309
 17    80.035     5.273  3.190   2 1 6 1 2 4 8 16 32 773.251 776.903
 18   -39.838   -67.731  3.442   8 1 6 1 2 4 8 16 32 346.177 349.736
 19    14.600    11.365  3.209  21 1 6 1 2 4 8 16 32 538.720 542.431
 20   -20.990   -80.511  3.111  13 1 6 1 2 4 8 16 32 121.598 125.307
 21    48.242    47.284  3.087  17 1 6 1 2 4 8 16 32 399.715 403.468
 22    59.338   -31.860  3.119   4 1 6 1 2 4 8 16 32 750.927 754.707
 23   -13.995   -45.624  3.331  22 1 6 1 2 4 8 16 32 192.817 196.413
 24    32.397   -32.532  3.412  24 1 6 1 2 4 8 16 32 298.388 301.936
 25     2.826    50.824  2.888  11 1 6 1 2 4 8 16 32 504.108 507.829
 26   -66.077   -34.686  3.188   6 1 6 1 2 4 8 16 32 438.554 442.019
 27   -13.660    18.640  2.983  19 1 6 1 2 4 8 16 32 774.887 778.615
 28   -59.344    12.769  3.442  11 1 6 1 2 4 8 16 32 648.886 652.394
 29    -5.133   -18.463  2.891  23 1 6 1 2 4 8 16 32 658.863 662.464
 30   -22.961   -21.729  2.965   4 1 6 1 2 4 8 16 32 346.711 350.336
 31    58.130    46.606  3.275   5 1 6 1 2 4 8 16 32 546.272 550.020
 32   -49.603   -76.624  3.302  16 1 6 1 2 4 8 16 32 165.273 168.751
 33    -4.803    43.036  3.188   2 1 6 1 2 4 8 16 32 464.610 468.320
 34    68.616   -19.623  2.962  13 1 6 1 2 4 8 16 32 296.125 299.874
 35    37.915    63.599  3.286  11 1 6 1 2 4 8 16 32 589.755 593.441
 36     1.251   -26.550  3.087   9 1 6 1 2 4 8 16 32 479.979 483.482
 37   -37.952     1.685  2.988  18 1 6 1 2 4 8 16 32 850.076 853.773
 38   -40.503     8.038  3.450   7 1 6 1 2 4 8 16 32 176.587 180.122
 39    -8.392   -38.678  3.259  24 1 6 1 2 4 8 16 32 617.503 621.042
 40   -36.725    25.494  3.333   5 1 6 1 2 4 8 16 32 333.195 336.771
 41   -47.754   -50.073  3.269   2 1 6 1 2 4 8 16 32 383.106 386.646
 42    22.595   -28.357  3.421   5 1 6 1 2 4 8 16 32 369.721 373.375
 43   -36.365   -48.163  3.388   5 1 6 1 2 4 8 16 32 511.820 515.399
 44    75.452   -13.422  3.029   3 1 6 1 2 4 8 16 32 193.075 196.572
 45   -64.520   -13.232  3.289  13 1 6 1 2 4 8 16 32 653.815 657.565
 46     1.257    29.156  3.188   2 1 6 1 2 4 8 16 32 591.138 594.666
 47    -1.569   -35.974  3.272  10 1 6 1 2 4 8 16 32 631.810 635.328
 48    46.747     6.696  3.355  12 1 6 1 2 4 8 16 32 309.518 313.303
 49    82.080    27.057  3.216  24 1 6 1 2 4 8 16 32 722.780 726.614
 50    74.695    19.366  2.981  21 1 6 1 2 4 8 16 32 661.327 665.059
 51    47.015     9.338  3.092  18 1 6 1 2 4 8 16 32 427.868 431.633
 52   -62.036   -21.326  3.107   5 1 6 1 2 4 8 16 32 166.247 169.738
 53     9.192    20.038  3.131  15 1 6 1 2 4 8 16 32 575.711 579.532
 54    -3.094    21.582  3.408  11 1 6 1 2 4 8 16 32 475.947 479.531
 55   -75.446    13.086  2.983   7 1 6 1 2 4 8 16 32 379.697 383.178
 56    10.034   -63.739  3.160   3 1 6 1 2 4 8 16 32 355.402 358.919
 57    71.814    26.501  3.399  17 1 6 1 2 4 8 16 32 302.550 306.308
 58    18.842   -38.019  3.229  14 1 6 1 2 4 8 16 32 549.691 553.265
 59   -10.541   -31.305  3.038  14 1 6 1 2 4 8 16 32 810.089 813.652
 60     8.252   -91.150  3.444   7 1 6 1 2 4 8 16 32 380.806 384.546
 61    72.821   -38.916  3.423  12 1 6 1 2 4 8 16 32 735.498 739.193
 62   -30.157    38.776  3.400   5 1 6 1 2 4 8 16 32 281.801 285.424
 63   -56.256    -5.548  3.429  11 1 6 1 2 4 8 16 32 323.081 326.731
 64    -8.398   -37.604  3.123  17 1 6 1 2 4 8 16 32 817.421 820.960
 65    15.021    13.708  3.192   3 1 6 1 2 4 8 16 32 267.390 270.946
 66   -60.199    24.292  3.419   7 1 6 1 2 4 8 16 32 661.682 665.502
 67   -13.794   -27.106  3.221  13 1 6 1 2 4 8 16 32 406.027 409.718
 68   -34.796   -22.205  3.105  20 1 6 1 2 4 8 16 32 668.179 671.795
 69    69.641    83.057  3.362  13 1 6 1 2 4 8 16 32 439.827 443.656
 70   -44.440    30.090  2.997   4 1 6 1 2 4 8 16 32 838.049 841.748
 71    48.633     3.021  3.280   3 1 6 1 2 4 8 16 32 430.988 434.827
 72   -15.314    51.709  3.215  24 1 6 1 2 4 8 16 32 420.551 424.206
 73    36.261    26.782  3.400  23 1 6 1 2 4 8 16 32 274.652 278.483
 74    59.961    24.310  3.139  21 1 6 1 2 4 8 16 32 496.913 500.497
 75    55.304     6.628  3.127  23 1 6 1 2 4 8 16 32 595.423 598.986
 76    39.960    48.297  3.276  10 1 6 1 2 4 8 16 32 614.120 617.627
 77   -48.895   -71.100  2.906  21 1 6 1 2 4 8 16 32 488.046 491.868
 78    -2.338   -62.909  2.927  24 1 6 1 2 4 8 16 32 439.172 442.716
 79     9.491   -41.901  3.191   9 1 6 1 2 4 8 16 32 304.600 308.271
 80   -54.675   -18.439  3.002  22 1 6 1 2 4 8 16 32 330.555 334.298
 81    10.980    -7.605  2.919   3 1 6 1 2 4 8 16 32 817.676 821.400
 82   -69.824   -50.354  3.397   6 1 6 1 2 4 8 16 32 612.239 615.773
 83   -40.308    -7.452  3.407  11 1 6 1 2 4 8 16 32 244.452 247.959
 84    62.244    43.628  2.897  10 1 6 1 2 4 8 16 32 534.733 538.560
 85    29.077    63.116  3.104  15 1 6 1 2 4 8 16 32 303.887 307.554
 86   -12.067   -21.509  3.456   9 1 6 1 2 4 8 16 32 517.932 521.697
 87    14.728    28.906  3.164  20 1 6 1 2 4 8 16 32 814.503 818.061
 88   -63.086   -60.114  2.993  19 1 6 1 2 4 8 16 32 218.245 221.855
 89    33.655    -0.928  3.086  19 1 6 1 2 4 8 16 32 845.617 849.295
 90   -12.225    14.148  3.019  19 1 6 1 2 4 8 16 32 734.770 738.290
 91   -89.966    51.514  3.354  20 1 6 1 2 4 8 16 32 148.450 152.271
 92    -0.763    41.339  3.102   1 1 6 1 2 4 8 16 32 575.924 579.553
 93    80.695    32.983  2.976  15 1 6 1 2 4 8 16 32 228.009 231.500
 94   -53.394   -14.240  3.374  18 1 6 1 2 4 8 16 32 173.225 176.750
 95   -53.284   -64.136  3.423   2 1 6 1 2 4 8 16 32 770.526 774.302
 96    73.260    10.669  2.998  25 1 6 1 2 4 8 16 32 584.413 588.224
 97    59.613    13.452  2.993  20 1 6 1 2 4 8 16 32 248.881 252.593
 98   -37.012     6.476  3.339  18 1 6 1 2 4 8 16 32 727.170 730.675
 99   -53.656    21.692  3.420   8 1 6 1 2 4 8 16 32 226.829 230.501
100   -36.890    18.372  3.273   3 1 6 1 2 4 8 16 32 400.119 403.604
101    -4.608   -13.806  3.229   2 1 6 1 2 4 8 16 32 247.465 251.188
102    53.802    36.993  3.283  15 1 6 1 2 4 8 16 32 320.372 323.980
103    48.468   -66.040  3.343  21 1 6 1 2 4 8 16 32 319.256 322.981
104   -46.393   -20.929  3.295   6 1 6 1 2 4 8 16 32 428.443 432.119
105   -15.045   -40.845  3.127  24 1 6 1 2 4 8 16 32 790.213 793.922
106   -73.621    -9.552  3.107  19 1 6 1 2 4 8 16 32 731.761 735.528
107    92.847    45.587  3.356  23 1 6 1 2 4 8 16 32 385.559 389.240
108    33.557    28.064  3.212  16 1 6 1 2 4 8 16 32 121.601 125.382
109    47.321    24.414  2.890  16 1 6 1 2 4 8 16 32 694.432 698.040
110    -6.610   -30.157  3.427   9 1 6 1 2 4 8 16 32 366.159 369.975
111    12.103    23.840  3.218   1 1 6 1 2 4 8 16 32 280.439 283.952
112   -61.963    26.239  2.922  10 1 6 1 2 4 8 16 32 137.998 141.783
113    23.877     9.808  3.261  14 1 6 1 2 4 8 16 32 296.304 300.129
114    49.780     6.866  3.383  11 1 6 1 2 4 8 16 32 301.204 304.689
115   -53.021   -21.484  2.957   4 1 6 1 2 4 8 16 32 476.501 480.341
116    54.962     2.985  2.912  23 1 6 1 2 4 8 16 32 806.782 810.253
117     4.865   -69.586  3.317  23 1 6 1 2 4 8 16 32 441.189 445.001
118    33.948    45.209  3.047  22 1 6 1 2 4 8 16 32 637.742 641.321
119   -32.166   -23.621  2.900  11 1 6 1 2 4 8 16 32 826.720 830.518
120   -17.548   -46.765  3.279  14 1 6 1 2 4 8 16 32 649.019 652.656
121    31.744    33.972  3.267  12 1 6 1 2 4 8 16 32 563.269 567.100
122    45.374    22.131  3.040  13 1 6 1 2 4 8 16 32 435.182 438.747
123    -5.219   -23.114  3.168  11 1 6 1 2 4 8 16 32 153.172 156.846
124   -51.056   -46.545  3.434   9 1 6 1 2 4 8 16 32 692.682 696.245
125    11.774    11.133  2.981   6 1 6 1 2 4 8 16 32 358.902 362.582
126   -39.758   -13.019  3.302  25 1 6 1 2 4 8 16 32 136.150 139.985
127    27.930    29.321  2.886  21 1 6 1 2 4 8 16 32 585.901 589.626
128    33.740    66.595  3.027  13 1 6 1 2 4 8 16 32 642.253 646.015
129   -91.815    29.858  2.967  23 1 6 1 2 4 8 16 32 324.639 328.427
130   -24.628   -68.701  2.890   8 1 6 1 2 4 8 16 32 264.341 267.856
131    44.659    20.465  3.456   7 1 6 1 2 4 8 16 32 109.309 113.146
132    45.447   -21.069  3.065   8 1 6 1 2 4 8 16 32 353.442 357.152
133   -37.366   -12.097  3.192   9 1 6 1 2 4 8 16 32 206.432 210.061
134    41.998     0.153  2.977   2 1 6 1 2 4 8 16 32 147.979 151.793
135   -42.822   -30.170  2.984  24 1 6 1 2 4 8 16 32 717.084 720.750
136    34.906    -4.578  3.418   7 1 6 1 2 4 8 16 32 586.434 590.056
137   -65.137   -43.079  2.996  23 1 6 1 2 4 8 16 32 744.023 747.693
138    20.270    -4.999  3.021  21 1 6 1 2 4 8 16 32 589.666 593.258
139   -36.731    -8.929  3.188  12 1 6 1 2 4 8 16 32 301.099 304.938
140   -26.984   -19.568  3.263  23 1 6 1 2 4 8 16 32 575.341 579.013
141   -31.299   -83.813  3.014  18 1 6 1 2 4 8 16 32 600.173 604.001
142   -26.794    12.506  2.924   5 1 6 1 2 4 8 16 32 802.774 806.415
143   -39.362   -58.521  2.890  15 1 6 1 2 4 8 16 32 486.587 490.267
144   -34.369     0.610  3.248  11 1 6 1 2 4 8 16 32 412.965 416.586
145    43.372     4.187  3.189   8 1 6 1 2 4 8 16 32 245.128 248.661
146   -38.226    -9.448  3.182   2 1 6 1 2 4 8 16 32 549.117 552.761
147   -25.610   -99.237  3.401   6 1 6 1 2 4 8 16 32 164.735 168.531
148    48.059    29.517  3.422  23 1 6 1 2 4 8 16 32 120.355 123.905
149   -43.628   -32.318  3.412   9 1 6 1 2 4 8 16 32 740.587 744.178
150   -16.602   -29.327  3.022   1 1 6 1 2 4 8 16 32 346.483 350.262
151   -29.810   -12.408  3.196  12 1 6 1 2 4 8 16 32 315.132 318.961
152   -51.910   -28.711  3.207  17 1 6 1 2 4 8 16 32 713.616 717.229
153    -1.801   -18.671  2.924   2 1 6 1 2 4 8 16 32 552.905 556.540
154    18.738    21.399  3.095   5 1 6 1 2 4 8 16 32 527.711 531.379
155    60.120     7.788  3.079   1 1 6 1 2 4 8 16 32 577.058 580.698
156    43.079    42.017  3.341  20 1 6 1 2 4 8 16 32 169.776 173.445
157   -39.435    -5.902  2.955  19 1 6 1 2 4 8 16 32 599.445 602.918
158   -35.889   -16.034  3.216  13 1 6 1 2 4 8 16 32 557.697 561.250
159   -41.827    38.995  3.368  10 1 6 1 2 4 8 16 32 413.737 417.297
160    84.497    29.822  2.935   9 1 6 1 2 4 8 16 32 596.042 599.837
161   -17.560   -10.480  3.369  14 1 6 1 2 4 8 16 32 434.809 438.409
162   -48.383   -48.920  3.292   4 1 6 1 2 4 8 16 32 505.094 508.590
163   -49.335   -17.969  2.930  20 1 6 1 2 4 8 16 32 349.137 352.845
164    16.095    -2.490  3.412  17 1 6 1 2 4 8 16 32 873.629 877.194
165    65.527    14.026  2.988  19 1 6 1 2 4 8 16 32 797.335 801.172
166    -2.930    13.220  3.344  19 1 6 1 2 4 8 16 32 198.106 201.727
167   -18.768   -23.663  3.329  16 1 6 1 2 4 8 16 32 689.574 693.174
168   -91.095   -80.737  3.069   4 1 6 1 2 4 8 16 32 761.899 765.662
169   -21.088   -13.293  3.297   1 1 6 1 2 4 8 16 32 97.561 101.227
170    46.985    17.224  2.888  21 1 6 1 2 4 8 16 32 729.765 733.344
171   -61.957   -33.038  3.141   9 1 6 1 2 4 8 16 32 548.398 552.012
172    -9.003   -25.452  3.010   2 1 6 1 2 4 8 16 32 188.386 192.090
173    33.661    -7.666  2.883  24 1 6 1 2 4 8 16 32 360.414 363.896
174   -25.592   -10.840  2.978   1 1 6 1 2 4 8 16 32 763.993 767.610
175    36.560    -2.441  3.166  21 1 6 1 2 4 8 16 32 449.308 452.903
176     7.141    24.817  3.113  13 1 6 1 2 4 8 16 32 663.726 667.224
177   -43.170   -30.487  3.075  15 1 6 1 2 4 8 16 32 382.960 386.466
178   -21.228     0.751  2.956   4 1 6 1 2 4 8 16 32 266.859 270.463
179    19.696    10.767  2.964  10 1 6 1 2 4 8 16 32 461.914 465.650
180    -6.494   -29.425  3.387  19 1 6 1 2 4 8 16 32 368.835 372.319
181    54.388     8.630  3.112   1 1 6 1 2 4 8 16 32 822.173 825.757
182    64.203    77.612  3.261  25 1 6 1 2 4 8 16 32 174.285 177.911
183    40.381     1.611  3.361   3 1 6 1 2 4 8 16 32 179.283 182.764
184   -41.711    -5.133  3.169  21 1 6 1 2 4 8 16 32 337.412 341.110
185    74.274   -19.922  3.154   7 1 6 1 2 4 8 16 32 232.480 236.080
186   -73.999   -54.626  3.151  18 1 6 1 2 4 8 16 32 409.157 412.929
187    29.706    15.454  3.338   3 1 6 1 2 4 8 16 32 252.470 256.096
188    23.785    12.177  3.356   1 1 6 1 2 4 8 16 32 596.771 600.284
189    42.578    45.325  3.240   2 1 6 1 2 4 8 16 32 829.833 833.465
190   -16.730   -16.559  3.414   8 1 6 1 2 4 8 16 32 659.079 662.714
191   -14.697    -0.116  3.246  10 1 6 1 2 4 8 16 32 759.124 762.900
192   -19.769     8.392  3.314  19 1 6 1 2 4 8 16 32 221.493 225.045
193   -30.267    14.893  3.090  17 1 6 1 2 4 8 16 32 256.052 259.728
194   -63.116   -67.462  2.908  19 1 6 1 2 4 8 16 32 486.289 489.860
195    86.029    38.916  3.141  24 1 6 1 2 4 8 16 32 292.712 296.393
196    79.480   -24.866  3.272  24 1 6 1 2 4 8 16 32 202.615 206.236
197    35.144    14.734  3.306   6 1 6 1 2 4 8 16 32 421.253 425.018
198   -49.365    -9.052  3.146   2 1 6 1 2 4 8 16 32 475.074 478.841
199   -49.475   -17.578  3.330   7 1 6 1 2 4 8 16 32 826.572 830.190
200    57.501    16.327  2.934  10 1 6 1 2 4 8 16 32 199.485 203.033
201    54.889    12.024  3.038  13 1 6 1 2 4 8 16 32 749.715 753.461
202   -53.027   -33.179  2.894  20 1 6 1 2 4 8 16 32 133.743 137.468
203    -0.415    16.644  3.173   1 1 6 1 2 4 8 16 32 264.098 267.691
204    21.594    16.144  3.205  17 1 6 1 2 4 8 16 32 430.643 434.198
205   -46.924   -49.261  3.216  17 1 6 1 2 4 8 16 32 415.658 419.472
206    18.457    19.733  3.389  16 1 6 1 2 4 8 16 32 568.129 571.780
207    35.822    19.763  3.305   9 1 6 1 2 4 8 16 32 850.365 853.880
208    71.869    29.034  3.054  25 1 6 1 2 4 8 16 32 500.137 503.878
209   -56.378   -42.755  3.420   1 1 6 1 2 4 8 16 32 729.368 733.015
210   -25.800    25.159  3.413  23 1 6 1 2 4 8 16 32 460.693 464.264
211    -5.676    33.850  2.907  10 1 6 1 2 4 8 16 32 550.119 553.760
212    54.041    -5.292  3.361  15 1 6 1 2 4 8 16 32 537.289 540.965
213   -63.074    27.380  2.969  25 1 6 1 2 4 8 16 32 124.738 128.499
214   -16.864   -49.768  3.338  25 1 6 1 2 4 8 16 32 536.480 540.272
215    47.919    13.629  3.451  16 1 6 1 2 4 8 16 32 631.092 634.557
216   -10.724    -2.075  3.362   1 1 6 1 2 4 8 16 32 139.539 143.147
217   -15.067   -23.950 0.000   0 0 0 0.000 960.420
218    38.791    22.443 0.000   0 0 0 0.000 960.420
219   -41.833   -35.361 0.000   0 0 0 0.000 960.420
220   -29.523    -4.843 0.000   0 0 0 0.000 960.420
221    49.725    11.990 0.000   0 0 0 0.000 960.420
222    21.133    14.142 0.000   0 0 0 0.000 960.420
