6 4 288 6
0 170
0 170
0 170
0 170
0 170
0 170
  1    12.805     1.886  3.223  10 1 6 1 2 4 8 16 32 391.297 395.051
  2    18.213     1.373  3.212  21 1 6 1 2 4 8 16 32 846.629 850.407
  3    57.947   -48.779  2.974   8 1 6 1 2 4 8 16 32 564.660 568.302
  4   -52.429   -84.088  3.396  23 1 6 1 2 4 8 16 32 242.331 246.134
  5    60.797   -32.593  3.031  10 1 6 1 2 4 8 16 32 376.834 380.644
  6    23.151     4.205  3.461   9 1 6 1 2 4 8 16 32 587.619 591.357
  7    25.385    22.986  3.344  21 1 6 1 2 4 8 16 32 877.803 881.466
  8    25.513   -52.985  3.309  16 1 6 1 2 4 8 16 32 442.752 446.492
  9   -49.261   -41.718  3.113  21 1 6 1 2 4 8 16 32 747.504 751.248
 10   -37.561   -41.730  3.301   3 1 6 1 2 4 8 16 32 888.852 892.500
 11   -14.520    48.962  3.548  24 1 6 1 2 4 8 16 32 191.657 195.359
 12    41.229   -24.500  3.478   2 1 6 1 2 4 8 16 32 92.556 96.292
 13   -21.863     0.916  2.988   4 1 6 1 2 4 8 16 32 571.125 574.706
 14   -48.181   -16.284  3.319  18 1 6 1 2 4 8 16 32 821.321 825.018
 15    -7.776    44.348  3.023   5 1 6 1 2 4 8 16 32 216.701 220.594
 16    20.801    10.760  3.427  13 1 6 1 2 4 8 16 32 205.696 209.440
 17   -29.712   -46.326  2.995  13 1 6 1 2 4 8 16 32 718.204 722.093
 18   -20.203   -59.564  3.299  14 1 6 1 2 4 8 16 32 285.315 288.945
 19   -87.079   -52.899  2.982  10 1 6 1 2 4 8 16 32 431.945 435.706
 20     3.046    -6.305  3.286   3 1 6 1 2 4 8 16 32 175.999 179.658
 21    11.865     5.261  3.298   1 1 6 1 2 4 8 16 32 230.258 233.916
 22   -24.072   -55.927  3.073  11 1 6 1 2 4 8 16 32 520.363 523.976
 23   -22.803     5.658  3.447  16 1 6 1 2 4 8 16 32 617.755 621.539
 24   -51.904     9.412  3.123   6 1 6 1 2 4 8 16 32 513.168 516.764
 25    12.732   -40.967  3.163  18 1 6 1 2 4 8 16 32 522.963 526.779
 26   -30.988     7.654  3.530  11 1 6 1 2 4 8 16 32 252.325 256.256
 27    37.512     0.458  3.140  15 1 6 1 2 4 8 16 32 303.326 306.970
 28     2.954    -8.563  3.069  17 1 6 1 2 4 8 16 32 370.496 374.161
 29     0.549     3.644  3.022  17 1 6 1 2 4 8 16 32 654.991 658.735
 30   -52.484     9.711  3.535   1 1 6 1 2 4 8 16 32 853.154 856.950
 31    33.936   -48.718  3.108   1 1 6 1 2 4 8 16 32 239.555 243.158
 32   -13.129   -53.601  3.450  18 1 6 1 2 4 8 16 32 876.089 879.867
 33   -99.591    23.303  3.024   3 1 6 1 2 4 8 16 32 702.007 705.646
 34     6.439    -3.516  3.250  21 1 6 1 2 4 8 16 32 619.479 623.353
 35   -14.032   -19.818  3.248  22 1 6 1 2 4 8 16 32 928.925 932.589
 36   -24.677    16.608  3.242  14 1 6 1 2 4 8 16 32 640.295 643.941
 37   -10.260   -81.769  3.182   4 1 6 1 2 4 8 16 32 506.401 510.163
 38    35.858     5.597  3.343  17 1 6 1 2 4 8 16 32 676.091 679.998
 39   -11.603    42.908  3.238  16 1 6 1 2 4 8 16 32 222.979 226.682
 40   -34.662   -15.466  3.352   8 1 6 1 2 4 8 16 32 483.381 487.208
 41    66.852     1.135  3.455  14 1 6 1 2 4 8 16 32 549.121 553.065
 42     6.866    -1.416  3.026  23 1 6 1 2 4 8 16 32 805.877 809.704
 43     1.660    -2.234  3.533   1 1 6 1 2 4 8 16 32 423.465 427.114
 44    37.561    11.450  3.301  21 1 6 1 2 4 8 16 32 855.153 858.817
 45    51.672   -26.343  3.114  10 1 6 1 2 4 8 16 32 655.411 659.260
 46    19.025   -10.889  3.108  19 1 6 1 2 4 8 16 32 609.730 613.514
 47   -37.982    -6.360  3.196   6 1 6 1 2 4 8 16 32 265.533 269.319
 48   -56.537   -42.334  3.305   4 1 6 1 2 4 8 16 32 846.501 850.162
 49     1.099   -14.624  3.125  18 1 6 1 2 4 8 16 32 562.974 566.643
 50   -56.238    -3.076  3.307  23 1 6 1 2 4 8 16 32 296.364 300.090
 51   -23.669   -15.289  3.345  25 1 6 1 2 4 8 16 32 554.358 558.019
 52   -34.277    -1.410  3.350  17 1 6 1 2 4 8 16 32 673.904 677.680
 53   -64.178    63.812  3.186  11 1 6 1 2 4 8 16 32 770.459 774.266
 54   -47.083   -20.386  3.512  20 1 6 1 2 4 8 16 32 700.171 703.808
 55   -33.710     8.380  3.191   9 1 6 1 2 4 8 16 32 875.092 879.045
 56    34.290    26.031  3.182  23 1 6 1 2 4 8 16 32 641.317 644.959
 57   -38.861    42.114  3.239  14 1 6 1 2 4 8 16 32 160.732 164.577
 58   -92.731    44.885  3.035   7 1 6 1 2 4 8 16 32 264.065 267.923
 59    23.633    27.643  3.186  15 1 6 1 2 4 8 16 32 593.782 597.427
 60   -67.139   -67.078  3.543  22 1 6 1 2 4 8 16 32 527.224 531.139
 61    25.726   -25.836  3.151   4 1 6 1 2 4 8 16 32 886.477 890.335
 62   -40.985   -16.895  2.987  14 1 6 1 2 4 8 16 32 898.582 902.454
 63    77.008    -6.097  3.358  24 1 6 1 2 4 8 16 32 454.534 458.125
 64   -54.810    -1.935  3.013  13 1 6 1 2 4 8 16 32 669.845 673.777
 65   -53.943   -29.663  3.030   9 1 6 1 2 4 8 16 32 669.073 673.027
 66    16.089   -27.887  3.118   3 1 6 1 2 4 8 16 32 246.635 250.567
 67   -59.436    36.487  3.110  23 1 6 1 2 4 8 16 32 859.693 863.556
 68    34.473    25.391  3.042   2 1 6 1 2 4 8 16 32 665.490 669.123
 69    -9.283    -6.689  3.382  23 1 6 1 2 4 8 16 32 416.667 420.400
 70   -85.559   -20.477  3.168   8 1 6 1 2 4 8 16 32 756.805 760.631
 71    29.523    18.347  3.444  23 1 6 1 2 4 8 16 32 830.607 834.368
 72    27.814     6.512  3.369  13 1 6 1 2 4 8 16 32 332.704 336.582
 73    42.151   -25.580  3.324  25 1 6 1 2 4 8 16 32 95.629 99.401
 74    82.202    85.828  3.012  25 1 6 1 2 4 8 16 32 727.469 731.173
 75   -47.766   -35.590  3.202  20 1 6 1 2 4 8 16 32 291.561 295.306
 76    22.015   -20.349  3.220   9 1 6 1 2 4 8 16 32 909.885 913.600
 77   -55.756   -33.490  3.011  15 1 6 1 2 4 8 16 32 855.005 858.765
 78    62.006    -1.453  3.423   4 1 6 1 2 4 8 16 32 170.380 174.041
 79    25.549    -3.796  3.133   1 1 6 1 2 4 8 16 32 272.046 275.893
 80   -43.372    -7.379  3.057   7 1 6 1 2 4 8 16 32 787.433 791.208
 81    60.297    52.637  3.513  12 1 6 1 2 4 8 16 32 553.129 556.718
 82   -96.155    34.100  3.493   5 1 6 1 2 4 8 16 32 654.739 658.468
 83   -32.806    -3.845  3.443   8 1 6 1 2 4 8 16 32 668.666 672.535
 84   -47.827   -45.203  3.414   1 1 6 1 2 4 8 16 32 203.392 207.017
 85   -31.128   -93.848  3.204  24 1 6 1 2 4 8 16 32 752.309 755.895
 86   -17.010   -21.857  3.327  23 1 6 1 2 4 8 16 32 684.208 687.973
 87    -8.386    -2.264  2.989  12 1 6 1 2 4 8 16 32 840.098 844.038
 88    35.834    13.147  3.004   2 1 6 1 2 4 8 16 32 762.858 766.466
 89    29.315    54.468  3.498  22 1 6 1 2 4 8 16 32 158.441 162.155
 90    48.352    -8.783  3.446   3 1 6 1 2 4 8 16 32 367.971 371.926
 91    -2.930    27.039  3.025  12 1 6 1 2 4 8 16 32 469.971 473.702
 92   -16.620   -55.389  3.274  16 1 6 1 2 4 8 16 32 486.393 490.118
 93   -40.851   -47.742  3.091   8 1 6 1 2 4 8 16 32 404.630 408.545
 94   -12.878    -2.039  3.553  25 1 6 1 2 4 8 16 32 748.308 752.110
 95   -51.776     7.281  3.258   6 1 6 1 2 4 8 16 32 732.721 736.324
 96   -32.922    23.828  3.122  24 1 6 1 2 4 8 16 32 180.035 183.735
 97    13.983   -34.521  3.095  16 1 6 1 2 4 8 16 32 732.123 735.989
 98   -35.834   -23.834  3.492   7 1 6 1 2 4 8 16 32 252.263 255.849
 99    91.858     5.542  3.252   9 1 6 1 2 4 8 16 32 295.222 299.110
100   -28.442   -34.180  3.098  23 1 6 1 2 4 8 16 32 421.677 425.485
101    33.844    27.875  3.222  24 1 6 1 2 4 8 16 32 677.564 681.479
102    98.431    31.348  3.063  19 1 6 1 2 4 8 16 32 756.922 760.645
103   -57.751   -27.753  3.179   9 1 6 1 2 4 8 16 32 672.214 676.102
104   -43.890    13.007  3.153  10 1 6 1 2 4 8 16 32 551.205 555.129
105    37.585    49.768  3.401  23 1 6 1 2 4 8 16 32 358.399 362.236
106    -3.687     7.373  3.442   2 1 6 1 2 4 8 16 32 495.817 499.665
107   -98.242    61.658  3.348   5 1 6 1 2 4 8 16 32 670.889 674.630
108   -23.560   -32.520  3.366  25 1 6 1 2 4 8 16 32 551.211 554.795
109    22.980   -18.109  3.157  17 1 6 1 2 4 8 16 32 303.261 307.198
110    43.915    -2.985  3.428  23 1 6 1 2 4 8 16 32 691.424 695.346
111    71.509    11.652  3.129  23 1 6 1 2 4 8 16 32 215.691 219.260
112   -43.011   -38.702  3.060  13 1 6 1 2 4 8 16 32 804.536 808.489
113   -83.954     2.179  3.247   2 1 6 1 2 4 8 16 32 767.477 771.255
114    11.090   -40.942  3.345  24 1 6 1 2 4 8 16 32 106.643 110.574
115    27.173   -13.330  3.017  22 1 6 1 2 4 8 16 32 869.613 873.322
116   -86.102   -59.808  3.131  20 1 6 1 2 4 8 16 32 475.846 479.709
117   -22.345   -78.278  3.558  15 1 6 1 2 4 8 16 32 507.874 511.489
118   -38.727   -33.588  3.411  12 1 6 1 2 4 8 16 32 352.704 356.377
119    -1.227   -28.668  3.492  17 1 6 1 2 4 8 16 32 598.810 602.580
120    81.329   -44.244  3.434  21 1 6 1 2 4 8 16 32 394.764 398.392
121    51.904    19.891  3.526  10 1 6 1 2 4 8 16 32 333.175 336.760
122   -34.973   -27.856  3.351   4 1 6 1 2 4 8 16 32 305.293 309.031
123   -51.483   -23.248  3.210  21 1 6 1 2 4 8 16 32 815.227 819.097
124    -0.647   -46.057  3.134   3 1 6 1 2 4 8 16 32 397.073 400.686
125    68.219   -66.986  3.166  17 1 6 1 2 4 8 16 32 769.074 772.807
126   -15.149   -25.482  3.127  19 1 6 1 2 4 8 16 32 93.898 97.831
127    22.412   -34.375  3.002  10 1 6 1 2 4 8 16 32 685.454 689.333
128    36.176   -10.431  3.282  21 1 6 1 2 4 8 16 32 424.576 428.214
129   -23.639   -47.681  3.357  21 1 6 1 2 4 8 16 32 426.724 430.665
130   -14.722    32.684  3.438   6 1 6 1 2 4 8 16 32 396.734 400.317
131    16.821   -12.720  3.103   8 1 6 1 2 4 8 16 32 157.655 161.269
132    93.378    23.004  3.499   8 1 6 1 2 4 8 16 32 229.754 233.687
133    40.344   -24.176  3.401  13 1 6 1 2 4 8 16 32 804.471 808.128
134     5.530    -4.901  3.028   7 1 6 1 2 4 8 16 32 764.188 767.960
135   -78.015     1.270  3.123  11 1 6 1 2 4 8 16 32 722.102 725.736
136    51.569   -45.673  3.248  18 1 6 1 2 4 8 16 32 704.139 707.704
137    49.249   -30.896  3.120  10 1 6 1 2 4 8 16 32 559.481 563.392
138   -62.195   -21.399  3.020  25 1 6 1 2 4 8 16 32 261.492 265.121
139    -5.048     7.306  3.393   7 1 6 1 2 4 8 16 32 80.680 84.495
140     1.727   -70.221  3.438  17 1 6 1 2 4 8 16 32 405.840 409.730
141     1.361    -3.564  3.314  20 1 6 1 2 4 8 16 32 697.264 701.197
142   -15.521    16.425  3.468  18 1 6 1 2 4 8 16 32 546.332 550.251
143   -31.604   -60.938  3.381  21 1 6 1 2 4 8 16 32 447.185 450.938
144   -46.997   -55.560  3.058  14 1 6 1 2 4 8 16 32 555.553 559.391
145     2.301     5.536  3.468   2 1 6 1 2 4 8 16 32 626.833 630.462
146   -30.328    -0.580  3.222  18 1 6 1 2 4 8 16 32 483.308 486.979
147   -16.821    17.664  3.006  10 1 6 1 2 4 8 16 32 812.155 815.785
148    52.655    29.034  3.065   5 1 6 1 2 4 8 16 32 299.920 303.709
149   -11.993   -83.771  3.428  15 1 6 1 2 4 8 16 32 680.946 684.871
150    41.632    43.048  3.323  17 1 6 1 2 4 8 16 32 214.659 218.553
151     8.508    -2.539  3.012  12 1 6 1 2 4 8 16 32 633.645 637.240
152    31.512    -8.978  3.446  14 1 6 1 2 4 8 16 32 260.613 264.229
153    -3.339   -36.243  3.389   3 1 6 1 2 4 8 16 32 588.730 592.571
154   -26.379    13.776  3.443   7 1 6 1 2 4 8 16 32 505.446 509.202
155    28.430    10.571  3.001  21 1 6 1 2 4 8 16 32 149.238 153.041
156     5.975    27.289  3.383   7 1 6 1 2 4 8 16 32 494.825 498.526
157   -32.135   -45.068  3.040   5 1 6 1 2 4 8 16 32 347.391 350.968
158    31.097    -7.916  3.224  24 1 6 1 2 4 8 16 32 833.137 836.804
159    28.198   -29.755  3.205  13 1 6 1 2 4 8 16 32 701.822 705.482
160   -39.612   -33.594  2.990  18 1 6 1 2 4 8 16 32 395.212 399.010
161   -19.220    -5.133  3.204  19 1 6 1 2 4 8 16 32 712.814 716.517
162   -10.114    69.977  3.020  22 1 6 1 2 4 8 16 32 784.661 788.558
163    22.894   -44.348  3.451  13 1 6 1 2 4 8 16 32 126.248 129.901
164   -34.741     0.580  3.498  10 1 6 1 2 4 8 16 32 763.385 767.135
165   -44.952   -77.734  3.522   4 1 6 1 2 4 8 16 32 419.273 422.929
166   -23.749   -56.012  3.424  17 1 6 1 2 4 8 16 32 688.914 692.574
167    69.073   -97.125  3.201   2 1 6 1 2 4 8 16 32 339.113 343.006
168    12.170   -59.869  3.048  18 1 6 1 2 4 8 16 32 147.968 151.781
169    47.339    17.365  3.382   2 1 6 1 2 4 8 16 32 569.705 573.517
170    -4.706    14.056  3.047  18 1 6 1 2 4 8 16 32 387.935 391.817
171   -52.374   -50.244  3.075  13 1 6 1 2 4 8 16 32 619.776 623.545
172    39.215   -29.773  3.058  24 1 6 1 2 4 8 16 32 130.142 133.786
173   -42.316   -60.602  3.539  25 1 6 1 2 4 8 16 32 579.930 583.656
174    19.135    41.150  3.017   2 1 6 1 2 4 8 16 32 562.684 566.435
175   -54.706   -17.596  3.350   2 1 6 1 2 4 8 16 32 835.228 839.006
176    11.737   -83.173  3.477   7 1 6 1 2 4 8 16 32 581.851 585.618
177   -40.582   -53.247  3.489  23 1 6 1 2 4 8 16 32 172.264 176.021
178    -6.421    21.967  3.554  21 1 6 1 2 4 8 16 32 622.303 626.118
179   -31.268   -34.613  3.278  18 1 6 1 2 4 8 16 32 743.677 747.279
180    -3.668   -26.868  3.154  21 1 6 1 2 4 8 16 32 226.244 229.911
181    13.409   -22.302  3.280  23 1 6 1 2 4 8 16 32 516.351 520.015
182   -95.892   -86.322  3.201  16 1 6 1 2 4 8 16 32 817.629 821.263
183    88.983   -53.387  3.292  22 1 6 1 2 4 8 16 32 770.047 773.841
184   -55.048   -32.538  3.296  11 1 6 1 2 4 8 16 32 696.994 700.727
185    27.850   -10.028  3.245  22 1 6 1 2 4 8 16 32 852.498 856.127
186    40.918   -36.090  3.542  10 1 6 1 2 4 8 16 32 554.515 558.332
187   -58.350    15.814  3.270  15 1 6 1 2 4 8 16 32 812.386 816.303
188   -52.161   -74.725  3.512  23 1 6 1 2 4 8 16 32 348.833 352.590
189   -66.772   -34.943  3.151   7 1 6 1 2 4 8 16 32 444.973 448.547
190   -33.374   -62.024  3.054   1 1 6 1 2 4 8 16 32 856.487 860.072
191    -8.649    31.708  3.330  21 1 6 1 2 4 8 16 32 655.448 659.147
192   -26.166   -56.152  3.120  11 1 6 1 2 4 8 16 32 431.538 435.199
193   -39.874   -53.375  3.140   2 1 6 1 2 4 8 16 32 683.221 687.091
194    71.643   -36.981  3.470  24 1 6 1 2 4 8 16 32 428.537 432.314
195   -96.924     8.411  3.331  25 1 6 1 2 4 8 16 32 224.443 228.280
196    -2.911    36.200  3.417  17 1 6 1 2 4 8 16 32 226.414 230.300
197   -53.253    14.099  3.335  10 1 6 1 2 4 8 16 32 502.713 506.459
198    67.316   -39.734  3.335  18 1 6 1 2 4 8 16 32 678.223 682.023
199    -6.525    11.975  3.197   2 1 6 1 2 4 8 16 32 615.523 619.242
200    16.425    33.221  3.269  12 1 6 1 2 4 8 16 32 765.108 768.882
201   -19.061   -56.921  3.088   4 1 6 1 2 4 8 16 32 287.339 291.150
202    25.189   -21.045  3.057   1 1 6 1 2 4 8 16 32 757.273 761.226
203    37.854    -5.524  3.062   1 1 6 1 2 4 8 16 32 96.071 99.810
204   -16.479    48.657  3.548   6 1 6 1 2 4 8 16 32 672.383 676.242
205     2.344   -16.516  3.506  22 1 6 1 2 4 8 16 32 537.857 541.423
206   -48.621   -12.390  3.363  25 1 6 1 2 4 8 16 32 676.409 680.209
207   -42.621   -50.006  2.986  21 1 6 1 2 4 8 16 32 157.030 160.725
208    16.016    11.169  3.544  18 1 6 1 2 4 8 16 32 195.523 199.430
209   -80.408   -60.583  3.343  14 1 6 1 2 4 8 16 32 716.151 719.835
210   -95.068    44.293  3.210  21 1 6 1 2 4 8 16 32 196.529 200.367
211    -6.885    24.884  3.525   4 1 6 1 2 4 8 16 32 96.521 100.123
212    -4.803    21.674  3.315   1 1 6 1 2 4 8 16 32 459.379 463.192
213     7.037   -45.337  3.440  18 1 6 1 2 4 8 16 32 825.346 829.051
214    31.293   -39.905  3.345   4 1 6 1 2 4 8 16 32 670.354 674.101
215    14.984    26.172  3.495   4 1 6 1 2 4 8 16 32 491.814 495.636
216    33.203   -52.289  2.992   5 1 6 1 2 4 8 16 32 88.388 92.132
217   -59.277    39.667  3.358  15 1 6 1 2 4 8 16 32 748.744 752.548
218    30.054   -36.823  3.165   5 1 6 1 2 4 8 16 32 840.374 844.227
219     9.351   -39.044  3.339  22 1 6 1 2 4 8 16 32 404.800 408.460
220   -10.651    54.431  3.099  21 1 6 1 2 4 8 16 32 224.739 228.401
221    20.856   -26.465  3.539  17 1 6 1 2 4 8 16 32 813.508 817.277
222    19.617    17.865  3.322   8 1 6 1 2 4 8 16 32 806.554 810.212
223   -36.981   -92.950  3.313   4 1 6 1 2 4 8 16 32 709.609 713.260
224    -3.760    59.875  3.221   4 1 6 1 2 4 8 16 32 808.514 812.197
225    11.682   -63.336  3.247  16 1 6 1 2 4 8 16 32 138.747 142.603
226     4.468   -36.133  3.071   5 1 6 1 2 4 8 16 32 668.710 672.570
227    47.040   -41.254  3.192  15 1 6 1 2 4 8 16 32 859.227 862.848
228    29.938   -58.710  3.280  25 1 6 1 2 4 8 16 32 117.696 121.543
229   -70.569    -7.037  3.555  15 1 6 1 2 4 8 16 32 530.904 534.737
230    56.262     1.819  3.156   7 1 6 1 2 4 8 16 32 813.163 816.997
231    46.210   -53.522  3.483  19 1 6 1 2 4 8 16 32 414.726 418.396
232     6.366   -14.264  3.266  11 1 6 1 2 4 8 16 32 275.430 279.163
233   -34.540   -39.502  2.979  13 1 6 1 2 4 8 16 32 510.009 513.836
234   -50.537    28.357  3.196  24 1 6 1 2 4 8 16 32 783.216 786.961
235   -61.444   -10.901  2.997   4 1 6 1 2 4 8 16 32 214.413 218.332
236   -30.823    17.902  3.269  13 1 6 1 2 4 8 16 32 275.284 279.038
237    49.658    24.469  3.078   6 1 6 1 2 4 8 16 32 831.866 835.677
238   -69.775   -41.406  3.406   4 1 6 1 2 4 8 16 32 302.332 305.964
239   -18.939    57.690  3.208  12 1 6 1 2 4 8 16 32 666.624 670.583
240   -22.449    15.771  3.081   4 1 6 1 2 4 8 16 32 171.326 175.013
241    -7.599    37.030  3.345   4 1 6 1 2 4 8 16 32 220.648 224.465
242    27.435    17.554  3.211  25 1 6 1 2 4 8 16 32 810.902 814.724
243    45.526    -5.127  3.509  25 1 6 1 2 4 8 16 32 362.776 366.535
244   -33.551   -25.586  3.559  14 1 6 1 2 4 8 16 32 819.269 823.156
245    -4.645    53.754  3.119  25 1 6 1 2 4 8 16 32 594.154 597.720
246   -41.119   -13.361  3.201  13 1 6 1 2 4 8 16 32 671.483 675.124
247    23.010   -45.703  3.554  13 1 6 1 2 4 8 16 32 798.801 802.541
248    17.230     5.096  3.115  11 1 6 1 2 4 8 16 32 349.661 353.531
249    -6.818   -19.873  3.331  24 1 6 1 2 4 8 16 32 268.817 272.394
250    52.966    51.410  3.241   5 1 6 1 2 4 8 16 32 202.418 206.378
251   -28.662   -50.940  3.433  12 1 6 1 2 4 8 16 32 345.389 349.278
252    69.684   -51.520  3.094   4 1 6 1 2 4 8 16 32 858.993 862.731
253    36.884   -17.371  3.200   5 1 6 1 2 4 8 16 32 747.069 750.960
254   -19.659    42.035  3.109  24 1 6 1 2 4 8 16 32 270.485 274.228
255    72.125    65.405  3.498  17 1 6 1 2 4 8 16 32 249.771 253.492
256   -71.368    59.863  3.201   4 1 6 1 2 4 8 16 32 711.106 714.745
257    18.317   -37.750  3.345   1 1 6 1 2 4 8 16 32 407.550 411.480
258    18.121     0.482  3.276  19 1 6 1 2 4 8 16 32 223.398 226.979
259    -1.105   -30.676  3.293   7 1 6 1 2 4 8 16 32 768.903 772.673
260   -44.574   -44.055  3.342  24 1 6 1 2 4 8 16 32 605.992 609.580
261   -28.058   -59.436  3.449  10 1 6 1 2 4 8 16 32 383.113 386.827
262    -7.953     4.639  3.159  13 1 6 1 2 4 8 16 32 66.500 70.224
263   -37.366   -28.528  3.067  24 1 6 1 2 4 8 16 32 529.701 533.380
264     4.388   -38.489  3.186   3 1 6 1 2 4 8 16 32 661.993 665.733
265   -44.592   -35.333  3.275  14 1 6 1 2 4 8 16 32 209.343 213.144
266   -56.714   -39.252  3.287   2 1 6 1 2 4 8 16 32 817.244 820.982
267    13.452   -32.159  3.537  24 1 6 1 2 4 8 16 32 658.365 662.045
268   -20.343   -11.182  2.983  11 1 6 1 2 4 8 16 32 431.701 435.389
269     3.436   -52.734  3.394   5 1 6 1 2 4 8 16 32 688.800 692.570
270    40.576   -54.492  3.189  14 1 6 1 2 4 8 16 32 470.242 474.194
271    31.952   -25.421  3.015  21 1 6 1 2 4 8 16 32 105.811 109.646
272   -57.434    38.525  3.285  14 1 6 1 2 4 8 16 32 362.756 366.473
273    47.510   -42.035  3.543  15 1 6 1 2 4 8 16 32 141.714 145.365
274   -28.143   -41.614  3.272   3 1 6 1 2 4 8 16 32 329.453 333.172
275    -2.258    -5.078  3.239  15 1 6 1 2 4 8 16 32 182.750 186.338
276   -27.167   -27.936  3.267  15 1 6 1 2 4 8 16 32 917.004 920.929
277   -24.048   -47.192  3.176  21 1 6 1 2 4 8 16 32 133.589 137.543
278   -77.521   -55.084  3.259  17 1 6 1 2 4 8 16 32 643.449 647.332
279   -62.036   -43.439  3.497  18 1 6 1 2 4 8 16 32 524.741 528.620
280   -71.936   -20.160  3.467  15 1 6 1 2 4 8 16 32 692.686 696.537
281   -66.504   -39.789  3.008  19 1 6 1 2 4 8 16 32 752.012 755.855
282    14.587    48.444  3.001   9 1 6 1 2 4 8 16 32 786.720 790.556
283    31.366   -29.462  3.560  10 1 6 1 2 4 8 16 32 648.574 652.397
284     6.512   -46.124  3.523  13 1 6 1 2 4 8 16 32 682.892 686.848
285     9.650    39.508  3.323  25 1 6 1 2 4 8 16 32 806.099 809.963
286    16.040    16.681  3.550   1 1 6 1 2 4 8 16 32 626.094 629.936
287     7.745   -75.378  3.281  11 1 6 1 2 4 8 16 32 426.770 430.612
288   -27.173    -4.462  3.160  25 1 6 1 2 4 8 16 32 488.395 492.124
289   -40.198   -12.781 0.000   0 0 0 0.000 990.110
290   -40.488   -35.864 0.000   0 0 0 0.000 990.110
291    -1.193     2.515 0.000   0 0 0 0.000 990.110
292    18.329   -35.468 0.000   0 0 0 0.000 990.110
293    23.746    -0.522 0.000   0 0 0 0.000 990.110
294   -46.396   -39.923 0.000   0 0 0 0.000 990.110
