6 1 48 4
500 200
500 200
500 200
500 200
  1   -29.730    64.136  3.260  12 1 4 1 2 4 8 656.740 660.487
  2   -30.664     5.463  3.173   8 1 4 1 2 4 8 214.967 218.640
  3    51.642     5.469  2.953  16 1 4 1 2 4 8 591.600 595.073
  4   -13.171    69.336  3.298   5 1 4 1 2 4 8 135.623 139.145
  5   -67.413    68.323  2.892  12 1 4 1 2 4 8 794.028 797.789
  6    48.907     6.274  3.326   5 1 4 1 2 4 8 680.770 684.525
  7     5.243    22.260  3.284  13 1 4 1 2 4 8 485.462 489.277
  8   -65.002    77.234  2.923  20 1 4 1 2 4 8 799.566 803.353
  9    -4.175    -1.569  3.238  13 1 4 1 2 4 8 136.059 139.732
 10    23.029    11.639  3.379  18 1 4 1 2 4 8 436.645 440.132
 11    25.482     6.287  3.405   7 1 4 1 2 4 8 611.419 615.118
 12   -42.615   -26.392  3.133   6 1 4 1 2 4 8 322.754 326.254
 13   -76.672    99.341  3.071   9 1 4 1 2 4 8 153.949 157.727
 14   -20.673    57.892  3.148   9 1 4 1 2 4 8 116.967 120.505
 15   -52.039     6.567  3.324   4 1 4 1 2 4 8 759.504 763.103
 16   -41.376    50.824  3.056  25 1 4 1 2 4 8 170.002 173.516
 17   -91.943    27.588  3.119   5 1 4 1 2 4 8 236.746 240.452
 18   -65.118    30.212  3.285  17 1 4 1 2 4 8 816.411 820.158
 19    18.597    96.716  3.409   3 1 4 1 2 4 8 115.632 119.199
 20   -40.942    83.209  3.056  16 1 4 1 2 4 8 247.077 250.865
 21   -37.756   -33.325  3.291  25 1 4 1 2 4 8 843.877 847.689
 22    23.767    29.083  2.988  21 1 4 1 2 4 8 755.850 759.578
 23   -43.030    20.453  2.902  14 1 4 1 2 4 8 609.128 612.739
 24   -35.297   -24.896  3.111  19 1 4 1 2 4 8 792.721 796.297
 25   -54.755    14.368  3.149  14 1 4 1 2 4 8 80.626 84.239
 26   -49.329    33.374  2.889   6 1 4 1 2 4 8 712.659 716.409
 27    57.404    23.822  3.420  16 1 4 1 2 4 8 282.787 286.399
 28   -22.754    55.408  3.361   9 1 4 1 2 4 8 871.482 875.058
 29   -56.622    73.340  2.987  20 1 4 1 2 4 8 566.893 570.395
 30   -38.562    -3.705  3.391  13 1 4 1 2 4 8 583.216 586.976
 31   -16.779    19.537  2.989  10 1 4 1 2 4 8 305.168 308.852
 32   -11.560    11.615  3.148  16 1 4 1 2 4 8 897.977 901.527
 33   -46.545    97.974  3.116  19 1 4 1 2 4 8 457.691 461.146
 34    16.229     9.320  3.215  22 1 4 1 2 4 8 515.247 518.849
 35     1.294     7.349  3.410  14 1 4 1 2 4 8 443.907 447.634
 36   -26.404    29.529  3.384  10 1 4 1 2 4 8 587.532 591.074
 37     4.352    14.685  3.351  11 1 4 1 2 4 8 290.819 294.308
 38   -50.665   -23.126  3.223  15 1 4 1 2 4 8 113.286 116.938
 39   -22.833    -9.814  2.940  13 1 4 1 2 4 8 874.302 877.806
 40   -71.100   -18.616  3.362  15 1 4 1 2 4 8 775.803 779.625
 41    -7.849    32.074  3.409   8 1 4 1 2 4 8 168.215 171.820
 42    11.877   -24.933  3.012  22 1 4 1 2 4 8 634.564 638.008
 43   -18.927   -23.730  3.127  24 1 4 1 2 4 8 324.013 327.663
 44   -11.920    11.755  3.353   3 1 4 1 2 4 8 705.408 708.862
 45    29.840    11.633  2.962  25 1 4 1 2 4 8 461.119 464.761
 46    12.268   -55.811  3.200  19 1 4 1 2 4 8 815.458 819.176
 47   -37.933   -21.613  3.182  21 1 4 1 2 4 8 169.935 173.691
 48    42.883    -2.966  3.263  10 1 4 1 2 4 8 438.694 442.463
 49     4.163    13.559 0.000   0 0 0 0.000 956.420
 50    21.387    17.105 0.000   0 0 0 0.000 956.420
 51   -36.118    49.097 0.000   0 0 0 0.000 956.420
 52   -31.201     0.235 0.000   0 0 0 0.000 956.420
