6 2 96 4
480 195
480 195
480 195
480 195
  1    33.588    30.750  3.030   4 1 4 1 2 4 8 665.305 668.753
  2    48.828    65.314  2.693  12 1 4 1 2 4 8 328.777 332.089
  3    86.176    59.344  2.786   3 1 4 1 2 4 8 126.038 129.208
  4    39.270   -33.057  2.931  15 1 4 1 2 4 8 439.541 442.836
  5   -23.370    86.853  2.796  13 1 4 1 2 4 8 407.173 410.564
  6    48.132    95.593  2.917  20 1 4 1 2 4 8 207.957 211.441
  7   -16.357    93.311  2.663  21 1 4 1 2 4 8 178.197 181.437
  8   -57.703   -65.601  3.098   4 1 4 1 2 4 8 505.064 508.559
  9     7.147    32.684  2.727  25 1 4 1 2 4 8 110.196 113.560
 10    42.950    68.701  3.125  21 1 4 1 2 4 8 91.894 95.379
 11    37.085    -2.112  3.122   7 1 4 1 2 4 8 351.128 354.485
 12    77.759    55.817  3.068   3 1 4 1 2 4 8 664.814 668.251
 13   -17.462   -56.567  2.882   9 1 4 1 2 4 8 150.847 154.333
 14    58.575    59.888  2.772   5 1 4 1 2 4 8 771.737 774.954
 15    57.776    15.344  3.082  20 1 4 1 2 4 8 740.671 743.965
 16   -22.327    36.072  2.836  21 1 4 1 2 4 8 414.523 417.939
 17    -7.080    30.493  2.811  19 1 4 1 2 4 8 539.029 542.434
 18    55.658    60.425  2.701   2 1 4 1 2 4 8 555.412 558.595
 19   -14.307    11.456  2.659  16 1 4 1 2 4 8 433.378 436.622
 20   -29.724    24.268  2.823  18 1 4 1 2 4 8 458.943 462.238
 21    43.219     0.739  3.081  24 1 4 1 2 4 8 697.900 701.218
 22    45.184    35.474  2.847  24 1 4 1 2 4 8 284.041 287.428
 23    64.484     2.240  3.007   8 1 4 1 2 4 8 262.665 265.905
 24    55.078    72.241  2.813  16 1 4 1 2 4 8 429.875 433.067
 25    16.925    15.741  3.126  19 1 4 1 2 4 8 231.106 234.399
 26    45.038    -3.723  2.883  12 1 4 1 2 4 8 544.881 548.256
 27   -76.782     5.939  3.070   9 1 4 1 2 4 8 640.065 643.477
 28    36.169     0.256  2.967   3 1 4 1 2 4 8 611.190 614.361
 29    29.218     8.936  2.981  15 1 4 1 2 4 8 333.909 337.107
 30    65.057     5.225  3.156   4 1 4 1 2 4 8 287.098 290.340
 31    42.175   -22.284  3.116  24 1 4 1 2 4 8 665.938 669.327
 32    25.574    31.726  2.701  22 1 4 1 2 4 8 80.353 83.748
 33    31.561    37.262  2.916  14 1 4 1 2 4 8 591.199 594.650
 34    66.498   -54.169  2.944  11 1 4 1 2 4 8 140.899 144.104
 35    46.576   -17.938  3.065  20 1 4 1 2 4 8 653.897 657.059
 36    65.063    40.875  3.125   5 1 4 1 2 4 8 82.774 85.973
 37    -2.716    24.768  2.727  11 1 4 1 2 4 8 545.676 548.915
 38   -40.002     3.870  2.689  12 1 4 1 2 4 8 713.300 716.599
 39   -73.505    57.043  2.906   7 1 4 1 2 4 8 562.401 565.734
 40    81.146   -25.714  2.981   1 1 4 1 2 4 8 192.359 195.715
 41    12.006    -7.965  2.946  23 1 4 1 2 4 8 74.188 77.463
 42    42.761    38.092  2.787  13 1 4 1 2 4 8 323.270 326.691
 43     3.857   -23.181  2.698   4 1 4 1 2 4 8 271.895 275.241
 44    -7.367    24.390  3.069  23 1 4 1 2 4 8 375.056 378.556
 45    35.944   -11.835  3.141  17 1 4 1 2 4 8 486.162 489.482
 46    52.075     9.692  2.867  13 1 4 1 2 4 8 760.553 763.855
 47    30.725    30.701  2.670   9 1 4 1 2 4 8 179.775 183.233
 48    41.223    77.924  2.792  10 1 4 1 2 4 8 612.130 615.637
 49    68.884   -40.546  2.646  22 1 4 1 2 4 8 185.362 188.593
 50    76.312    86.670  3.014  21 1 4 1 2 4 8 273.795 277.061
 51    63.934    78.540  3.032  13 1 4 1 2 4 8 241.777 245.077
 52    29.150    -9.961  2.657  25 1 4 1 2 4 8 209.572 212.836
 53    85.522    39.954  2.939   8 1 4 1 2 4 8 356.519 359.878
 54    31.775     3.870  2.942  20 1 4 1 2 4 8 546.287 549.463
 55   -20.544    19.086  2.668   3 1 4 1 2 4 8 524.773 527.982
 56    55.353    43.817  2.898   4 1 4 1 2 4 8 377.643 380.829
 57    35.406    10.278  2.978  13 1 4 1 2 4 8 196.360 199.807
 58    25.464    -0.287  2.854  18 1 4 1 2 4 8 551.337 554.527
 59    12.396     0.244  2.780   1 1 4 1 2 4 8 489.334 492.831
 60    18.359    20.917  3.021  10 1 4 1 2 4 8 591.301 594.776
 61    27.960   -15.039  2.947  16 1 4 1 2 4 8 242.818 246.051
 62    -3.192    19.879  2.799   9 1 4 1 2 4 8 493.625 497.126
 63     9.332   -41.351  2.772  13 1 4 1 2 4 8 214.901 218.250
 64   -20.581    38.177  2.737  23 1 4 1 2 4 8 420.623 424.084
 65    27.820    28.729  2.784  14 1 4 1 2 4 8 685.031 688.408
 66    59.027    42.310  2.882   5 1 4 1 2 4 8 106.542 109.983
 67    56.311    58.734  2.895   1 1 4 1 2 4 8 557.260 560.544
 68   -51.654    -0.342  2.685   6 1 4 1 2 4 8 278.756 282.265
 69     2.576    32.721  3.062  20 1 4 1 2 4 8 60.184 63.492
 70    15.131    -3.046  3.057  10 1 4 1 2 4 8 745.621 748.944
 71    66.595    34.937  3.028  19 1 4 1 2 4 8 567.928 571.421
 72    19.476    20.142  3.079  24 1 4 1 2 4 8 758.732 761.938
 73    -1.172    20.648  3.135   3 1 4 1 2 4 8 696.398 699.894
 74   -21.204    13.660  2.876   5 1 4 1 2 4 8 581.260 584.492
 75    98.846     1.257  2.769  13 1 4 1 2 4 8 665.237 668.610
 76    82.593    72.003  2.926   5 1 4 1 2 4 8 767.058 770.414
 77    30.017   -30.896  2.813   4 1 4 1 2 4 8 394.796 397.981
 78    33.228    41.663  2.661  12 1 4 1 2 4 8 700.464 703.859
 79    39.490    -8.539  2.907  11 1 4 1 2 4 8 204.253 207.668
 80    54.498    70.813  2.706  20 1 4 1 2 4 8 610.189 613.612
 81     3.058    10.248  3.122  13 1 4 1 2 4 8 713.697 717.023
 82    51.831   -16.870  2.795   1 1 4 1 2 4 8 744.994 748.497
 83    76.416    11.346  2.941   3 1 4 1 2 4 8 114.006 117.237
 84     5.243     0.238  2.828   2 1 4 1 2 4 8 192.403 195.725
 85    50.592    34.247  3.034  23 1 4 1 2 4 8 267.288 270.688
 86    -5.231    -2.081  2.915   8 1 4 1 2 4 8 286.749 289.998
 87    24.194    25.836  2.756  25 1 4 1 2 4 8 711.193 714.384
 88    33.630    37.585  2.864  18 1 4 1 2 4 8 745.511 748.870
 89    31.445    -7.001  2.719   4 1 4 1 2 4 8 621.647 624.938
 90    30.707   -28.168  2.951   5 1 4 1 2 4 8 135.956 139.251
 91    49.860     1.038  3.089  21 1 4 1 2 4 8 173.123 176.483
 92   -35.767    14.142  3.153  23 1 4 1 2 4 8 472.225 475.614
 93   -29.309     4.889  2.961  19 1 4 1 2 4 8 521.526 524.757
 94    19.049    41.974  3.056   2 1 4 1 2 4 8 345.879 349.391
 95    27.600    13.934  3.096  21 1 4 1 2 4 8 485.624 488.800
 96    52.832    50.684  3.130  10 1 4 1 2 4 8 329.199 332.406
 97     6.229    10.590 0.000   0 0 0 0.000 878.140
 98    32.663    44.730 0.000   0 0 0 0.000 878.140
 99    48.807    48.792 0.000   0 0 0 0.000 878.140
100    33.179    -4.968 0.000   0 0 0 0.000 878.140
