6 3 144 4
460 190
460 190
460 190
460 190
  1   -55.280   -24.371  2.963   9 1 4 1 2 4 8 172.827 176.306
  2   -48.297    53.314  3.098  22 1 4 1 2 4 8 497.872 501.367
  3   -49.072   -38.489  3.163  10 1 4 1 2 4 8 323.824 327.478
  4    25.311   -18.561  2.861  24 1 4 1 2 4 8 250.241 253.745
  5   -24.469    -3.815  3.232  25 1 4 1 2 4 8 409.748 413.463
  6    24.591   -17.896  2.993   6 1 4 1 2 4 8 131.208 134.950
  7   -10.419    60.364  3.327  22 1 4 1 2 4 8 808.476 811.910
  8    38.177   -35.175  3.320   1 1 4 1 2 4 8 709.820 713.496
  9   -68.280    93.073  3.295  19 1 4 1 2 4 8 235.216 238.736
 10   -30.792   -57.336  3.018  19 1 4 1 2 4 8 596.224 599.804
 11   -37.061   -12.122  3.190   5 1 4 1 2 4 8 822.890 826.311
 12   -15.741   -47.638  3.288   9 1 4 1 2 4 8 502.770 506.381
 13   -63.379   -22.919  3.005   8 1 4 1 2 4 8 822.974 826.680
 14   -43.109   -43.439  3.060  14 1 4 1 2 4 8 634.753 638.130
 15   -25.623    13.599  3.045   4 1 4 1 2 4 8 463.399 466.808
 16    -2.625    16.632  3.008   7 1 4 1 2 4 8 414.674 418.132
 17   -41.577   -28.497  3.311  10 1 4 1 2 4 8 183.577 187.111
 18     2.081    12.885  2.819  22 1 4 1 2 4 8 583.017 586.549
 19     3.925   -47.845  2.856  17 1 4 1 2 4 8 374.832 378.545
 20   -83.295    26.324  3.025  10 1 4 1 2 4 8 552.973 556.709
 21    -6.458    26.355  2.956   8 1 4 1 2 4 8 376.274 379.974
 22     3.290     6.732  2.886  14 1 4 1 2 4 8 803.413 807.149
 23   -34.869    30.426  2.917  12 1 4 1 2 4 8 711.558 715.028
 24    15.546   -36.273  3.026  17 1 4 1 2 4 8 161.098 164.794
 25    12.842     5.127  3.185  19 1 4 1 2 4 8 230.630 234.022
 26   -48.450   -24.426  3.043  25 1 4 1 2 4 8 175.355 179.033
 27   -88.538   -10.461  2.913  25 1 4 1 2 4 8 677.601 681.319
 28   -29.773     0.995  3.237   6 1 4 1 2 4 8 719.379 723.091
 29     9.827    38.416  3.026  21 1 4 1 2 4 8 313.457 316.962
 30     1.410    92.938  3.047   3 1 4 1 2 4 8 591.205 594.599
 31   -79.303    15.381  3.091  19 1 4 1 2 4 8 407.904 411.330
 32   -30.652    40.063  3.189  16 1 4 1 2 4 8 519.460 523.029
 33    18.927    21.637  2.971  21 1 4 1 2 4 8 743.841 747.370
 34    45.087   -59.906  3.182  17 1 4 1 2 4 8 652.376 655.933
 35   -34.949    -3.815  3.100  19 1 4 1 2 4 8 235.325 238.761
 36    81.201   -74.744  3.082   6 1 4 1 2 4 8 573.476 577.156
 37    15.594   -28.455  2.968  10 1 4 1 2 4 8 110.862 114.279
 38   -72.192    29.547  3.248  22 1 4 1 2 4 8 129.131 132.623
 39   -42.914   -22.675  3.193  17 1 4 1 2 4 8 651.077 654.526
 40   -76.392   -57.489  3.135  16 1 4 1 2 4 8 427.174 430.553
 41   -28.540    12.073  3.315   5 1 4 1 2 4 8 430.913 434.514
 42   -61.389    26.526  3.252   1 1 4 1 2 4 8 219.991 223.568
 43    -8.472    12.616  3.221  21 1 4 1 2 4 8 305.476 308.938
 44   -61.475    33.392  2.980  20 1 4 1 2 4 8 309.698 313.132
 45   -34.674   -27.588  3.280   6 1 4 1 2 4 8 464.035 467.469
 46    10.315   -12.518  2.969   1 1 4 1 2 4 8 621.787 625.250
 47   -83.014    77.002  3.332  11 1 4 1 2 4 8 642.284 645.969
 48   -40.417    49.988  2.882  22 1 4 1 2 4 8 286.816 290.389
 49    83.832    33.905  3.156  25 1 4 1 2 4 8 474.192 477.920
 50   -20.563   -75.830  3.341  18 1 4 1 2 4 8 174.500 177.906
 51    15.442   -18.719  3.138   9 1 4 1 2 4 8 626.859 630.376
 52   -59.937   -65.802  3.169  23 1 4 1 2 4 8 195.271 198.997
 53     5.151    47.815  3.089  17 1 4 1 2 4 8 785.900 789.311
 54    46.008    14.990  2.818   4 1 4 1 2 4 8 97.053 100.521
 55    82.977    -1.660  3.066   1 1 4 1 2 4 8 739.612 743.146
 56    39.893   -38.916  3.059  14 1 4 1 2 4 8 356.660 360.093
 57    90.839   -83.539  3.194  11 1 4 1 2 4 8 641.999 645.575
 58     7.068     0.067  3.215   7 1 4 1 2 4 8 466.016 469.700
 59    18.958    40.088  3.060  21 1 4 1 2 4 8 426.298 429.977
 60   -80.487    58.209  3.354   3 1 4 1 2 4 8 562.416 565.985
 61    64.459   -62.946  2.961  18 1 4 1 2 4 8 761.369 764.903
 62   -43.616   -26.117  3.196   5 1 4 1 2 4 8 180.744 184.279
 63   -18.408    10.303  2.854   6 1 4 1 2 4 8 518.548 522.061
 64   -43.921    63.251  3.014  22 1 4 1 2 4 8 276.532 279.926
 65    11.353    26.221  3.248  13 1 4 1 2 4 8 813.587 817.187
 66    -6.995    38.239  2.846  17 1 4 1 2 4 8 458.284 461.682
 67    74.084   -34.216  3.103   5 1 4 1 2 4 8 327.254 330.732
 68    14.301    -0.800  3.251   7 1 4 1 2 4 8 451.182 454.743
 69   -94.141   -48.779  3.121   1 1 4 1 2 4 8 141.199 144.760
 70    15.332   -42.169  3.305   3 1 4 1 2 4 8 369.246 372.916
 71   -46.637   -16.461  2.884  10 1 4 1 2 4 8 350.057 353.475
 72    -0.958   -81.000  2.894   5 1 4 1 2 4 8 414.811 418.492
 73   -37.445   -42.505  2.875   1 1 4 1 2 4 8 245.067 248.533
 74    -3.680   -69.073  3.047  17 1 4 1 2 4 8 148.306 151.789
 75    34.894   -20.898  2.898  14 1 4 1 2 4 8 518.010 521.617
 76    45.544    51.410  2.869   4 1 4 1 2 4 8 799.656 803.392
 77   -31.927    88.239  3.293  10 1 4 1 2 4 8 202.825 206.390
 78   -13.580   -26.959  2.913  25 1 4 1 2 4 8 592.136 595.749
 79    12.653   -48.340  3.005  11 1 4 1 2 4 8 241.259 244.977
 80   -46.179   -38.269  3.248  16 1 4 1 2 4 8 366.053 369.582
 81   -29.620    35.083  2.825  25 1 4 1 2 4 8 817.969 821.416
 82    13.696    43.988  3.295  20 1 4 1 2 4 8 93.749 97.492
 83    38.342   -46.338  3.168   3 1 4 1 2 4 8 781.699 785.131
 84   -26.227    24.506  3.210   7 1 4 1 2 4 8 93.711 97.169
 85    90.009   -43.640  3.117   2 1 4 1 2 4 8 400.391 404.039
 86    -6.995    22.522  3.275   6 1 4 1 2 4 8 152.383 155.907
 87   -29.993   -28.851  3.128  14 1 4 1 2 4 8 559.227 562.870
 88   -56.268   -64.740  3.288  14 1 4 1 2 4 8 228.180 231.826
 89   -87.415    90.796  3.106   2 1 4 1 2 4 8 632.632 636.187
 90    -5.762    54.034  3.160  15 1 4 1 2 4 8 154.958 158.599
 91   -34.845   -27.185  3.153  22 1 4 1 2 4 8 582.483 586.220
 92   -16.479    16.180  3.018   4 1 4 1 2 4 8 158.380 161.918
 93    23.712    29.492  2.909  22 1 4 1 2 4 8 539.854 543.360
 94   -40.991    46.594  2.909  19 1 4 1 2 4 8 518.174 521.797
 95   -53.516   -21.619  2.939   5 1 4 1 2 4 8 366.387 369.815
 96   -17.560    37.494  2.822  10 1 4 1 2 4 8 399.973 403.403
 97   -37.311    56.836  2.824   4 1 4 1 2 4 8 659.655 663.392
 98    71.515    22.510  3.165   7 1 4 1 2 4 8 714.845 718.268
 99   -41.864    27.710  3.249  11 1 4 1 2 4 8 694.983 698.716
100    14.819   -82.117  3.180  14 1 4 1 2 4 8 561.345 564.923
101    30.316   -55.322  2.985   2 1 4 1 2 4 8 800.456 804.040
102   -39.172    47.998  2.873  12 1 4 1 2 4 8 263.832 267.230
103   -94.415    15.192  3.245  12 1 4 1 2 4 8 518.325 521.710
104    -7.806    11.273  3.097  24 1 4 1 2 4 8 238.185 241.644
105    28.571   -49.908  3.262   8 1 4 1 2 4 8 209.348 212.994
106   -20.654    24.554  3.071   4 1 4 1 2 4 8 795.839 799.585
107   -30.963   -18.903  3.206  25 1 4 1 2 4 8 83.242 86.656
108     1.721   -20.447  3.367   6 1 4 1 2 4 8 176.947 180.512
109   -31.012   -21.106  3.300   9 1 4 1 2 4 8 855.880 859.515
110   -85.718   -28.015  3.135  23 1 4 1 2 4 8 684.811 688.474
111    58.826   -63.043  2.972  15 1 4 1 2 4 8 585.117 588.839
112   -15.753   -52.686  3.241   7 1 4 1 2 4 8 763.983 767.708
113   -71.661    51.184  2.829   6 1 4 1 2 4 8 147.575 151.317
114   -92.633    -6.598  3.205   5 1 4 1 2 4 8 541.554 545.208
115    33.508   -49.255  3.251  12 1 4 1 2 4 8 693.219 696.760
116    59.314    54.095  3.089   3 1 4 1 2 4 8 695.790 699.460
117    30.737   -28.436  3.103  22 1 4 1 2 4 8 547.053 550.505
118   -55.896    18.457  3.048  18 1 4 1 2 4 8 296.623 300.186
119   -89.960   -39.532  3.320  16 1 4 1 2 4 8 543.258 546.907
120    36.438    20.819  3.045   5 1 4 1 2 4 8 249.964 253.376
121   -53.674   -56.427  2.868   1 1 4 1 2 4 8 192.316 195.719
122   -31.866    32.538  3.267   8 1 4 1 2 4 8 314.503 317.988
123     5.658    12.756  2.855  20 1 4 1 2 4 8 766.689 770.066
124   -52.905    42.804  3.131  17 1 4 1 2 4 8 625.435 629.003
125    47.131   -45.465  2.835  11 1 4 1 2 4 8 694.213 697.805
126    30.792     9.869  3.166   8 1 4 1 2 4 8 740.702 744.253
127   -45.209   -56.293  3.205  15 1 4 1 2 4 8 772.990 776.457
128    10.919    13.306  2.846  16 1 4 1 2 4 8 239.556 243.249
129   -32.990   -34.003  2.964   6 1 4 1 2 4 8 729.541 733.056
130   -40.869    30.579  2.916  24 1 4 1 2 4 8 588.367 591.809
131   -69.348    80.408  3.237  10 1 4 1 2 4 8 495.600 499.032
132   -58.966   -29.541  3.074   4 1 4 1 2 4 8 652.515 656.124
133   -36.847   -33.710  2.887  10 1 4 1 2 4 8 752.638 756.255
134   -21.820    65.369  3.296  17 1 4 1 2 4 8 340.619 344.252
135    22.980   -41.010  3.282   5 1 4 1 2 4 8 781.274 784.845
136   -77.557    59.814  2.842  14 1 4 1 2 4 8 477.894 481.545
137   -47.205    67.725  3.012  16 1 4 1 2 4 8 803.013 806.597
138   -21.606    35.168  3.102  11 1 4 1 2 4 8 261.005 264.429
139   -55.676   -31.384  2.896  25 1 4 1 2 4 8 486.158 489.609
140   -85.229    88.788  3.090   4 1 4 1 2 4 8 729.745 733.179
141    -3.918   -63.525  2.911  12 1 4 1 2 4 8 216.388 220.056
142   -58.557    59.375  2.939  19 1 4 1 2 4 8 769.208 772.724
143   -24.542    14.935  3.349   6 1 4 1 2 4 8 725.373 729.085
144   -48.779    16.968  2.831  23 1 4 1 2 4 8 398.014 401.572
145   -40.082   -24.780 0.000   0 0 0 0.000 937.440
146    24.292   -27.704 0.000   0 0 0 0.000 937.440
147   -45.877    41.092 0.000   0 0 0 0.000 937.440
148   -11.896    15.875 0.000   0 0 0 0.000 937.440
