6 4 192 4
440 185
440 185
440 185
440 185
  1   -44.629   -55.640  3.464  11 1 4 1 2 4 8 280.622 284.314
  2    36.096    64.935  3.026  11 1 4 1 2 4 8 501.495 505.076
  3   -25.470    44.580  3.065  23 1 4 1 2 4 8 731.260 734.905
  4   -33.954   -73.059  2.899  16 1 4 1 2 4 8 446.380 450.120
  5    45.654    35.730  2.922  16 1 4 1 2 4 8 243.243 247.045
  6    14.954   -36.719  3.346   2 1 4 1 2 4 8 229.697 233.184
  7    -1.477    47.205  3.056   1 1 4 1 2 4 8 767.155 770.802
  8     2.155   -40.912  2.893  25 1 4 1 2 4 8 796.230 799.915
  9    22.992     1.398  2.919  24 1 4 1 2 4 8 586.514 590.168
 10   -28.857     5.957  2.893  14 1 4 1 2 4 8 299.252 302.903
 11   -48.120    94.116  3.092   6 1 4 1 2 4 8 710.533 714.105
 12     7.239    17.322  3.277  20 1 4 1 2 4 8 615.597 619.120
 13     4.614    27.051  3.452  10 1 4 1 2 4 8 772.921 776.672
 14   -13.971    28.198  3.254  11 1 4 1 2 4 8 189.911 193.413
 15    12.946   -11.688  3.195   2 1 4 1 2 4 8 530.752 534.483
 16   -36.670    23.102  3.012  22 1 4 1 2 4 8 299.866 303.687
 17    -4.224   -49.310  3.436   2 1 4 1 2 4 8 824.637 828.301
 18     1.093    -7.135  3.192  12 1 4 1 2 4 8 349.234 352.979
 19   -56.958    27.905  3.279   9 1 4 1 2 4 8 441.942 445.645
 20   -80.994   -77.686  3.072  21 1 4 1 2 4 8 633.503 637.021
 21    72.260    59.027  3.167  10 1 4 1 2 4 8 374.854 378.636
 22   -21.655     1.636  3.309  13 1 4 1 2 4 8 170.605 174.303
 23   -20.154   -62.415  2.934  25 1 4 1 2 4 8 306.070 309.764
 24   -48.157     6.287  3.231   9 1 4 1 2 4 8 143.558 147.355
 25    -5.078    61.597  3.093  19 1 4 1 2 4 8 114.256 117.737
 26    17.145   -47.046  3.367  22 1 4 1 2 4 8 781.880 785.357
 27   -16.064     8.557  3.137   4 1 4 1 2 4 8 231.412 235.086
 28     6.683   -27.069  3.102   4 1 4 1 2 4 8 476.234 479.758
 29    15.027   -34.979  3.470   7 1 4 1 2 4 8 115.867 119.411
 30    37.946    73.914  3.292  20 1 4 1 2 4 8 772.406 776.178
 31   -41.199   -43.018  3.426  17 1 4 1 2 4 8 311.582 315.134
 32    32.538    11.786  3.184  19 1 4 1 2 4 8 222.670 226.384
 33   -20.306   -20.239  3.248  12 1 4 1 2 4 8 299.950 303.461
 34   -35.480    19.135  3.438   2 1 4 1 2 4 8 717.931 721.504
 35    58.038    56.659  2.990  13 1 4 1 2 4 8 632.285 635.923
 36   -36.694    -6.256  2.899  24 1 4 1 2 4 8 562.147 565.730
 37     0.446   -46.735  2.947  22 1 4 1 2 4 8 802.481 805.987
 38   -19.690    38.977  3.311  17 1 4 1 2 4 8 424.869 428.540
 39   -47.339    20.911  2.901  19 1 4 1 2 4 8 688.369 692.037
 40   -79.236   -57.678  3.080   4 1 4 1 2 4 8 726.947 730.434
 41     5.597   -34.076  3.469  12 1 4 1 2 4 8 614.262 617.748
 42    34.454    -8.289  3.412  22 1 4 1 2 4 8 270.344 274.108
 43    18.500   -51.154  3.200   2 1 4 1 2 4 8 578.684 582.308
 44    -4.346   -44.525  2.999  19 1 4 1 2 4 8 402.356 405.933
 45   -14.148   -74.164  3.419   3 1 4 1 2 4 8 250.785 254.572
 46    19.867    77.515  2.902   5 1 4 1 2 4 8 638.468 642.048
 47   -50.079    17.871  3.170  22 1 4 1 2 4 8 484.406 487.907
 48    42.786   -79.883  3.029   6 1 4 1 2 4 8 640.308 643.847
 49     1.520   -29.034  3.387   9 1 4 1 2 4 8 592.217 596.068
 50    14.728    -3.436  3.149   8 1 4 1 2 4 8 366.307 370.074
 51   -26.166   -48.999  2.972  24 1 4 1 2 4 8 368.383 372.146
 52   -63.873    -5.273  2.924  15 1 4 1 2 4 8 322.394 326.218
 53   -54.138     7.086  3.159  16 1 4 1 2 4 8 826.667 830.398
 54    17.932   -34.094  3.356   9 1 4 1 2 4 8 242.923 246.540
 55   -98.706    34.552  3.011   1 1 4 1 2 4 8 577.349 580.827
 56    28.802    -8.582  2.928  18 1 4 1 2 4 8 243.112 246.854
 57     2.716    90.594  3.019  17 1 4 1 2 4 8 477.355 481.023
 58   -31.024    48.938  3.294  18 1 4 1 2 4 8 675.447 679.077
 59   -46.545    42.316  3.173   2 1 4 1 2 4 8 593.911 597.663
 60    27.289    58.179  2.904  25 1 4 1 2 4 8 839.167 842.805
 61    28.815   -28.027  3.361  21 1 4 1 2 4 8 617.126 620.788
 62   -26.099    11.328  2.898  19 1 4 1 2 4 8 507.630 511.427
 63     0.537   -26.221  3.463  10 1 4 1 2 4 8 866.998 870.485
 64   -50.458     7.812  3.056   2 1 4 1 2 4 8 784.434 787.910
 65    30.005    19.092  3.061  21 1 4 1 2 4 8 596.824 600.593
 66   -12.604    22.058  2.925  20 1 4 1 2 4 8 634.910 638.595
 67    22.009    -8.636  3.273  21 1 4 1 2 4 8 670.083 673.653
 68     8.942     2.875  3.041   2 1 4 1 2 4 8 793.828 797.563
 69   -19.812     0.922  3.284   6 1 4 1 2 4 8 438.908 442.464
 70    -4.230    31.250  3.229   2 1 4 1 2 4 8 103.916 107.561
 71    17.975    -0.409  3.071  12 1 4 1 2 4 8 361.210 364.764
 72    -2.350    42.938  3.249  12 1 4 1 2 4 8 817.878 821.446
 73   -16.516    68.085  3.167   5 1 4 1 2 4 8 744.163 747.822
 74    -1.190    42.023  3.377   5 1 4 1 2 4 8 664.002 667.681
 75    56.635   -44.019  3.134   8 1 4 1 2 4 8 277.409 281.261
 76    57.483    35.504  3.129  15 1 4 1 2 4 8 184.951 188.644
 77   -26.099     7.477  3.467   8 1 4 1 2 4 8 112.612 116.113
 78     7.489   -57.239  3.130   7 1 4 1 2 4 8 593.485 597.209
 79   -22.095    55.780  2.944  14 1 4 1 2 4 8 510.678 514.192
 80    19.867    38.824  2.902  18 1 4 1 2 4 8 857.946 861.447
 81     5.310    49.219  3.340  17 1 4 1 2 4 8 777.541 781.171
 82    15.155     6.299  3.426   5 1 4 1 2 4 8 154.908 158.657
 83     5.481   -31.500  3.049   6 1 4 1 2 4 8 350.429 354.095
 84     7.959   -28.662  3.434   9 1 4 1 2 4 8 143.480 147.184
 85   -75.812     4.010  3.457  24 1 4 1 2 4 8 251.231 254.845
 86   -43.671   -61.646  3.429  13 1 4 1 2 4 8 133.239 136.914
 87    -2.576   -62.140  2.996   5 1 4 1 2 4 8 435.895 439.652
 88   -18.842   -36.884  2.986   4 1 4 1 2 4 8 438.588 442.409
 89    20.844    21.167  3.404  22 1 4 1 2 4 8 854.856 858.558
 90     3.137   -19.220  2.981  24 1 4 1 2 4 8 867.203 870.724
 91   -20.361    18.878  3.401  25 1 4 1 2 4 8 260.411 264.196
 92    -0.897   -54.938  3.031   9 1 4 1 2 4 8 563.461 567.307
 93   -29.553     9.277  3.467   8 1 4 1 2 4 8 722.715 726.569
 94     5.048   -35.046  3.035   8 1 4 1 2 4 8 513.223 516.773
 95    27.759    48.712  3.434  25 1 4 1 2 4 8 723.539 727.010
 96    12.079   -42.346  2.956   7 1 4 1 2 4 8 833.326 836.887
 97   -51.270    41.144  2.979  24 1 4 1 2 4 8 333.530 337.341
 98   -29.077     4.291  2.944  16 1 4 1 2 4 8 891.264 895.006
 99   -18.555   -14.819  3.306  15 1 4 1 2 4 8 666.569 670.233
100     7.855   -49.451  2.923   7 1 4 1 2 4 8 533.753 537.494
101   -19.116   -32.086  3.185  17 1 4 1 2 4 8 745.035 748.836
102    17.651   -52.271  3.470   9 1 4 1 2 4 8 639.091 642.575
103    16.907   -62.964  3.081  14 1 4 1 2 4 8 165.799 169.607
104    18.988     6.219  2.995  20 1 4 1 2 4 8 220.713 224.211
105   -68.878   -64.539  3.301   6 1 4 1 2 4 8 605.153 608.740
106   -13.361    20.264  3.050  17 1 4 1 2 4 8 498.505 502.091
107   -44.440    63.721  3.198  23 1 4 1 2 4 8 631.988 635.706
108    -6.500    71.436  3.381  14 1 4 1 2 4 8 179.336 182.870
109   -51.978    25.409  3.061  19 1 4 1 2 4 8 626.635 630.484
110    -0.739    59.491  3.413  21 1 4 1 2 4 8 643.919 647.535
111   -64.679    83.038  3.239   6 1 4 1 2 4 8 620.139 623.621
112   -11.273   -35.944  3.343   1 1 4 1 2 4 8 608.557 612.248
113   -16.864     7.776  3.395  22 1 4 1 2 4 8 789.430 793.082
114    19.843   -49.805  3.358   7 1 4 1 2 4 8 244.659 248.301
115   -16.284    -2.936  3.184  14 1 4 1 2 4 8 91.866 95.400
116     8.356    67.041  3.117   7 1 4 1 2 4 8 812.464 816.065
117    30.878    24.316  3.281  25 1 4 1 2 4 8 207.237 210.913
118    93.524   -20.233  3.088  17 1 4 1 2 4 8 681.533 685.155
119    -9.332   -56.177  2.933  10 1 4 1 2 4 8 142.687 146.204
120   -34.442   -63.312  3.228  23 1 4 1 2 4 8 534.092 537.607
121    20.941    -5.646  3.370  22 1 4 1 2 4 8 834.818 838.588
122    -3.418    89.594  3.075   3 1 4 1 2 4 8 182.795 186.342
123   -18.738    45.227  3.466  14 1 4 1 2 4 8 104.145 107.903
124     2.435   -30.524  3.043  14 1 4 1 2 4 8 483.800 487.544
125   -28.864    56.616  3.211   2 1 4 1 2 4 8 542.071 545.671
126    76.880   -29.901  3.064   2 1 4 1 2 4 8 819.911 823.684
127   -90.466    10.278  2.971  21 1 4 1 2 4 8 678.431 682.233
128   -35.101    46.545  3.390  10 1 4 1 2 4 8 396.861 400.585
129   -48.395    43.854  3.066  10 1 4 1 2 4 8 321.977 325.719
130   -40.997    26.703  3.003   5 1 4 1 2 4 8 168.097 171.715
131    13.696    34.607  2.919   9 1 4 1 2 4 8 456.818 460.570
132   -71.472    11.450  2.996  15 1 4 1 2 4 8 155.481 159.198
133   -36.230    51.904  3.181  19 1 4 1 2 4 8 637.265 640.947
134   -39.465     4.907  3.006   7 1 4 1 2 4 8 158.531 162.019
135   -16.565    23.773  3.025  11 1 4 1 2 4 8 584.405 587.938
136    10.754   -28.552  3.128   2 1 4 1 2 4 8 462.468 466.019
137   -23.029    47.015  3.301  25 1 4 1 2 4 8 343.646 347.205
138    -8.807    21.216  3.400  14 1 4 1 2 4 8 98.464 102.059
139   -40.039    27.435  3.020  15 1 4 1 2 4 8 434.556 438.323
140   -37.445   -41.040  3.183  12 1 4 1 2 4 8 108.017 111.536
141    48.224     0.085  3.459  11 1 4 1 2 4 8 800.709 804.514
142    -0.323    68.237  3.336  17 1 4 1 2 4 8 179.929 183.682
143   -14.294   -33.423  2.894   4 1 4 1 2 4 8 317.386 321.117
144    -1.440   -34.814  3.047  24 1 4 1 2 4 8 191.879 195.539
145   -34.454    42.346  3.403   8 1 4 1 2 4 8 650.553 654.372
146     8.679   -66.180  2.972  20 1 4 1 2 4 8 767.127 770.956
147   -61.249   -51.367  3.263  12 1 4 1 2 4 8 530.821 534.358
148    -1.093     9.912  2.922  10 1 4 1 2 4 8 106.863 110.374
149   -16.565    66.547  3.006  12 1 4 1 2 4 8 149.174 152.841
150     8.435    52.838  3.105   9 1 4 1 2 4 8 584.147 588.000
151   -22.034   -36.896  3.034  16 1 4 1 2 4 8 590.941 594.451
152    15.765    17.322  3.022  23 1 4 1 2 4 8 700.130 703.785
153     9.003   -18.695  3.466  15 1 4 1 2 4 8 452.207 455.965
154    -4.584     3.491  3.302  10 1 4 1 2 4 8 894.098 897.721
155     8.875    40.662  3.431  21 1 4 1 2 4 8 636.505 640.292
156    26.093   -33.966  3.460   2 1 4 1 2 4 8 730.465 734.314
157   -32.501    39.526  3.086  16 1 4 1 2 4 8 409.489 413.042
158   -32.629   -82.581  3.073  15 1 4 1 2 4 8 397.000 400.856
159   -98.486    22.021  2.928  11 1 4 1 2 4 8 646.616 650.107
160   -59.052     4.163  2.965  11 1 4 1 2 4 8 618.822 622.368
161     7.428    -2.570  3.089  17 1 4 1 2 4 8 375.966 379.625
162   -59.601    12.469  3.233   3 1 4 1 2 4 8 181.139 184.903
163   -11.224   -31.830  3.321   9 1 4 1 2 4 8 723.485 727.004
164   -16.809   -35.040  3.007   1 1 4 1 2 4 8 145.180 148.705
165    21.863    18.140  3.287  13 1 4 1 2 4 8 335.286 338.810
166    45.038   -61.316  2.955   1 1 4 1 2 4 8 142.039 145.570
167   -48.816    25.568  3.402   2 1 4 1 2 4 8 676.566 680.047
168   -32.184   -16.736  2.910  22 1 4 1 2 4 8 93.715 97.485
169    12.439   -41.492  3.209  10 1 4 1 2 4 8 435.465 439.029
170   -21.082   -77.075  3.138   4 1 4 1 2 4 8 774.854 778.584
171   -17.822   -18.518  3.245   9 1 4 1 2 4 8 632.436 636.215
172    48.334    93.518  3.394  11 1 4 1 2 4 8 313.622 317.423
173   -18.677    49.005  3.110   3 1 4 1 2 4 8 760.097 763.930
174    12.140    30.042  3.354  19 1 4 1 2 4 8 794.566 798.085
175     3.113   -40.302  3.227  19 1 4 1 2 4 8 758.967 762.605
176    17.133    37.079  3.127   4 1 4 1 2 4 8 294.922 298.681
177    22.577     0.836  3.316  19 1 4 1 2 4 8 639.779 643.329
178   -30.426    52.942  3.277  15 1 4 1 2 4 8 667.563 671.108
179    33.765   -67.108  3.211  21 1 4 1 2 4 8 467.094 470.636
180     5.414     1.532  3.011  25 1 4 1 2 4 8 208.668 212.318
181    72.156    30.103  3.033   4 1 4 1 2 4 8 411.652 415.485
182   -24.109   -34.625  3.241   3 1 4 1 2 4 8 869.565 873.299
183    17.413    75.146  3.188   6 1 4 1 2 4 8 237.352 241.150
184    10.638   -60.052  3.224   6 1 4 1 2 4 8 447.544 451.224
185    -5.176   -48.999  3.148  21 1 4 1 2 4 8 368.310 372.136
186   -19.342    21.118  3.145  25 1 4 1 2 4 8 333.142 336.880
187   -46.802   -14.661  3.002  10 1 4 1 2 4 8 167.618 171.474
188   -16.779    43.439  2.926  25 1 4 1 2 4 8 519.341 522.918
189    14.093   -13.605  2.955  19 1 4 1 2 4 8 77.179 80.689
190   -21.063    26.019  3.427  19 1 4 1 2 4 8 216.075 219.714
191    39.813   -40.668  3.314  22 1 4 1 2 4 8 843.528 847.267
192    52.057    30.334  3.355   5 1 4 1 2 4 8 746.890 750.530
193    -0.140     7.266 0.000   0 0 0 0.000 964.110
194   -23.138    48.450 0.000   0 0 0 0.000 964.110
195   -26.102    16.809 0.000   0 0 0 0.000 964.110
196     0.244   -35.892 0.000   0 0 0 0.000 964.110
