6 5 240 4
420 180
420 180
420 180
420 180
  1    65.991   -49.829  3.391  10 1 4 1 2 4 8 184.821 188.342
  2   -36.938   -36.743  3.030  25 1 4 1 2 4 8 742.811 746.400
  3    -2.734    18.774  3.022  18 1 4 1 2 4 8 752.125 755.830
  4    31.116   -35.907  3.179  16 1 4 1 2 4 8 856.450 860.069
  5     2.789     8.008  3.344  14 1 4 1 2 4 8 189.891 193.550
  6    31.152    43.665  3.130   7 1 4 1 2 4 8 394.128 397.834
  7   -36.304   -21.307  2.907   9 1 4 1 2 4 8 71.371 74.925
  8    52.814    35.046  3.080  16 1 4 1 2 4 8 602.807 606.254
  9    11.267    20.660  3.167  24 1 4 1 2 4 8 507.646 511.092
 10    -0.623    23.114  3.410   6 1 4 1 2 4 8 214.367 217.841
 11    43.091   -12.360  3.381  22 1 4 1 2 4 8 609.172 612.876
 12     6.854    19.073  3.115  11 1 4 1 2 4 8 180.946 184.629
 13    -6.848    25.317  3.111  19 1 4 1 2 4 8 879.617 883.213
 14   -27.930   -23.712  3.243  20 1 4 1 2 4 8 719.504 723.207
 15    33.240   -30.487  2.965  20 1 4 1 2 4 8 619.569 623.232
 16    63.885   -52.881  2.913  16 1 4 1 2 4 8 485.661 489.113
 17   -13.672   -43.945  2.875   5 1 4 1 2 4 8 721.214 725.020
 18    -0.647   -27.502  2.864  21 1 4 1 2 4 8 573.208 576.845
 19    59.406   -49.261  3.376  19 1 4 1 2 4 8 381.445 384.894
 20    27.167    -5.713  3.250  18 1 4 1 2 4 8 334.287 337.728
 21    70.001   -20.844  3.313  22 1 4 1 2 4 8 398.998 402.677
 22    35.327   -65.167  3.099  19 1 4 1 2 4 8 717.658 721.129
 23   -14.386   -42.236  2.950  15 1 4 1 2 4 8 830.035 833.529
 24    19.366    30.273  3.045  24 1 4 1 2 4 8 87.108 90.558
 25   -39.789    10.101  3.072  20 1 4 1 2 4 8 483.364 486.850
 26   -15.753   -40.204  3.231  17 1 4 1 2 4 8 873.638 877.173
 27   -28.418   -40.503  3.087  20 1 4 1 2 4 8 150.609 154.248
 28    27.081     9.735  2.936  12 1 4 1 2 4 8 387.118 390.655
 29    22.205    -9.216  3.011  23 1 4 1 2 4 8 616.251 620.026
 30    -0.830    -6.525  3.314  15 1 4 1 2 4 8 91.460 95.206
 31    10.217    75.531  3.251  19 1 4 1 2 4 8 360.682 364.237
 32     7.446    18.500  2.862  23 1 4 1 2 4 8 764.520 768.000
 33    48.914   -20.294  3.053   9 1 4 1 2 4 8 793.338 796.938
 34   -18.958   -29.675  3.193  21 1 4 1 2 4 8 445.390 449.105
 35    16.815    -6.659  3.092  17 1 4 1 2 4 8 65.064 68.794
 36     2.509   -30.420  3.307   6 1 4 1 2 4 8 623.389 626.952
 37    15.424     4.913  3.159  10 1 4 1 2 4 8 311.407 314.880
 38    60.315    89.801  3.344   9 1 4 1 2 4 8 381.429 385.068
 39    40.405   -45.367  2.886  19 1 4 1 2 4 8 186.118 189.638
 40   -26.837   -54.272  2.952  17 1 4 1 2 4 8 725.272 728.762
 41    69.171    72.577  3.121  22 1 4 1 2 4 8 775.546 779.176
 42   -22.815    46.173  2.928   8 1 4 1 2 4 8 391.705 395.270
 43   -14.258   -30.249  3.351  25 1 4 1 2 4 8 462.758 466.244
 44    76.050    12.073  3.167  13 1 4 1 2 4 8 853.840 857.514
 45    63.043    60.022  2.892   1 1 4 1 2 4 8 381.502 384.944
 46   -20.239   -81.970  2.869  15 1 4 1 2 4 8 733.022 736.747
 47   -41.168   -42.023  3.024  16 1 4 1 2 4 8 164.806 168.445
 48    79.199   -29.016  2.970  20 1 4 1 2 4 8 626.029 629.536
 49   -20.728    -7.068  3.354  14 1 4 1 2 4 8 653.514 656.969
 50    -4.163   -53.497  3.408   2 1 4 1 2 4 8 453.494 457.065
 51    39.594   -40.460  3.387   5 1 4 1 2 4 8 355.919 359.364
 52   -47.125   -77.850  3.405  16 1 4 1 2 4 8 514.497 517.933
 53    -1.233    49.182  2.908  12 1 4 1 2 4 8 770.721 774.438
 54    -0.372   -27.264  2.887   1 1 4 1 2 4 8 821.547 825.167
 55    31.537    -8.722  3.107  15 1 4 1 2 4 8 866.100 869.715
 56    -0.134   -20.264  3.128   5 1 4 1 2 4 8 764.322 768.089
 57    66.394   -26.691  3.149   9 1 4 1 2 4 8 176.242 180.013
 58     6.104   -64.093  2.949   8 1 4 1 2 4 8 740.971 744.421
 59    13.544   -20.874  3.165   2 1 4 1 2 4 8 453.405 457.152
 60    54.211    -6.537  3.302  10 1 4 1 2 4 8 651.806 655.244
 61    22.046   -34.137  3.221  25 1 4 1 2 4 8 387.916 391.434
 62    -9.723     4.706  3.301  24 1 4 1 2 4 8 848.510 852.093
 63   -11.584   -46.857  3.351   7 1 4 1 2 4 8 739.449 742.898
 64    -2.905    -0.305  3.287  14 1 4 1 2 4 8 378.718 382.179
 65    13.837   -44.452  3.000   3 1 4 1 2 4 8 414.990 418.696
 66    17.480    27.747  3.383  23 1 4 1 2 4 8 70.275 73.809
 67     2.972   -43.689  2.875  21 1 4 1 2 4 8 706.031 709.591
 68   -44.354   -38.202  2.960  13 1 4 1 2 4 8 521.335 525.063
 69   -59.399     1.514  3.199  15 1 4 1 2 4 8 572.553 576.028
 70   -13.452   -75.531  3.400  14 1 4 1 2 4 8 713.103 716.735
 71    -5.518   -51.947  2.978   7 1 4 1 2 4 8 105.997 109.589
 72    -9.589   -26.880  2.994  20 1 4 1 2 4 8 353.653 357.389
 73    19.318    29.498  3.114   6 1 4 1 2 4 8 370.431 374.129
 74    26.245    36.743  3.369  24 1 4 1 2 4 8 763.210 766.647
 75    43.707   -28.033  2.857  17 1 4 1 2 4 8 689.432 692.973
 76   -52.026   -35.339  2.992   3 1 4 1 2 4 8 208.287 211.944
 77    -8.435    -0.116  2.870  15 1 4 1 2 4 8 782.647 786.394
 78    89.111    62.122  2.907   6 1 4 1 2 4 8 522.337 526.008
 79     6.067   -16.132  2.955  21 1 4 1 2 4 8 774.030 777.607
 80    27.094    -5.103  3.179  25 1 4 1 2 4 8 606.557 610.301
 81    27.527   -15.344  3.069  18 1 4 1 2 4 8 293.526 297.255
 82    42.511    32.056  3.369   1 1 4 1 2 4 8 854.722 858.247
 83    25.311    12.689  3.095  19 1 4 1 2 4 8 302.013 305.522
 84    47.778   -12.769  3.356  17 1 4 1 2 4 8 685.774 689.428
 85    -3.143   -13.837  2.861  20 1 4 1 2 4 8 39.897 43.535
 86    12.482   -78.101  3.117   1 1 4 1 2 4 8 709.936 713.472
 87   -21.039    -3.430  2.972  13 1 4 1 2 4 8 473.414 476.961
 88    -3.149   -55.432  2.957  25 1 4 1 2 4 8 561.840 565.576
 89    53.009    84.900  3.051  16 1 4 1 2 4 8 373.014 376.767
 90    35.638   -47.552  3.093   5 1 4 1 2 4 8 87.482 91.283
 91    43.427   -18.439  2.922  18 1 4 1 2 4 8 366.397 370.138
 92     6.598   -54.578  3.004  17 1 4 1 2 4 8 656.043 659.667
 93    87.952    94.012  3.156  15 1 4 1 2 4 8 727.368 730.958
 94    39.105   -48.743  3.385  13 1 4 1 2 4 8 655.341 658.860
 95   -48.340   -26.477  3.151  15 1 4 1 2 4 8 590.493 594.027
 96    72.003    -9.253  3.106   2 1 4 1 2 4 8 639.775 643.440
 97   -37.732     3.351  2.916   1 1 4 1 2 4 8 390.408 393.899
 98   -65.967   -36.749  3.216   9 1 4 1 2 4 8 147.319 151.036
 99   -16.669   -35.284  3.086  16 1 4 1 2 4 8 422.055 425.785
100    10.742    -4.669  2.864   6 1 4 1 2 4 8 37.150 40.844
101    15.594    -5.817  3.172  18 1 4 1 2 4 8 398.931 402.724
102    21.606   -18.109  2.913  24 1 4 1 2 4 8 352.488 356.166
103     9.784    49.280  3.125  24 1 4 1 2 4 8 86.595 90.149
104    94.147    -4.492  3.239   9 1 4 1 2 4 8 293.396 297.042
105    10.382   -16.302  3.143  19 1 4 1 2 4 8 159.832 163.599
106    -1.453    -0.861  2.859  12 1 4 1 2 4 8 65.071 68.727
107    -6.219    25.305  2.928  22 1 4 1 2 4 8 313.679 317.469
108    -6.250    10.217  2.881  13 1 4 1 2 4 8 499.343 503.076
109   -17.444   -70.795  2.962  20 1 4 1 2 4 8 412.603 416.300
110   -55.090   -43.854  3.163  25 1 4 1 2 4 8 181.792 185.413
111    -9.442    23.724  3.405   1 1 4 1 2 4 8 93.840 97.464
112     8.978    35.406  3.269  24 1 4 1 2 4 8 408.855 412.426
113   -16.754    -0.812  3.081  10 1 4 1 2 4 8 90.004 93.482
114    66.852   -37.842  3.422  22 1 4 1 2 4 8 211.144 214.802
115    14.716   -23.724  3.270  14 1 4 1 2 4 8 484.030 487.754
116    33.472    20.026  3.362  12 1 4 1 2 4 8 810.896 814.501
117    66.394   -70.111  3.162  23 1 4 1 2 4 8 663.709 667.422
118    -5.664     8.881  3.237  14 1 4 1 2 4 8 570.166 573.819
119    -5.103   -46.729  3.421  23 1 4 1 2 4 8 294.184 297.859
120    -8.826    55.743  3.296  25 1 4 1 2 4 8 358.829 362.382
121     5.847    -3.186  2.864   5 1 4 1 2 4 8 665.372 669.138
122   -25.726   -37.695  2.874   7 1 4 1 2 4 8 619.191 622.876
123   -15.363   -24.548  2.936  25 1 4 1 2 4 8 60.011 63.636
124    43.793   -11.102  3.307  11 1 4 1 2 4 8 338.617 342.385
125    17.664   -25.604  2.910  18 1 4 1 2 4 8 444.181 447.866
126   -39.624    54.883  3.095  18 1 4 1 2 4 8 631.279 635.058
127   -24.554   -43.225  3.136   1 1 4 1 2 4 8 795.859 799.465
128   -26.892   -12.738  3.381   7 1 4 1 2 4 8 777.132 780.679
129    34.155   -38.458  3.400  22 1 4 1 2 4 8 778.927 782.637
130   -47.314   -29.468  2.889   7 1 4 1 2 4 8 358.500 362.111
131    49.365   -25.592  3.018   3 1 4 1 2 4 8 631.466 635.105
132     3.705   -16.449  3.214  18 1 4 1 2 4 8 880.081 883.633
133    22.430   -23.273  2.922   8 1 4 1 2 4 8 104.439 108.244
134   -37.549   -29.608  3.213   6 1 4 1 2 4 8 276.675 280.182
135    25.549     3.674  2.922   7 1 4 1 2 4 8 811.803 815.514
136   -15.216     3.284  3.039  20 1 4 1 2 4 8 743.196 746.680
137   -12.939    -7.495  3.377  10 1 4 1 2 4 8 413.415 416.871
138   -22.107    26.434  3.093   2 1 4 1 2 4 8 767.774 771.314
139   -17.944     7.733  2.873   3 1 4 1 2 4 8 575.958 579.640
140   -21.234    14.490  3.268  10 1 4 1 2 4 8 845.394 848.951
141     3.503   -19.708  3.167   5 1 4 1 2 4 8 447.088 450.655
142    32.599   -14.935  3.281  25 1 4 1 2 4 8 71.242 74.709
143    -5.737   -28.296  3.136  23 1 4 1 2 4 8 399.964 403.577
144    -6.128   -39.624  3.328  21 1 4 1 2 4 8 857.995 861.527
145    -2.460    12.817  3.152  13 1 4 1 2 4 8 310.051 313.815
146    -6.470     8.466  3.042   1 1 4 1 2 4 8 667.701 671.256
147   -37.891   -36.115  2.944  11 1 4 1 2 4 8 440.876 444.370
148    10.852   -18.750  3.390   6 1 4 1 2 4 8 731.304 734.900
149    50.104     8.636  2.916   9 1 4 1 2 4 8 476.623 480.149
150    46.844     4.712  3.128  17 1 4 1 2 4 8 628.484 632.245
151    19.598   -10.406  3.016  13 1 4 1 2 4 8 658.876 662.567
152   -38.947    52.942  3.068  23 1 4 1 2 4 8 107.312 111.105
153    -0.641   -21.289  2.972  19 1 4 1 2 4 8 707.554 711.042
154    40.906   -33.765  3.238  11 1 4 1 2 4 8 690.067 693.821
155    -0.574   -62.299  3.387  12 1 4 1 2 4 8 621.979 625.566
156    -9.778    26.794  3.411  18 1 4 1 2 4 8 719.195 722.881
157    34.265   -23.895  3.169  25 1 4 1 2 4 8 776.994 780.541
158    29.572   -24.561  2.867  13 1 4 1 2 4 8 298.227 301.773
159    16.376   -58.887  3.039  24 1 4 1 2 4 8 310.656 314.376
160    61.877   -15.167  2.883   5 1 4 1 2 4 8 245.220 248.792
161    40.088    -9.625  3.098  14 1 4 1 2 4 8 79.781 83.241
162     0.122    -4.645  3.222  18 1 4 1 2 4 8 269.485 273.147
163    -8.929   -43.903  3.373  25 1 4 1 2 4 8 781.651 785.100
164    -7.135   -57.434  3.176  11 1 4 1 2 4 8 261.739 265.444
165     7.550   -21.210  3.252  18 1 4 1 2 4 8 630.668 634.375
166     3.949     7.300  3.370  23 1 4 1 2 4 8 898.711 902.293
167   -15.118    92.023  3.090  22 1 4 1 2 4 8 820.474 823.900
168    84.821   -24.518  3.102  20 1 4 1 2 4 8 203.317 206.968
169   -52.325    30.682  3.139  11 1 4 1 2 4 8 517.404 520.837
170     7.538    13.818  3.124  11 1 4 1 2 4 8 563.989 567.516
171   -21.484    30.359  3.161  19 1 4 1 2 4 8 828.742 832.511
172    36.047    29.883  3.386  13 1 4 1 2 4 8 610.049 613.558
173    12.781   -40.942  3.308  24 1 4 1 2 4 8 753.409 756.854
174   -17.291   -10.254  3.118   6 1 4 1 2 4 8 670.070 673.557
175   -10.541    12.402  3.210   5 1 4 1 2 4 8 512.874 516.645
176   -15.845   -59.460  3.246  24 1 4 1 2 4 8 145.757 149.233
177    29.266    -2.222  3.382   7 1 4 1 2 4 8 80.120 83.800
178   -12.598   -58.929  3.007  13 1 4 1 2 4 8 712.377 716.004
179   -17.303   -35.297  3.340  25 1 4 1 2 4 8 193.690 197.387
180    57.050   -50.354  3.137  15 1 4 1 2 4 8 797.834 801.524
181    26.941    17.444  3.075  15 1 4 1 2 4 8 568.967 572.729
182    -6.195    -8.881  3.089  16 1 4 1 2 4 8 818.923 822.672
183    16.980   -16.321  3.341   5 1 4 1 2 4 8 312.313 315.889
184    83.710   -32.520  3.172  15 1 4 1 2 4 8 270.898 274.636
185    12.451    34.589  2.947  24 1 4 1 2 4 8 787.810 791.448
186    15.057    67.004  3.113  15 1 4 1 2 4 8 302.939 306.634
187    25.818    -5.835  3.051   9 1 4 1 2 4 8 701.739 705.433
188    13.666   -14.832  3.162  19 1 4 1 2 4 8 113.663 117.108
189    48.322    -5.164  2.970  15 1 4 1 2 4 8 408.145 411.837
190    13.489    19.739  3.313   2 1 4 1 2 4 8 452.127 455.729
191   -18.512    65.405  2.870   3 1 4 1 2 4 8 398.862 402.479
192    17.554    38.379  3.323  18 1 4 1 2 4 8 655.154 658.646
193    37.775   -16.003  3.405  20 1 4 1 2 4 8 176.075 179.858
194    47.968   -30.310  3.134  14 1 4 1 2 4 8 468.152 471.587
195    38.806    36.243  3.220  10 1 4 1 2 4 8 254.293 257.805
196   -16.089   -42.841  3.187   6 1 4 1 2 4 8 601.263 604.741
197    28.656    -1.990  2.894  17 1 4 1 2 4 8 212.841 216.312
198    -5.859    -1.862  3.078  20 1 4 1 2 4 8 616.783 620.422
199    60.516    63.416  2.893   3 1 4 1 2 4 8 213.956 217.628
200    63.196   -47.766  3.013  14 1 4 1 2 4 8 777.051 780.702
201   -15.308   -23.285  3.363  12 1 4 1 2 4 8 510.111 513.741
202    -2.875     0.787  3.394   2 1 4 1 2 4 8 786.503 790.292
203    32.056   -10.175  3.126  11 1 4 1 2 4 8 468.090 471.728
204   -18.634   -25.665  3.255  16 1 4 1 2 4 8 473.927 477.560
205    -3.632    25.433  3.373  18 1 4 1 2 4 8 403.776 407.429
206    10.480    22.888  3.388  14 1 4 1 2 4 8 304.483 308.167
207     1.819    -3.009  3.106   6 1 4 1 2 4 8 124.735 128.187
208   -25.275   -12.183  3.241  12 1 4 1 2 4 8 435.677 439.208
209    56.927   -75.507  3.224  21 1 4 1 2 4 8 265.956 269.648
210    13.885   -36.230  3.282   1 1 4 1 2 4 8 469.389 473.180
211    32.520   -29.523  2.859  18 1 4 1 2 4 8 273.772 277.481
212     4.803    -7.288  3.048  17 1 4 1 2 4 8 884.201 887.804
213    11.365    -8.344  3.056  15 1 4 1 2 4 8 604.578 608.163
214    17.126   -24.646  2.917   4 1 4 1 2 4 8 415.884 419.416
215   -33.661   -41.241  2.933  18 1 4 1 2 4 8 135.586 139.102
216   -32.391   -50.885  2.910  22 1 4 1 2 4 8 697.142 700.707
217    23.041   -14.496  2.889  16 1 4 1 2 4 8 847.695 851.325
218   -21.857   -39.502  3.119  14 1 4 1 2 4 8 235.132 238.853
219    32.013    77.332  3.260  25 1 4 1 2 4 8 713.216 717.006
220    13.831   -76.190  3.367  15 1 4 1 2 4 8 692.291 695.753
221    -8.051   -21.179  3.079   6 1 4 1 2 4 8 817.788 821.556
222    25.391    46.613  3.136   7 1 4 1 2 4 8 633.146 636.578
223    49.536   -54.639  3.394  21 1 4 1 2 4 8 333.991 337.699
224    63.416    -8.636  3.151   3 1 4 1 2 4 8 171.564 175.094
225     2.301    -5.536  3.049  15 1 4 1 2 4 8 637.939 641.605
226    52.423    29.895  3.212  24 1 4 1 2 4 8 433.752 437.336
227     9.296   -16.254  3.238   2 1 4 1 2 4 8 752.953 756.618
228    34.845   -96.185  3.160  17 1 4 1 2 4 8 653.434 656.927
229   -21.063   -41.498  3.218   2 1 4 1 2 4 8 876.614 880.415
230    28.448    10.242  3.003  25 1 4 1 2 4 8 287.897 291.685
231    16.254   -22.583  3.298  15 1 4 1 2 4 8 125.135 128.839
232   -36.639   -34.033  3.119   3 1 4 1 2 4 8 388.776 392.203
233   -27.356   -50.177  3.242   1 1 4 1 2 4 8 744.698 748.380
234   -53.705    11.334  3.205   1 1 4 1 2 4 8 837.888 841.616
235    26.276    -5.994  3.018  20 1 4 1 2 4 8 201.343 204.957
236   -31.519    34.589  3.162  19 1 4 1 2 4 8 208.915 212.529
237   -14.612   -31.506  3.331   2 1 4 1 2 4 8 432.378 436.033
238    -4.242   -30.865  2.984   9 1 4 1 2 4 8 548.972 552.578
239   -18.524   -29.486  3.099   4 1 4 1 2 4 8 743.274 746.903
240   -17.133   -19.397  2.871  16 1 4 1 2 4 8 375.146 378.801
241    34.430   -17.151 0.000   0 0 0 0.000 951.660
242     0.269    -8.154 0.000   0 0 0 0.000 951.660
243     3.140    13.297 0.000   0 0 0 0.000 951.660
244    -3.113   -29.745 0.000   0 0 0 0.000 951.660
