6 6 288 4
400 175
400 175
400 175
400 175
  1   -66.174   -37.811  3.359  19 1 4 1 2 4 8 284.841 288.509
  2     2.673   -35.223  3.424  21 1 4 1 2 4 8 765.523 769.257
  3    38.751     8.618  3.061  17 1 4 1 2 4 8 759.808 763.409
  4    62.653    20.667  3.347   6 1 4 1 2 4 8 514.974 518.853
  5    60.974    -6.110  3.161   6 1 4 1 2 4 8 432.919 436.461
  6   -98.535   -39.532  3.091  19 1 4 1 2 4 8 668.362 672.211
  7     8.411   -81.274  3.204  17 1 4 1 2 4 8 721.940 725.800
  8   -14.569    26.056  3.189  19 1 4 1 2 4 8 70.623 74.381
  9   -34.186   -76.697  3.260   2 1 4 1 2 4 8 620.173 623.839
 10    55.145   -33.911  3.287   3 1 4 1 2 4 8 196.224 199.872
 11    15.869     8.716  3.322  24 1 4 1 2 4 8 642.276 646.163
 12   -63.416   -20.282  3.311   5 1 4 1 2 4 8 801.972 805.537
 13    -9.357   -42.212  3.246   9 1 4 1 2 4 8 621.858 625.574
 14   -53.619     3.729  2.975  20 1 4 1 2 4 8 474.453 478.145
 15    53.491    -3.308  3.114  19 1 4 1 2 4 8 525.110 528.849
 16   -22.614   -32.794  3.491  20 1 4 1 2 4 8 407.175 410.713
 17    39.612    -1.550  3.277   4 1 4 1 2 4 8 628.991 632.529
 18    16.705   -22.748  3.122   3 1 4 1 2 4 8 755.478 759.283
 19   -51.245   -13.757  3.506   2 1 4 1 2 4 8 127.121 130.858
 20   -29.907    14.380  3.450  23 1 4 1 2 4 8 92.373 96.095
 21   -70.441   -27.911  3.364   6 1 4 1 2 4 8 127.824 131.477
 22   -75.385   -30.811  2.979  17 1 4 1 2 4 8 683.601 687.487
 23    10.590   -28.931  2.968  17 1 4 1 2 4 8 420.709 424.344
 24    86.340   -45.935  3.259   3 1 4 1 2 4 8 581.944 585.663
 25     3.864    34.583  3.486  16 1 4 1 2 4 8 745.552 749.297
 26   -37.598   -42.114  3.224  15 1 4 1 2 4 8 256.421 260.097
 27    69.440     1.379  3.398  23 1 4 1 2 4 8 788.668 792.225
 28   -13.818     1.245  3.183  15 1 4 1 2 4 8 447.646 451.316
 29   -27.124   -38.037  3.121  12 1 4 1 2 4 8 97.323 100.921
 30   -69.348   -14.734  3.375  19 1 4 1 2 4 8 667.029 670.900
 31    58.575    29.346  3.386  23 1 4 1 2 4 8 129.618 133.354
 32    58.105    31.702  3.153  10 1 4 1 2 4 8 691.672 695.213
 33   -62.250   -16.425  3.287  23 1 4 1 2 4 8 776.555 780.183
 34   -66.382    13.586  3.151  22 1 4 1 2 4 8 573.050 576.772
 35    68.030   -12.482  3.155   4 1 4 1 2 4 8 657.521 661.406
 36   -30.701   -41.681  3.489   5 1 4 1 2 4 8 180.511 184.145
 37   -55.389   -51.050  3.248   1 1 4 1 2 4 8 289.276 293.152
 38    36.237    -2.655  3.210  11 1 4 1 2 4 8 701.107 704.795
 39    -1.215     5.591  3.512  20 1 4 1 2 4 8 202.924 206.692
 40    10.278   -23.950  3.070  25 1 4 1 2 4 8 233.475 237.056
 41    -7.159    36.859  2.961  18 1 4 1 2 4 8 579.249 582.835
 42   -90.204    61.169  3.051   4 1 4 1 2 4 8 572.446 576.136
 43    46.368    65.082  3.177  10 1 4 1 2 4 8 605.554 609.101
 44    13.348    31.372  3.009  17 1 4 1 2 4 8 407.957 411.501
 45   -73.566   -28.839  3.198   7 1 4 1 2 4 8 244.665 248.217
 46   -41.528   -37.097  3.389   4 1 4 1 2 4 8 706.620 710.521
 47   -60.938   -27.246  3.237   3 1 4 1 2 4 8 584.546 588.167
 48    38.312    54.376  3.245  12 1 4 1 2 4 8 269.529 273.257
 49    26.306    11.975  3.409  13 1 4 1 2 4 8 604.790 608.670
 50    10.297   -48.346  3.229  24 1 4 1 2 4 8 353.969 357.788
 51    52.417   -28.363  3.430  16 1 4 1 2 4 8 380.892 384.491
 52   -43.756   -39.343  3.346   2 1 4 1 2 4 8 133.967 137.866
 53    49.316    11.395  3.366   7 1 4 1 2 4 8 550.986 554.683
 54    45.593     4.346  3.506  15 1 4 1 2 4 8 135.896 139.551
 55   -25.989   -15.814  3.132  12 1 4 1 2 4 8 500.591 504.438
 56    65.253   -59.631  2.977  15 1 4 1 2 4 8 195.782 199.404
 57    12.109   -34.387  3.373  17 1 4 1 2 4 8 568.256 571.978
 58    12.390   -16.254  2.985  16 1 4 1 2 4 8 589.687 593.500
 59     0.525    69.611  2.955   1 1 4 1 2 4 8 787.808 791.432
 60    -8.679     7.770  3.301   9 1 4 1 2 4 8 425.415 428.941
 61    41.467   -35.016  2.995   4 1 4 1 2 4 8 194.420 197.962
 62    11.859   -34.973  3.001   3 1 4 1 2 4 8 126.624 130.338
 63    -1.306   -58.063  3.454   1 1 4 1 2 4 8 310.271 313.981
 64     6.024   -31.018  3.126   4 1 4 1 2 4 8 456.821 460.709
 65     1.788   -32.544  3.067   6 1 4 1 2 4 8 644.574 648.216
 66    29.272    -6.494  2.954   1 1 4 1 2 4 8 864.636 868.302
 67    23.950    10.742  3.392  19 1 4 1 2 4 8 751.235 754.764
 68   -65.887    40.912  3.348   1 1 4 1 2 4 8 185.312 188.852
 69   -10.095    26.257  3.225   2 1 4 1 2 4 8 672.103 675.879
 70    58.093    67.352  3.127  25 1 4 1 2 4 8 350.306 354.021
 71    90.015     9.485  2.947   4 1 4 1 2 4 8 754.623 758.258
 72    -6.622    15.216  3.434   4 1 4 1 2 4 8 441.527 445.377
 73    -2.875   -42.841  3.090  13 1 4 1 2 4 8 699.643 703.556
 74   -37.714    -7.306  3.289  18 1 4 1 2 4 8 158.899 162.508
 75    44.171   -11.224  2.954   9 1 4 1 2 4 8 713.989 717.659
 76   -58.704    -2.808  3.519   5 1 4 1 2 4 8 743.615 747.515
 77    -3.912    10.071  3.318  12 1 4 1 2 4 8 783.773 787.599
 78   -41.370    -1.495  3.009  22 1 4 1 2 4 8 290.388 294.115
 79    58.179    27.563  3.464   9 1 4 1 2 4 8 569.154 572.695
 80   -63.861    26.147  3.373  11 1 4 1 2 4 8 559.538 563.088
 81   -56.793   -15.918  2.945   6 1 4 1 2 4 8 238.961 242.717
 82    22.217   -27.509  3.476  19 1 4 1 2 4 8 372.246 375.850
 83    -1.031   -14.838  3.387  10 1 4 1 2 4 8 549.192 552.782
 84   -57.703   -10.480  3.242   1 1 4 1 2 4 8 245.802 249.687
 85    80.847     6.299  3.053  10 1 4 1 2 4 8 186.391 190.046
 86     2.887    10.822  2.965  20 1 4 1 2 4 8 900.655 904.568
 87   -37.390    -7.800  3.417  18 1 4 1 2 4 8 873.324 876.930
 88   -33.600   -26.740  3.008   1 1 4 1 2 4 8 252.684 256.449
 89    95.197    24.231  3.371  11 1 4 1 2 4 8 453.717 457.279
 90   -13.904    29.327  3.314  20 1 4 1 2 4 8 851.259 855.155
 91   -53.461     9.296  3.041  12 1 4 1 2 4 8 522.722 526.283
 92    67.578    13.007  3.399  17 1 4 1 2 4 8 678.754 682.318
 93   -83.881   -53.265  3.267  16 1 4 1 2 4 8 575.133 579.012
 94    30.255   -72.430  3.347   3 1 4 1 2 4 8 146.773 150.392
 95   -22.333   -20.538  3.207  14 1 4 1 2 4 8 693.039 696.729
 96     3.741   -35.461  3.165  12 1 4 1 2 4 8 106.989 110.820
 97   -20.093   -43.982  3.110   9 1 4 1 2 4 8 645.315 648.909
 98   -47.687   -21.100  3.075   1 1 4 1 2 4 8 382.183 386.061
 99   -20.447   -13.849  3.404   7 1 4 1 2 4 8 409.998 413.785
100    34.515     3.967  3.053   7 1 4 1 2 4 8 336.904 340.757
101    20.514   -11.884  3.190   5 1 4 1 2 4 8 637.487 641.224
102   -46.039   -22.565  3.479   9 1 4 1 2 4 8 883.625 887.383
103   -39.630    25.385  3.006  15 1 4 1 2 4 8 401.767 405.534
104    -1.025    50.433  2.990   4 1 4 1 2 4 8 444.404 447.944
105   -28.632    23.486  2.999  10 1 4 1 2 4 8 858.016 861.541
106   -52.997   -16.248  3.417  21 1 4 1 2 4 8 434.548 438.442
107    -3.345   -22.955  3.018   2 1 4 1 2 4 8 238.786 242.691
108   -62.640   -26.349  3.034   6 1 4 1 2 4 8 399.315 403.096
109    25.403     0.531  3.109   1 1 4 1 2 4 8 512.900 516.487
110   -29.895    72.919  3.278  23 1 4 1 2 4 8 514.938 518.479
111    26.630     1.971  3.372  24 1 4 1 2 4 8 490.625 494.380
112    -9.814    35.004  3.219  16 1 4 1 2 4 8 424.275 427.949
113    -7.758   -42.426  3.339  18 1 4 1 2 4 8 692.951 696.621
114    28.918    -7.117  3.024   1 1 4 1 2 4 8 127.715 131.434
115    47.693    36.108  3.325   1 1 4 1 2 4 8 140.849 144.396
116   -53.168     5.206  3.097  21 1 4 1 2 4 8 689.626 693.410
117    17.560    13.214  3.274   8 1 4 1 2 4 8 519.285 522.879
118     6.836    -2.496  3.223  22 1 4 1 2 4 8 361.463 365.037
119   -17.322    97.260  3.442  23 1 4 1 2 4 8 375.304 378.836
120    22.406    26.532  3.224  11 1 4 1 2 4 8 412.724 416.423
121   -73.090   -13.251  3.026  15 1 4 1 2 4 8 702.060 705.961
122   -64.996    -4.578  3.184  14 1 4 1 2 4 8 689.392 692.934
123   -34.906   -43.903  3.234  16 1 4 1 2 4 8 155.682 159.513
124   -92.346    -4.517  3.358  25 1 4 1 2 4 8 175.973 179.875
125     0.647    -8.496  3.017  12 1 4 1 2 4 8 826.589 830.248
126     5.048   -37.323  2.951   9 1 4 1 2 4 8 363.332 367.166
127   -19.080   -14.178  3.034  20 1 4 1 2 4 8 615.582 619.345
128   -71.704   -11.450  3.462  22 1 4 1 2 4 8 417.497 421.161
129   -45.581   -28.717  3.250  13 1 4 1 2 4 8 614.649 618.499
130   -28.351   -23.914  3.250  24 1 4 1 2 4 8 372.629 376.223
131   -16.486    30.920  2.973  13 1 4 1 2 4 8 287.157 290.939
132   -83.423   -20.935  3.445   4 1 4 1 2 4 8 321.641 325.496
133   -12.054   -20.612  3.486  22 1 4 1 2 4 8 894.429 898.231
134    -7.184   -63.721  3.347  18 1 4 1 2 4 8 555.213 558.881
135    34.546    -8.881  3.050  25 1 4 1 2 4 8 582.798 586.452
136    -4.865    73.694  3.290  19 1 4 1 2 4 8 372.349 375.883
137   -36.005    -3.876  3.018   8 1 4 1 2 4 8 737.479 741.362
138   -28.400   -21.820  3.056  13 1 4 1 2 4 8 884.946 888.798
139   -56.281   -15.112  3.038   1 1 4 1 2 4 8 627.009 630.595
140   -11.017    42.151  3.458   1 1 4 1 2 4 8 479.037 482.571
141   -63.092   -62.573  3.276   5 1 4 1 2 4 8 394.840 398.433
142    29.486    79.944  3.239   2 1 4 1 2 4 8 487.979 491.748
143   -65.674    -0.238  3.306  22 1 4 1 2 4 8 178.743 182.432
144    46.130   -20.416  3.186   3 1 4 1 2 4 8 238.061 241.637
145     1.575   -16.364  3.314   2 1 4 1 2 4 8 317.367 321.080
146    40.277    -1.379  3.166   6 1 4 1 2 4 8 326.806 330.670
147   -15.271    42.249  3.107  19 1 4 1 2 4 8 223.569 227.362
148    33.215   -16.614  2.962   5 1 4 1 2 4 8 813.545 817.107
149   -72.388    13.074  3.119  25 1 4 1 2 4 8 630.348 634.073
150   -24.487     5.273  3.233   9 1 4 1 2 4 8 878.016 881.654
151    -6.598   -30.957  3.484  20 1 4 1 2 4 8 730.627 734.441
152    31.287    21.332  3.306  11 1 4 1 2 4 8 531.058 534.628
153    20.557     0.378  3.156  18 1 4 1 2 4 8 94.897 98.463
154   -67.200   -41.339  3.222  25 1 4 1 2 4 8 551.269 554.973
155    22.168   -40.375  3.459  22 1 4 1 2 4 8 274.383 277.924
156    31.165     2.222  3.443  25 1 4 1 2 4 8 885.419 889.018
157    74.634    30.219  3.023  14 1 4 1 2 4 8 548.719 552.621
158    60.699    81.116  3.478  21 1 4 1 2 4 8 772.261 776.059
159   -60.736    24.133  3.390   1 1 4 1 2 4 8 386.368 390.248
160     1.978    17.517  3.212   9 1 4 1 2 4 8 898.530 902.083
161   -80.566   -38.196  3.062   2 1 4 1 2 4 8 241.845 245.501
162   -49.927   -36.713  3.295   2 1 4 1 2 4 8 688.528 692.349
163   -60.449   -27.820  3.388   4 1 4 1 2 4 8 815.378 819.067
164   -78.748   -44.226  3.383  15 1 4 1 2 4 8 336.058 339.691
165    54.260    -9.259  3.514  11 1 4 1 2 4 8 502.593 506.320
166   -42.059   -26.636  2.957  15 1 4 1 2 4 8 147.922 151.488
167   -57.336   -16.718  3.463  15 1 4 1 2 4 8 301.187 305.072
168    -1.276   -13.330  3.067  16 1 4 1 2 4 8 493.621 497.161
169   -24.158    39.197  3.337  14 1 4 1 2 4 8 321.089 324.635
170    17.908   -40.442  3.284  25 1 4 1 2 4 8 584.580 588.152
171    59.833    -3.674  3.089   9 1 4 1 2 4 8 366.472 370.366
172    -3.510     6.256  3.370  23 1 4 1 2 4 8 868.656 872.265
173    40.167     8.594  3.085  16 1 4 1 2 4 8 588.041 591.749
174    -1.691   -54.376  3.472  10 1 4 1 2 4 8 444.408 448.011
175   -36.035   -17.065  3.080   4 1 4 1 2 4 8 797.928 801.460
176     7.275    -4.144  3.347  25 1 4 1 2 4 8 118.216 121.980
177    30.219    -6.830  2.979  20 1 4 1 2 4 8 816.630 820.208
178   -26.379   -63.055  3.459   5 1 4 1 2 4 8 192.478 196.361
179    28.772    -0.031  2.978  19 1 4 1 2 4 8 487.885 491.605
180     2.625     5.072  3.510   2 1 4 1 2 4 8 180.945 184.753
181     3.595   -21.600  3.306  13 1 4 1 2 4 8 318.587 322.152
182   -64.948   -10.956  3.090  19 1 4 1 2 4 8 194.555 198.228
183    18.671   -41.010  2.954   2 1 4 1 2 4 8 651.709 655.282
184    29.291    12.799  3.511  16 1 4 1 2 4 8 289.666 293.448
185     4.529    26.654  3.327   2 1 4 1 2 4 8 136.041 139.740
186    25.360    29.718  3.500   6 1 4 1 2 4 8 211.583 215.196
187    57.349   -15.405  3.303   3 1 4 1 2 4 8 667.986 671.523
188   -11.566   -19.012  3.458  20 1 4 1 2 4 8 265.139 268.948
189   -45.441   -71.808  3.162  13 1 4 1 2 4 8 442.399 446.239
190     2.197    -3.564  3.298   9 1 4 1 2 4 8 386.642 390.378
191    -1.855   -24.475  3.138   5 1 4 1 2 4 8 358.451 361.999
192   -59.851   -48.938  3.192  15 1 4 1 2 4 8 125.870 129.602
193    70.081   -17.816  2.981  22 1 4 1 2 4 8 125.259 128.814
194    -4.932    28.754  3.418  18 1 4 1 2 4 8 474.566 478.120
195   -46.625   -23.529  3.479  21 1 4 1 2 4 8 877.568 881.391
196   -49.872   -35.339  2.949  16 1 4 1 2 4 8 145.476 149.355
197   -67.499     8.142  3.380  22 1 4 1 2 4 8 501.320 504.943
198    31.195   -18.243  3.378  23 1 4 1 2 4 8 553.921 557.670
199   -42.139   -52.704  3.229   1 1 4 1 2 4 8 237.705 241.595
200   -15.094    18.933  3.088   1 1 4 1 2 4 8 884.171 887.901
201   -78.625   -24.341  3.049  13 1 4 1 2 4 8 207.691 211.496
202    51.471    -9.607  3.064  14 1 4 1 2 4 8 336.843 340.631
203    29.987   -31.061  3.292  18 1 4 1 2 4 8 445.954 449.717
204    46.741     1.453  3.216   5 1 4 1 2 4 8 422.570 426.330
205   -52.954    31.738  3.281  24 1 4 1 2 4 8 716.090 719.764
206    10.535   -61.432  3.194  11 1 4 1 2 4 8 462.390 466.121
207   -15.948   -56.012  3.183   5 1 4 1 2 4 8 439.411 443.121
208    -7.776   -54.730  3.382   1 1 4 1 2 4 8 900.738 904.561
209    11.047   -20.905  3.224  21 1 4 1 2 4 8 555.892 559.486
210   -24.359   -23.047  3.335   6 1 4 1 2 4 8 514.947 518.552
211     2.948   -20.398  3.312   6 1 4 1 2 4 8 717.512 721.260
212   -82.654    24.323  3.254   5 1 4 1 2 4 8 486.330 490.097
213   -12.134    42.065  3.389  23 1 4 1 2 4 8 704.298 707.872
214   -98.035   -36.359  3.229  16 1 4 1 2 4 8 211.529 215.082
215   -61.102   -13.477  2.946  18 1 4 1 2 4 8 850.723 854.362
216   -39.136     6.287  3.186  10 1 4 1 2 4 8 816.046 819.692
217    41.180     7.971  3.264   9 1 4 1 2 4 8 854.117 857.738
218     4.254    19.830  3.178  18 1 4 1 2 4 8 395.881 399.475
219   -34.143   -37.915  3.484  22 1 4 1 2 4 8 379.854 383.415
220    -4.559    23.566  3.050  24 1 4 1 2 4 8 361.199 364.962
221    37.891    -1.947  2.952  15 1 4 1 2 4 8 722.159 725.740
222    78.259    15.936  3.015   6 1 4 1 2 4 8 480.159 483.997
223    -8.661   -25.110  3.345  12 1 4 1 2 4 8 866.335 870.205
224    10.071    37.164  3.244  19 1 4 1 2 4 8 785.435 789.069
225   -42.621   -46.985  3.000  19 1 4 1 2 4 8 117.494 121.206
226    92.157   -94.183  3.147  17 1 4 1 2 4 8 325.373 328.946
227    32.202   -39.844  3.309  22 1 4 1 2 4 8 751.219 754.935
228   -55.231   -15.027  3.433  25 1 4 1 2 4 8 396.928 400.719
229   -26.746   -21.490  3.121  11 1 4 1 2 4 8 364.208 368.031
230   -75.513    -0.708  3.109  23 1 4 1 2 4 8 731.839 735.682
231    34.021    12.665  3.157  10 1 4 1 2 4 8 258.838 262.665
232    -2.643   -20.831  3.248  17 1 4 1 2 4 8 710.446 714.120
233    53.369    13.770  3.485   6 1 4 1 2 4 8 220.683 224.591
234   -14.948   -40.259  3.469  20 1 4 1 2 4 8 385.441 388.970
235    67.828     5.750  3.273   6 1 4 1 2 4 8 435.961 439.830
236   -13.220   -26.031  3.141   4 1 4 1 2 4 8 118.741 122.316
237     4.169   -32.617  3.034  25 1 4 1 2 4 8 405.986 409.683
238   -26.050   -33.313  3.407   7 1 4 1 2 4 8 124.080 127.762
239    31.964   -45.703  2.998  11 1 4 1 2 4 8 428.772 432.307
240    96.820    26.208  3.263  14 1 4 1 2 4 8 213.853 217.714
241   -44.696   -37.854  2.967  14 1 4 1 2 4 8 836.291 840.134
242    33.417    11.792  3.380  15 1 4 1 2 4 8 839.765 843.570
243   -35.187    19.226  3.246   2 1 4 1 2 4 8 321.976 325.734
244   -14.233   -74.988  3.037  14 1 4 1 2 4 8 293.854 297.625
245    37.158    -0.836  3.507  17 1 4 1 2 4 8 834.581 838.219
246   -51.697   -26.447  3.331  24 1 4 1 2 4 8 771.748 775.660
247    23.535     5.896  3.472  10 1 4 1 2 4 8 116.716 120.452
248   -18.433    53.711  3.317  20 1 4 1 2 4 8 630.807 634.378
249   -11.340   -17.621  3.315  11 1 4 1 2 4 8 684.937 688.476
250    -7.812   -35.895  3.280  16 1 4 1 2 4 8 495.937 499.484
251     3.522    26.941  3.252   3 1 4 1 2 4 8 297.831 301.403
252   -46.588   -22.266  3.264  11 1 4 1 2 4 8 292.115 295.651
253    -2.997    -0.549  3.112  10 1 4 1 2 4 8 738.491 742.237
254    32.147    17.151  3.035  18 1 4 1 2 4 8 303.341 306.961
255    32.019    13.007  3.268  20 1 4 1 2 4 8 759.807 763.341
256    -6.628    29.889  3.414  24 1 4 1 2 4 8 527.690 531.571
257    77.777   -25.397  3.446  16 1 4 1 2 4 8 354.935 358.583
258    30.707    65.704  3.522   2 1 4 1 2 4 8 289.077 292.919
259   -43.811   -43.036  2.943  14 1 4 1 2 4 8 715.190 718.739
260    49.561    16.827  3.280  10 1 4 1 2 4 8 623.427 627.182
261   -28.931    -0.439  3.260  22 1 4 1 2 4 8 453.040 456.741
262    40.363    16.382  3.452  14 1 4 1 2 4 8 290.895 294.467
263    22.748    40.674  3.219  15 1 4 1 2 4 8 837.950 841.478
264    -1.471     6.567  3.062   7 1 4 1 2 4 8 453.371 457.077
265    -1.190    16.864  3.152  20 1 4 1 2 4 8 379.285 383.072
266     8.032    41.821  2.950   1 1 4 1 2 4 8 428.648 432.362
267   -44.019   -22.784  3.197  24 1 4 1 2 4 8 745.968 749.696
268    12.366   -11.353  3.417  22 1 4 1 2 4 8 369.353 372.890
269    33.276    15.881  3.205  23 1 4 1 2 4 8 166.173 169.699
270   -34.790   -15.045  3.261  20 1 4 1 2 4 8 665.115 668.767
271   -96.857   -19.391  3.239  15 1 4 1 2 4 8 369.576 373.143
272    38.434    -5.353  3.127  14 1 4 1 2 4 8 236.076 239.748
273   -25.391     0.220  3.026  12 1 4 1 2 4 8 661.872 665.396
274     0.848   -31.860  3.359   4 1 4 1 2 4 8 895.828 899.576
275   -24.023    95.691  3.408  15 1 4 1 2 4 8 176.276 179.824
276    -4.272    35.468  3.241  12 1 4 1 2 4 8 521.556 525.369
277    -6.927     1.855  3.035   8 1 4 1 2 4 8 703.584 707.414
278   -70.953    -3.217  3.013   2 1 4 1 2 4 8 336.543 340.260
279   -32.648   -16.522  3.246  24 1 4 1 2 4 8 699.774 703.375
280    42.859   -21.680  3.072   5 1 4 1 2 4 8 568.057 571.777
281     5.182     6.403  3.426   8 1 4 1 2 4 8 80.319 83.849
282    36.920    -4.987  3.301  21 1 4 1 2 4 8 257.039 260.615
283    49.591    27.783  3.032   5 1 4 1 2 4 8 807.897 811.603
284    45.038    10.785  3.382  16 1 4 1 2 4 8 614.121 618.008
285     7.690    14.056  3.022   8 1 4 1 2 4 8 498.666 502.216
286   -60.907    18.640  3.406  24 1 4 1 2 4 8 348.328 351.908
287   -64.496     8.923  3.228  23 1 4 1 2 4 8 201.794 205.347
288    37.158   -14.990  3.275   6 1 4 1 2 4 8 156.212 160.047
289     2.277     7.840 0.000   0 0 0 0.000 978.975
290    32.883    -1.779 0.000   0 0 0 0.000 978.975
291   -49.554   -17.828 0.000   0 0 0 0.000 978.975
292     3.690   -26.099 0.000   0 0 0 0.000 978.975
