6 1 72 6
500 200
500 200
500 200
500 200
500 200
500 200
  1   -92.700   -59.180  3.002  20 1 6 1 2 4 8 16 32 270.841 274.068
  2    71.179    12.543  2.903   6 1 6 1 2 4 8 16 32 493.209 496.640
  3    31.537    66.638  3.095  19 1 6 1 2 4 8 16 32 671.259 674.676
  4    -4.694    25.537  2.957  10 1 6 1 2 4 8 16 32 171.790 175.200
  5   -30.194    67.773  3.097  18 1 6 1 2 4 8 16 32 474.521 477.891
  6    12.677   -57.471  2.912   1 1 6 1 2 4 8 16 32 438.261 441.669
  7   -32.355   -20.966  2.968  15 1 6 1 2 4 8 16 32 107.310 110.699
  8    19.910    48.975  2.786  23 1 6 1 2 4 8 16 32 105.017 108.233
  9    13.202   -19.135  2.993  13 1 6 1 2 4 8 16 32 85.909 89.160
 10    54.877   -41.168  2.780  12 1 6 1 2 4 8 16 32 362.631 365.900
 11    15.063   -25.171  2.614   7 1 6 1 2 4 8 16 32 623.748 627.158
 12   -50.598   -16.418  2.802  25 1 6 1 2 4 8 16 32 743.578 746.871
 13   -29.730    17.078  2.849   5 1 6 1 2 4 8 16 32 431.333 434.652
 14    17.542     1.575  2.952   1 1 6 1 2 4 8 16 32 412.473 415.780
 15    11.127    77.216  2.862  25 1 6 1 2 4 8 16 32 119.370 122.662
 16    33.752    71.259  2.652  10 1 6 1 2 4 8 16 32 441.326 444.687
 17   -56.012   -10.394  2.759   2 1 6 1 2 4 8 16 32 630.018 633.362
 18    57.874   -16.290  2.711   7 1 6 1 2 4 8 16 32 225.986 229.118
 19    10.718   -18.787  2.815  11 1 6 1 2 4 8 16 32 770.152 773.573
 20    53.088   -18.750  2.625   4 1 6 1 2 4 8 16 32 217.707 221.080
 21     1.569     7.532  3.077   6 1 6 1 2 4 8 16 32 769.257 772.442
 22    31.531    48.944  3.109  15 1 6 1 2 4 8 16 32 446.575 449.686
 23   -66.833   -37.854  2.773   7 1 6 1 2 4 8 16 32 275.302 278.693
 24   -70.740    62.244  2.980   8 1 6 1 2 4 8 16 32 237.686 240.998
 25    32.538    23.096  3.047  10 1 6 1 2 4 8 16 32 736.596 739.719
 26   -51.453   -36.444  3.094   9 1 6 1 2 4 8 16 32 431.432 434.782
 27    36.456   -22.638  2.876   4 1 6 1 2 4 8 16 32 299.207 302.525
 28   -31.207    43.494  2.983   6 1 6 1 2 4 8 16 32 455.644 458.931
 29   -10.388    34.491  3.093  22 1 6 1 2 4 8 16 32 606.296 609.663
 30    14.722   -10.834  2.828  17 1 6 1 2 4 8 16 32 365.873 369.271
 31    47.095   -21.387  2.689   9 1 6 1 2 4 8 16 32 468.001 471.283
 32    43.781    34.766  3.055  25 1 6 1 2 4 8 16 32 508.161 511.399
 33    53.546   -67.487  2.684  10 1 6 1 2 4 8 16 32 636.022 639.244
 34    26.801    46.515  3.047  18 1 6 1 2 4 8 16 32 190.611 193.988
 35    63.385    11.981  3.105  21 1 6 1 2 4 8 16 32 624.866 628.244
 36    47.192    -5.475  3.077  10 1 6 1 2 4 8 16 32 324.919 328.089
 37   -16.315   -11.267  2.837  23 1 6 1 2 4 8 16 32 526.534 529.687
 38    78.900    17.651  2.754  23 1 6 1 2 4 8 16 32 465.150 468.539
 39    79.822    22.272  2.613  11 1 6 1 2 4 8 16 32 220.101 223.233
 40    12.878    16.919  3.014   1 1 6 1 2 4 8 16 32 761.995 765.235
 41   -67.981    -3.754  3.070  23 1 6 1 2 4 8 16 32 578.476 581.826
 42     9.198   -18.597  3.033  16 1 6 1 2 4 8 16 32 453.056 456.355
 43   -35.950   -19.141  3.031  10 1 6 1 2 4 8 16 32 161.000 164.237
 44    28.766    45.276  2.814  12 1 6 1 2 4 8 16 32 576.204 579.336
 45    11.469    68.231  3.015  12 1 6 1 2 4 8 16 32 380.154 383.298
 46   -22.760    45.496  3.065   3 1 6 1 2 4 8 16 32 631.457 634.825
 47   -65.674   -23.120  2.632  22 1 6 1 2 4 8 16 32 677.988 681.434
 48     7.239     1.599  2.706  21 1 6 1 2 4 8 16 32 172.993 176.416
 49   -29.785   -11.285  2.762  13 1 6 1 2 4 8 16 32 644.983 648.282
 50   -89.050    16.211  2.786  15 1 6 1 2 4 8 16 32 562.363 565.586
 51   -46.887    -3.363  2.681  13 1 6 1 2 4 8 16 32 620.722 624.104
 52   -14.972    30.621  2.996  20 1 6 1 2 4 8 16 32 628.877 632.020
 53   -17.035    49.774  2.696  10 1 6 1 2 4 8 16 32 427.118 430.444
 54    31.635    53.619  3.045  25 1 6 1 2 4 8 16 32 332.307 335.547
 55    -3.577    13.342  2.991   7 1 6 1 2 4 8 16 32 718.776 722.043
 56    33.008    58.960  3.044  15 1 6 1 2 4 8 16 32 421.559 424.815
 57   -92.950    63.263  3.044   2 1 6 1 2 4 8 16 32 278.531 281.904
 58    -9.137   -22.931  2.779  23 1 6 1 2 4 8 16 32 496.484 499.655
 59   -39.960     6.195  2.875   5 1 6 1 2 4 8 16 32 547.260 550.505
 60    28.430   -19.214  2.645  25 1 6 1 2 4 8 16 32 611.524 614.739
 61   -28.540    -3.485  2.698   9 1 6 1 2 4 8 16 32 679.303 682.545
 62    31.415    36.859  2.839   2 1 6 1 2 4 8 16 32 598.117 601.366
 63   -49.426    60.602  2.981  24 1 6 1 2 4 8 16 32 727.462 730.782
 64   -72.827   -27.765  2.643  13 1 6 1 2 4 8 16 32 717.664 720.780
 65    60.083   -45.905  2.733  20 1 6 1 2 4 8 16 32 361.644 364.995
 66    10.870    -3.900  2.925  13 1 6 1 2 4 8 16 32 713.691 717.045
 67    25.122     7.672  3.047  15 1 6 1 2 4 8 16 32 309.454 312.678
 68   -46.997   -17.474  2.944   4 1 6 1 2 4 8 16 32 380.331 383.713
 69    16.058    33.020  2.823  20 1 6 1 2 4 8 16 32 610.902 614.043
 70    25.409   -11.700  3.069   8 1 6 1 2 4 8 16 32 752.426 755.568
 71    68.323    -5.145  2.703  19 1 6 1 2 4 8 16 32 678.933 682.208
 72   -13.104    62.158  2.816  20 1 6 1 2 4 8 16 32 300.664 303.842
 73    42.395    -8.344 0.000   0 0 0 0.000 863.860
 74   -42.175   -14.554 0.000   0 0 0 0.000 863.860
 75    16.034    40.726 0.000   0 0 0 0.000 863.860
 76   -14.639    29.633 0.000   0 0 0 0.000 863.860
 77    16.049    -3.934 0.000   0 0 0 0.000 863.860
 78    46.112    12.430 0.000   0 0 0 0.000 863.860
