6 2 144 6
475 190
475 190
475 190
475 190
475 190
475 190
  1   -40.289   -42.303  3.028  20 1 6 1 2 4 8 16 32 222.678 226.094
  2   -64.709   -17.389  2.881  10 1 6 1 2 4 8 16 32 308.512 311.700
  3     5.060   -14.349  2.842   8 1 6 1 2 4 8 16 32 764.041 767.456
  4    72.095    20.233  2.742   6 1 6 1 2 4 8 16 32 658.395 661.850
  5     2.594   -15.002  2.764   1 1 6 1 2 4 8 16 32 196.822 200.205
  6   -24.176   -72.894  3.073  19 1 6 1 2 4 8 16 32 301.363 304.689
  7   -13.190    66.498  2.657  13 1 6 1 2 4 8 16 32 384.266 387.665
  8    33.191    13.690  2.665  24 1 6 1 2 4 8 16 32 305.640 308.871
  9    66.827   -30.554  2.706  15 1 6 1 2 4 8 16 32 360.766 364.019
 10    19.934    35.883  2.987  13 1 6 1 2 4 8 16 32 767.054 770.352
 11   -27.771    32.269  2.958  10 1 6 1 2 4 8 16 32 160.662 164.114
 12    51.154   -16.827  3.068   4 1 6 1 2 4 8 16 32 233.739 237.175
 13   -19.214    23.749  2.952  12 1 6 1 2 4 8 16 32 216.541 219.842
 14   -46.643   -52.954  3.084  21 1 6 1 2 4 8 16 32 305.965 309.359
 15   -10.590   -16.626  3.076   2 1 6 1 2 4 8 16 32 239.970 243.235
 16    35.150    12.622  2.733  10 1 6 1 2 4 8 16 32 535.095 538.586
 17   -37.378    12.256  2.815  20 1 6 1 2 4 8 16 32 581.465 584.741
 18    82.794    25.836  2.839   9 1 6 1 2 4 8 16 32 542.518 545.959
 19     8.936    -3.723  3.039  24 1 6 1 2 4 8 16 32 128.274 131.603
 20   -56.659    25.555  2.758  19 1 6 1 2 4 8 16 32 254.789 258.062
 21   -52.020   -40.137  3.120  13 1 6 1 2 4 8 16 32 490.092 493.504
 22    39.270    12.787  2.806  14 1 6 1 2 4 8 16 32 426.866 430.255
 23    19.757    21.228  3.034  17 1 6 1 2 4 8 16 32 751.947 755.122
 24   -23.071   -12.659  2.718  25 1 6 1 2 4 8 16 32 467.332 470.541
 25    15.686    52.374  2.687   1 1 6 1 2 4 8 16 32 486.920 490.109
 26    58.771    -7.056  2.805   9 1 6 1 2 4 8 16 32 552.096 555.525
 27   -33.087    72.266  3.104  12 1 6 1 2 4 8 16 32 748.291 751.479
 28     2.551    46.851  2.819  22 1 6 1 2 4 8 16 32 309.252 312.532
 29   -18.719    73.126  3.165   2 1 6 1 2 4 8 16 32 474.431 477.797
 30   -67.627   -20.679  2.869  21 1 6 1 2 4 8 16 32 277.947 281.450
 31   -76.862   -11.365  3.058   8 1 6 1 2 4 8 16 32 712.410 715.925
 32   -24.194   -38.263  3.030  19 1 6 1 2 4 8 16 32 555.104 558.426
 33   -20.374   -31.903  2.871  24 1 6 1 2 4 8 16 32 408.769 412.255
 34     9.290    39.618  3.113  24 1 6 1 2 4 8 16 32 617.643 620.859
 35    26.044    35.974  3.077   2 1 6 1 2 4 8 16 32 727.052 730.412
 36   -57.385   -45.264  2.706  20 1 6 1 2 4 8 16 32 280.805 283.987
 37     1.489   -62.592  2.969  20 1 6 1 2 4 8 16 32 391.698 395.161
 38    34.937    13.672  2.831   5 1 6 1 2 4 8 16 32 339.703 342.936
 39   -22.290    45.648  2.928  17 1 6 1 2 4 8 16 32 238.813 242.076
 40    -5.920    44.061  2.818   4 1 6 1 2 4 8 16 32 667.040 670.417
 41   -38.446   -23.541  2.706  21 1 6 1 2 4 8 16 32 699.507 703.003
 42    28.894    33.936  2.913   3 1 6 1 2 4 8 16 32 399.125 402.531
 43   -35.388    -5.341  2.725  16 1 6 1 2 4 8 16 32 88.668 92.114
 44   -19.501    13.519  2.737  14 1 6 1 2 4 8 16 32 768.495 771.837
 45    -9.216   -30.988  2.923   6 1 6 1 2 4 8 16 32 689.836 693.006
 46   -22.131   -17.065  3.063   5 1 6 1 2 4 8 16 32 422.842 426.083
 47   -22.827    36.810  3.034  12 1 6 1 2 4 8 16 32 700.960 704.288
 48   -61.365   -18.463  2.646  23 1 6 1 2 4 8 16 32 292.907 296.384
 49    50.128   -66.046  2.709  12 1 6 1 2 4 8 16 32 210.982 214.312
 50    25.647    24.139  2.649  18 1 6 1 2 4 8 16 32 575.417 578.615
 51    65.521    42.810  2.837  24 1 6 1 2 4 8 16 32 390.870 394.298
 52   -60.956   -47.925  3.024   3 1 6 1 2 4 8 16 32 275.415 278.625
 53    -9.070    42.798  2.894   3 1 6 1 2 4 8 16 32 773.365 776.746
 54   -19.061     4.480  2.706  25 1 6 1 2 4 8 16 32 568.935 572.119
 55   -54.071    -3.870  2.969  22 1 6 1 2 4 8 16 32 251.949 255.344
 56   -25.598   -18.866  2.659  25 1 6 1 2 4 8 16 32 465.673 468.856
 57   -18.707    84.296  2.987  15 1 6 1 2 4 8 16 32 260.965 264.283
 58   -70.184   -39.166  3.164  18 1 6 1 2 4 8 16 32 701.791 705.051
 59   -14.636    -0.446  2.849   8 1 6 1 2 4 8 16 32 435.837 439.337
 60   -76.465   -38.922  3.152  20 1 6 1 2 4 8 16 32 196.726 200.152
 61    44.092    12.433  2.768  18 1 6 1 2 4 8 16 32 257.185 260.520
 62   -22.772   -50.867  3.159   5 1 6 1 2 4 8 16 32 225.300 228.783
 63    19.104    44.672  2.764  25 1 6 1 2 4 8 16 32 401.199 404.499
 64   -44.019   -39.935  2.641  16 1 6 1 2 4 8 16 32 649.598 653.015
 65    -2.972    -4.059  2.676  14 1 6 1 2 4 8 16 32 366.715 369.906
 66   -24.261    35.907  2.714   1 1 6 1 2 4 8 16 32 245.739 249.071
 67   -61.877   -73.901  2.652  15 1 6 1 2 4 8 16 32 135.850 139.116
 68    -5.640   -26.721  3.050  22 1 6 1 2 4 8 16 32 594.804 598.115
 69    45.844   -36.835  2.975   6 1 6 1 2 4 8 16 32 425.204 428.608
 70   -51.746   -79.840  2.812  24 1 6 1 2 4 8 16 32 463.057 466.421
 71   -33.008    10.992  3.125  19 1 6 1 2 4 8 16 32 93.200 96.427
 72   -25.653    -0.372  2.771  12 1 6 1 2 4 8 16 32 578.498 581.843
 73   -21.497    61.487  3.025  13 1 6 1 2 4 8 16 32 370.351 373.779
 74     2.032    26.727  2.785  10 1 6 1 2 4 8 16 32 596.812 600.114
 75   -26.758    14.807  3.156  12 1 6 1 2 4 8 16 32 468.951 472.286
 76   -37.256   -44.861  2.998  13 1 6 1 2 4 8 16 32 147.853 151.201
 77    -0.861   -16.418  2.992  25 1 6 1 2 4 8 16 32 715.198 718.714
 78   -51.160    34.967  2.672  12 1 6 1 2 4 8 16 32 352.594 355.925
 79   -41.266   -76.886  2.792   2 1 6 1 2 4 8 16 32 359.384 362.896
 80   -30.255    74.701  2.934  11 1 6 1 2 4 8 16 32 610.078 613.408
 81   -46.368    -1.514  3.157  10 1 6 1 2 4 8 16 32 560.678 563.980
 82   -71.619    73.077  2.749   9 1 6 1 2 4 8 16 32 505.327 508.786
 83   -46.606   -39.948  3.058  21 1 6 1 2 4 8 16 32 526.793 530.293
 84   -30.243    67.102  2.959  14 1 6 1 2 4 8 16 32 257.861 261.241
 85   -40.997   -43.036  2.731  15 1 6 1 2 4 8 16 32 196.188 199.499
 86   -74.286   -52.307  3.036   6 1 6 1 2 4 8 16 32 571.762 575.221
 87   -17.609   -71.851  3.037  25 1 6 1 2 4 8 16 32 618.269 621.724
 88     2.350   -81.805  2.775  14 1 6 1 2 4 8 16 32 361.902 365.078
 89   -85.486   -54.059  3.070  17 1 6 1 2 4 8 16 32 715.405 718.582
 90    23.822    10.571  3.024   8 1 6 1 2 4 8 16 32 721.757 724.997
 91   -24.530   -31.726  2.690   4 1 6 1 2 4 8 16 32 329.397 332.581
 92   -42.474   -15.009  2.818  17 1 6 1 2 4 8 16 32 341.350 344.821
 93   -33.624    50.330  2.750  23 1 6 1 2 4 8 16 32 222.995 226.360
 94   -81.458   -41.565  2.734   4 1 6 1 2 4 8 16 32 378.316 381.822
 95   -73.505   -48.279  2.833   4 1 6 1 2 4 8 16 32 118.285 121.651
 96    -3.052    70.898  2.872   9 1 6 1 2 4 8 16 32 326.384 329.677
 97     0.946    25.458  2.806   9 1 6 1 2 4 8 16 32 545.880 549.243
 98   -54.144    13.525  3.140  19 1 6 1 2 4 8 16 32 118.567 122.030
 99   -30.634     7.526  3.083  12 1 6 1 2 4 8 16 32 639.200 642.685
100   -68.335   -34.277  2.767  25 1 6 1 2 4 8 16 32 353.872 357.240
101     7.178    57.935  2.922   8 1 6 1 2 4 8 16 32 730.746 734.225
102     4.712    48.669  2.908  13 1 6 1 2 4 8 16 32 669.273 672.675
103    58.087    26.379  2.691   3 1 6 1 2 4 8 16 32 612.749 616.257
104    18.347    34.784  3.152   6 1 6 1 2 4 8 16 32 257.353 260.713
105   -44.629   -61.975  2.663  11 1 6 1 2 4 8 16 32 745.652 748.893
106     5.231    26.068  2.656  24 1 6 1 2 4 8 16 32 780.252 783.764
107   -48.065   -36.755  2.972  16 1 6 1 2 4 8 16 32 594.002 597.227
108    -3.589   -27.734  2.789  21 1 6 1 2 4 8 16 32 160.620 164.053
109     9.808    36.896  3.061  25 1 6 1 2 4 8 16 32 518.164 521.661
110    59.460     1.233  2.879  10 1 6 1 2 4 8 16 32 213.514 216.688
111   -47.522    19.873  2.916   2 1 6 1 2 4 8 16 32 500.801 504.169
112   -48.431   -50.317  2.844  13 1 6 1 2 4 8 16 32 326.556 330.064
113    44.666    20.953  2.790  14 1 6 1 2 4 8 16 32 214.466 217.695
114   -19.226    32.770  3.049  19 1 6 1 2 4 8 16 32 184.156 187.373
115   -15.662    17.462  2.802  16 1 6 1 2 4 8 16 32 246.298 249.606
116   -91.669    77.722  3.118  23 1 6 1 2 4 8 16 32 400.172 403.574
117   -30.035   -78.284  2.912  13 1 6 1 2 4 8 16 32 507.006 510.300
118    73.663    32.941  3.009  24 1 6 1 2 4 8 16 32 402.166 405.468
119    22.400   -60.083  2.796  17 1 6 1 2 4 8 16 32 535.172 538.648
120    61.206   -13.501  2.917   8 1 6 1 2 4 8 16 32 752.763 756.010
121    22.131   -50.012  2.977  12 1 6 1 2 4 8 16 32 142.308 145.725
122    -6.317    56.665  3.129   6 1 6 1 2 4 8 16 32 565.603 569.009
123   -20.471    12.885  2.832  20 1 6 1 2 4 8 16 32 384.204 387.633
124   -61.084   -44.769  2.810  20 1 6 1 2 4 8 16 32 383.799 387.298
125    -9.576   -19.366  3.001  24 1 6 1 2 4 8 16 32 172.431 175.768
126     5.627   -88.501  2.766  10 1 6 1 2 4 8 16 32 691.725 694.976
127    -2.618    22.131  2.714  18 1 6 1 2 4 8 16 32 485.774 489.127
128    40.497    32.343  3.121  10 1 6 1 2 4 8 16 32 384.878 388.139
129    -3.296    36.774  3.128  15 1 6 1 2 4 8 16 32 346.023 349.225
130   -50.995    19.781  2.892  12 1 6 1 2 4 8 16 32 721.947 725.232
131   -70.520    -3.809  2.679  22 1 6 1 2 4 8 16 32 200.263 203.737
132     4.205     0.812  3.041  11 1 6 1 2 4 8 16 32 118.318 121.717
133     9.955    26.337  2.968  14 1 6 1 2 4 8 16 32 612.219 615.423
134    13.538   -21.313  2.963   9 1 6 1 2 4 8 16 32 448.447 451.780
135   -21.869   -18.768  3.108   6 1 6 1 2 4 8 16 32 758.380 761.629
136   -37.158   -30.768  3.102  23 1 6 1 2 4 8 16 32 209.759 213.184
137   -86.975    10.345  2.780   8 1 6 1 2 4 8 16 32 182.811 186.238
138   -47.272   -46.326  3.047  22 1 6 1 2 4 8 16 32 210.529 213.887
139     4.095   -19.354  2.906   7 1 6 1 2 4 8 16 32 359.269 362.525
140     4.205    30.292  3.023  15 1 6 1 2 4 8 16 32 406.448 409.639
141   -42.017    53.986  2.965  22 1 6 1 2 4 8 16 32 214.552 217.827
142    35.095   -10.895  3.136   7 1 6 1 2 4 8 16 32 518.937 522.262
143    61.188   -59.875  2.713  14 1 6 1 2 4 8 16 32 323.447 326.865
144   -34.674    -1.337  3.040  21 1 6 1 2 4 8 16 32 496.019 499.253
145    -3.799    44.290 0.000   0 0 0 0.000 879.825
146    14.233    21.173 0.000   0 0 0 0.000 879.825
147   -23.334   -28.397 0.000   0 0 0 0.000 879.825
148    10.065     1.822 0.000   0 0 0 0.000 879.825
149   -49.115   -43.549 0.000   0 0 0 0.000 879.825
150   -21.054     4.144 0.000   0 0 0 0.000 879.825
