6 3 216 6
450 180
450 180
450 180
450 180
450 180
450 180
  1   -41.235   -66.357  2.995   3 1 6 1 2 4 8 16 32 727.229 730.905
  2    34.064   -59.357  3.345  16 1 6 1 2 4 8 16 32 203.236 206.929
  3    20.917   -52.582  3.391   8 1 6 1 2 4 8 16 32 794.444 798.135
  4   -38.538   -37.396  3.004  15 1 6 1 2 4 8 16 32 275.377 279.070
  5    41.058    22.931  2.978  12 1 6 1 2 4 8 16 32 345.354 349.083
  6   -54.034   -53.131  3.219  13 1 6 1 2 4 8 16 32 566.305 570.029
  7     8.099    80.725  2.993   8 1 6 1 2 4 8 16 32 366.873 370.709
  8    81.299    13.409  3.401  24 1 6 1 2 4 8 16 32 399.135 402.766
  9    14.459    -2.972  3.174  14 1 6 1 2 4 8 16 32 474.137 477.729
 10   -52.539    60.107  3.083  17 1 6 1 2 4 8 16 32 119.884 123.546
 11   -57.202   -34.229  2.955   8 1 6 1 2 4 8 16 32 264.126 267.901
 12   -65.552   -40.222  2.969  11 1 6 1 2 4 8 16 32 585.122 588.636
 13   -19.751   -10.278  3.401   8 1 6 1 2 4 8 16 32 480.542 484.272
 14   -26.965   -87.012  3.264  17 1 6 1 2 4 8 16 32 728.391 732.225
 15     3.192   -88.654  2.928  19 1 6 1 2 4 8 16 32 629.834 633.404
 16    34.521    32.837  3.091  13 1 6 1 2 4 8 16 32 109.925 113.683
 17    80.035     5.273  3.297   2 1 6 1 2 4 8 16 32 531.123 534.849
 18   -39.838   -67.731  2.951   8 1 6 1 2 4 8 16 32 550.124 553.927
 19    14.600    11.365  3.062  21 1 6 1 2 4 8 16 32 336.596 340.068
 20   -20.990   -80.511  3.149  13 1 6 1 2 4 8 16 32 613.776 617.509
 21    48.242    47.284  3.187  17 1 6 1 2 4 8 16 32 556.911 560.443
 22    59.338   -31.860  3.086   4 1 6 1 2 4 8 16 32 850.079 853.611
 23   -13.995   -45.624  3.296  22 1 6 1 2 4 8 16 32 515.216 519.049
 24    32.397   -32.532  3.093  24 1 6 1 2 4 8 16 32 733.650 737.151
 25     2.826    50.824  3.286  11 1 6 1 2 4 8 16 32 815.268 818.909
 26   -66.077   -34.686  2.925   6 1 6 1 2 4 8 16 32 322.468 326.195
 27   -13.660    18.640  3.282  19 1 6 1 2 4 8 16 32 602.430 605.996
 28   -59.344    12.769  3.431  11 1 6 1 2 4 8 16 32 735.454 738.968
 29    -5.133   -18.463  2.933  23 1 6 1 2 4 8 16 32 138.509 142.026
 30   -22.961   -21.729  3.372   4 1 6 1 2 4 8 16 32 753.207 756.811
 31    58.130    46.606  3.138   5 1 6 1 2 4 8 16 32 218.930 222.481
 32   -49.603   -76.624  3.277  16 1 6 1 2 4 8 16 32 544.271 547.804
 33    -4.803    43.036  3.250   2 1 6 1 2 4 8 16 32 779.004 782.524
 34    68.616   -19.623  2.886  13 1 6 1 2 4 8 16 32 590.553 594.271
 35    37.915    63.599  3.146  11 1 6 1 2 4 8 16 32 593.544 597.245
 36     1.251   -26.550  3.219   9 1 6 1 2 4 8 16 32 252.941 256.756
 37   -37.952     1.685  3.221  18 1 6 1 2 4 8 16 32 439.601 443.257
 38   -40.503     8.038  3.128   7 1 6 1 2 4 8 16 32 646.559 650.290
 39    -8.392   -38.678  3.312  24 1 6 1 2 4 8 16 32 535.857 539.505
 40   -36.725    25.494  3.279   5 1 6 1 2 4 8 16 32 421.519 425.053
 41   -47.754   -50.073  3.378   2 1 6 1 2 4 8 16 32 429.210 432.984
 42    22.595   -28.357  3.322   5 1 6 1 2 4 8 16 32 238.817 242.409
 43   -36.365   -48.163  3.095   5 1 6 1 2 4 8 16 32 541.684 545.395
 44    75.452   -13.422  3.009   3 1 6 1 2 4 8 16 32 613.873 617.564
 45   -64.520   -13.232  3.114  13 1 6 1 2 4 8 16 32 770.427 774.241
 46     1.257    29.156  3.314   2 1 6 1 2 4 8 16 32 135.826 139.588
 47    -1.569   -35.974  3.359  10 1 6 1 2 4 8 16 32 485.519 488.983
 48    46.747     6.696  3.255  12 1 6 1 2 4 8 16 32 141.717 145.410
 49    82.080    27.057  2.923  24 1 6 1 2 4 8 16 32 727.045 730.693
 50    74.695    19.366  3.293  21 1 6 1 2 4 8 16 32 241.204 244.975
 51    47.015     9.338  2.968  18 1 6 1 2 4 8 16 32 458.042 461.844
 52   -62.036   -21.326  3.395   5 1 6 1 2 4 8 16 32 437.037 440.583
 53     9.192    20.038  3.176  15 1 6 1 2 4 8 16 32 270.260 273.781
 54    -3.094    21.582  3.104  11 1 6 1 2 4 8 16 32 403.583 407.092
 55   -75.446    13.086  2.992   7 1 6 1 2 4 8 16 32 232.143 235.663
 56    10.034   -63.739  3.300   3 1 6 1 2 4 8 16 32 358.034 361.708
 57    71.814    26.501  3.353  17 1 6 1 2 4 8 16 32 641.367 645.055
 58    18.842   -38.019  3.151  14 1 6 1 2 4 8 16 32 159.084 162.631
 59   -10.541   -31.305  2.946  14 1 6 1 2 4 8 16 32 170.349 173.999
 60     8.252   -91.150  3.086   7 1 6 1 2 4 8 16 32 298.559 302.286
 61    72.821   -38.916  2.998  12 1 6 1 2 4 8 16 32 662.089 665.810
 62   -30.157    38.776  3.020   5 1 6 1 2 4 8 16 32 850.565 854.055
 63   -56.256    -5.548  3.328  11 1 6 1 2 4 8 16 32 840.414 844.114
 64    -8.398   -37.604  3.011  17 1 6 1 2 4 8 16 32 316.375 320.081
 65    15.021    13.708  3.131   3 1 6 1 2 4 8 16 32 101.043 104.713
 66   -60.199    24.292  3.059   7 1 6 1 2 4 8 16 32 520.440 523.908
 67   -13.794   -27.106  2.985  13 1 6 1 2 4 8 16 32 190.556 194.252
 68   -34.796   -22.205  3.423  20 1 6 1 2 4 8 16 32 727.668 731.154
 69    69.641    83.057  3.076  13 1 6 1 2 4 8 16 32 677.081 680.702
 70   -44.440    30.090  3.211   4 1 6 1 2 4 8 16 32 405.158 408.938
 71    48.633     3.021  2.996   3 1 6 1 2 4 8 16 32 513.200 516.683
 72   -15.314    51.709  3.416  24 1 6 1 2 4 8 16 32 283.706 287.459
 73    36.261    26.782  3.119  23 1 6 1 2 4 8 16 32 210.157 213.618
 74    59.961    24.310  3.307  21 1 6 1 2 4 8 16 32 749.766 753.409
 75    55.304     6.628  3.294  23 1 6 1 2 4 8 16 32 259.377 262.854
 76    39.960    48.297  3.029  10 1 6 1 2 4 8 16 32 599.626 603.455
 77   -48.895   -71.100  2.909  21 1 6 1 2 4 8 16 32 181.593 185.159
 78    -2.338   -62.909  3.246  24 1 6 1 2 4 8 16 32 598.977 602.705
 79     9.491   -41.901  3.147   9 1 6 1 2 4 8 16 32 435.618 439.123
 80   -54.675   -18.439  3.318  22 1 6 1 2 4 8 16 32 309.291 312.836
 81    10.980    -7.605  3.397   3 1 6 1 2 4 8 16 32 121.328 124.927
 82   -69.824   -50.354  3.413   6 1 6 1 2 4 8 16 32 620.243 623.955
 83   -40.308    -7.452  2.969  11 1 6 1 2 4 8 16 32 648.634 652.286
 84    62.244    43.628  3.076  10 1 6 1 2 4 8 16 32 366.950 370.542
 85    29.077    63.116  2.923  15 1 6 1 2 4 8 16 32 185.600 189.323
 86   -12.067   -21.509  3.059   9 1 6 1 2 4 8 16 32 399.040 402.654
 87    14.728    28.906  3.003  20 1 6 1 2 4 8 16 32 601.373 605.023
 88   -63.086   -60.114  2.893  19 1 6 1 2 4 8 16 32 351.309 354.925
 89    33.655    -0.928  3.177  19 1 6 1 2 4 8 16 32 244.419 247.984
 90   -12.225    14.148  3.121  19 1 6 1 2 4 8 16 32 660.140 663.872
 91   -89.966    51.514  3.396  20 1 6 1 2 4 8 16 32 381.764 385.584
 92    -0.763    41.339  3.404   1 1 6 1 2 4 8 16 32 821.739 825.489
 93    80.695    32.983  3.257  15 1 6 1 2 4 8 16 32 505.958 509.657
 94   -53.394   -14.240  2.918  18 1 6 1 2 4 8 16 32 693.779 697.593
 95   -53.284   -64.136  3.005   2 1 6 1 2 4 8 16 32 744.325 748.058
 96    73.260    10.669  2.891  25 1 6 1 2 4 8 16 32 653.663 657.476
 97    59.613    13.452  3.415  20 1 6 1 2 4 8 16 32 752.687 756.153
 98   -37.012     6.476  3.297  18 1 6 1 2 4 8 16 32 822.745 826.484
 99   -53.656    21.692  3.106   8 1 6 1 2 4 8 16 32 467.740 471.251
100   -36.890    18.372  3.362   3 1 6 1 2 4 8 16 32 486.309 489.875
101    -4.608   -13.806  2.927   2 1 6 1 2 4 8 16 32 112.346 116.114
102    53.802    36.993  3.347  15 1 6 1 2 4 8 16 32 330.856 334.663
103    48.468   -66.040  2.997  21 1 6 1 2 4 8 16 32 125.621 129.181
104   -46.393   -20.929  3.050   6 1 6 1 2 4 8 16 32 531.266 534.898
105   -15.045   -40.845  3.373  24 1 6 1 2 4 8 16 32 103.103 106.801
106   -73.621    -9.552  2.988  19 1 6 1 2 4 8 16 32 389.050 392.534
107    92.847    45.587  3.282  23 1 6 1 2 4 8 16 32 291.068 294.581
108    33.557    28.064  3.298  16 1 6 1 2 4 8 16 32 574.939 578.579
109    47.321    24.414  3.075  16 1 6 1 2 4 8 16 32 169.609 173.125
110    -6.610   -30.157  2.988   9 1 6 1 2 4 8 16 32 608.203 611.795
111    12.103    23.840  3.103   1 1 6 1 2 4 8 16 32 797.929 801.476
112   -61.963    26.239  3.084  10 1 6 1 2 4 8 16 32 239.455 243.115
113    23.877     9.808  3.253  14 1 6 1 2 4 8 16 32 116.826 120.527
114    49.780     6.866  3.104  11 1 6 1 2 4 8 16 32 293.045 296.507
115   -53.021   -21.484  3.101   4 1 6 1 2 4 8 16 32 337.776 341.344
116    54.962     2.985  3.390  23 1 6 1 2 4 8 16 32 788.686 792.488
117     4.865   -69.586  3.443  23 1 6 1 2 4 8 16 32 551.993 555.619
118    33.948    45.209  3.426  22 1 6 1 2 4 8 16 32 597.965 601.734
119   -32.166   -23.621  3.272  11 1 6 1 2 4 8 16 32 666.130 669.774
120   -17.548   -46.765  3.381  14 1 6 1 2 4 8 16 32 795.722 799.452
121    31.744    33.972  3.248  12 1 6 1 2 4 8 16 32 413.115 416.826
122    45.374    22.131  2.938  13 1 6 1 2 4 8 16 32 788.440 792.162
123    -5.219   -23.114  2.944  11 1 6 1 2 4 8 16 32 485.357 489.048
124   -51.056   -46.545  3.415   9 1 6 1 2 4 8 16 32 377.509 381.183
125    11.774    11.133  3.232   6 1 6 1 2 4 8 16 32 648.224 651.897
126   -39.758   -13.019  3.340  25 1 6 1 2 4 8 16 32 244.259 247.764
127    27.930    29.321  3.332  21 1 6 1 2 4 8 16 32 188.479 192.065
128    33.740    66.595  3.052  13 1 6 1 2 4 8 16 32 443.996 447.691
129   -91.815    29.858  3.149  23 1 6 1 2 4 8 16 32 601.698 605.406
130   -24.628   -68.701  3.199   8 1 6 1 2 4 8 16 32 507.849 511.321
131    44.659    20.465  3.457   7 1 6 1 2 4 8 16 32 232.448 235.955
132    45.447   -21.069  3.251   8 1 6 1 2 4 8 16 32 444.932 448.588
133   -37.366   -12.097  3.394   9 1 6 1 2 4 8 16 32 492.904 496.392
134    41.998     0.153  2.906   2 1 6 1 2 4 8 16 32 209.507 213.189
135   -42.822   -30.170  2.935  24 1 6 1 2 4 8 16 32 636.184 639.775
136    34.906    -4.578  2.888   7 1 6 1 2 4 8 16 32 618.442 622.071
137   -65.137   -43.079  3.370  23 1 6 1 2 4 8 16 32 160.134 163.651
138    20.270    -4.999  2.981  21 1 6 1 2 4 8 16 32 544.582 548.071
139   -36.731    -8.929  3.277  12 1 6 1 2 4 8 16 32 362.704 366.346
140   -26.984   -19.568  3.228  23 1 6 1 2 4 8 16 32 396.196 399.687
141   -31.299   -83.813  2.916  18 1 6 1 2 4 8 16 32 194.772 198.392
142   -26.794    12.506  2.977   5 1 6 1 2 4 8 16 32 113.312 116.928
143   -39.362   -58.521  2.893  15 1 6 1 2 4 8 16 32 479.471 482.962
144   -34.369     0.610  3.390  11 1 6 1 2 4 8 16 32 763.502 767.183
145    43.372     4.187  3.099   8 1 6 1 2 4 8 16 32 808.290 811.973
146   -38.226    -9.448  3.105   2 1 6 1 2 4 8 16 32 288.541 292.326
147   -25.610   -99.237  3.009   6 1 6 1 2 4 8 16 32 596.759 600.393
148    48.059    29.517  2.907  23 1 6 1 2 4 8 16 32 157.699 161.159
149   -43.628   -32.318  2.890   9 1 6 1 2 4 8 16 32 189.965 193.439
150   -16.602   -29.327  3.425   1 1 6 1 2 4 8 16 32 507.658 511.376
151   -29.810   -12.408  3.037  12 1 6 1 2 4 8 16 32 861.372 864.906
152   -51.910   -28.711  3.255  17 1 6 1 2 4 8 16 32 172.024 175.849
153    -1.801   -18.671  3.020   2 1 6 1 2 4 8 16 32 522.516 526.127
154    18.738    21.399  3.104   5 1 6 1 2 4 8 16 32 257.110 260.570
155    60.120     7.788  3.141   1 1 6 1 2 4 8 16 32 767.743 771.460
156    43.079    42.017  3.166  20 1 6 1 2 4 8 16 32 182.529 186.172
157   -39.435    -5.902  3.039  19 1 6 1 2 4 8 16 32 754.344 757.990
158   -35.889   -16.034  3.293  13 1 6 1 2 4 8 16 32 194.291 197.958
159   -41.827    38.995  3.368  10 1 6 1 2 4 8 16 32 223.490 227.003
160    84.497    29.822  3.145   9 1 6 1 2 4 8 16 32 348.614 352.285
161   -17.560   -10.480  3.454  14 1 6 1 2 4 8 16 32 427.583 431.051
162   -48.383   -48.920  3.298   4 1 6 1 2 4 8 16 32 412.422 416.050
163   -49.335   -17.969  3.311  20 1 6 1 2 4 8 16 32 613.015 616.723
164    16.095    -2.490  3.317  17 1 6 1 2 4 8 16 32 860.018 863.696
165    65.527    14.026  3.316  19 1 6 1 2 4 8 16 32 625.627 629.398
166    -2.930    13.220  3.092  19 1 6 1 2 4 8 16 32 875.257 878.733
167   -18.768   -23.663  3.133  16 1 6 1 2 4 8 16 32 331.741 335.556
168   -91.095   -80.737  3.352   4 1 6 1 2 4 8 16 32 425.126 428.693
169   -21.088   -13.293  2.953   1 1 6 1 2 4 8 16 32 668.934 672.501
170    46.985    17.224  3.154  21 1 6 1 2 4 8 16 32 687.639 691.165
171   -61.957   -33.038  2.978   9 1 6 1 2 4 8 16 32 643.992 647.791
172    -9.003   -25.452  3.281   2 1 6 1 2 4 8 16 32 438.172 441.716
173    33.661    -7.666  3.133  24 1 6 1 2 4 8 16 32 93.322 96.933
174   -25.592   -10.840  2.982   1 1 6 1 2 4 8 16 32 471.773 475.408
175    36.560    -2.441  3.026  21 1 6 1 2 4 8 16 32 863.062 866.797
176     7.141    24.817  3.010  13 1 6 1 2 4 8 16 32 675.615 679.370
177   -43.170   -30.487  3.057  15 1 6 1 2 4 8 16 32 385.508 389.088
178   -21.228     0.751  3.059   4 1 6 1 2 4 8 16 32 331.438 335.071
179    19.696    10.767  3.244  10 1 6 1 2 4 8 16 32 611.430 615.231
180    -6.494   -29.425  2.918  19 1 6 1 2 4 8 16 32 616.345 620.119
181    54.388     8.630  3.175   1 1 6 1 2 4 8 16 32 726.178 729.974
182    64.203    77.612  2.977  25 1 6 1 2 4 8 16 32 576.303 580.100
183    40.381     1.611  2.987   3 1 6 1 2 4 8 16 32 391.475 395.203
184   -41.711    -5.133  2.927  21 1 6 1 2 4 8 16 32 389.156 392.709
185    74.274   -19.922  3.316   7 1 6 1 2 4 8 16 32 827.984 831.575
186   -73.999   -54.626  3.340  18 1 6 1 2 4 8 16 32 183.746 187.247
187    29.706    15.454  3.285   3 1 6 1 2 4 8 16 32 710.349 714.156
188    23.785    12.177  2.963   1 1 6 1 2 4 8 16 32 269.183 272.968
189    42.578    45.325  3.396   2 1 6 1 2 4 8 16 32 453.902 457.551
190   -16.730   -16.559  2.912   8 1 6 1 2 4 8 16 32 841.276 845.012
191   -14.697    -0.116  3.106  10 1 6 1 2 4 8 16 32 241.568 245.101
192   -19.769     8.392  3.118  19 1 6 1 2 4 8 16 32 705.748 709.305
193   -30.267    14.893  3.415  17 1 6 1 2 4 8 16 32 541.243 544.944
194   -63.116   -67.462  3.232  19 1 6 1 2 4 8 16 32 419.792 423.356
195    86.029    38.916  3.176  24 1 6 1 2 4 8 16 32 429.825 433.508
196    79.480   -24.866  3.295  24 1 6 1 2 4 8 16 32 672.150 675.980
197    35.144    14.734  3.129   6 1 6 1 2 4 8 16 32 129.074 132.534
198   -49.365    -9.052  3.456   2 1 6 1 2 4 8 16 32 294.867 298.569
199   -49.475   -17.578  3.264   7 1 6 1 2 4 8 16 32 704.678 708.310
200    57.501    16.327  3.420  10 1 6 1 2 4 8 16 32 656.190 659.684
201    54.889    12.024  3.333  13 1 6 1 2 4 8 16 32 757.202 760.935
202   -53.027   -33.179  3.126  20 1 6 1 2 4 8 16 32 229.774 233.257
203    -0.415    16.644  3.360   1 1 6 1 2 4 8 16 32 373.868 377.686
204    21.594    16.144  3.238  17 1 6 1 2 4 8 16 32 729.126 732.696
205   -46.924   -49.261  3.364  17 1 6 1 2 4 8 16 32 254.696 258.396
206    18.457    19.733  3.457  16 1 6 1 2 4 8 16 32 834.315 837.816
207    35.822    19.763  3.086   9 1 6 1 2 4 8 16 32 122.898 126.400
208    71.869    29.034  2.936  25 1 6 1 2 4 8 16 32 771.118 774.896
209   -56.378   -42.755  3.327   1 1 6 1 2 4 8 16 32 230.649 234.467
210   -25.800    25.159  2.951  23 1 6 1 2 4 8 16 32 295.219 298.907
211    -5.676    33.850  3.381  10 1 6 1 2 4 8 16 32 866.771 870.352
212    54.041    -5.292  2.990  15 1 6 1 2 4 8 16 32 152.119 155.893
213   -63.074    27.380  3.141  25 1 6 1 2 4 8 16 32 724.468 728.136
214   -16.864   -49.768  3.264  25 1 6 1 2 4 8 16 32 780.197 783.696
215    47.919    13.629  3.439  16 1 6 1 2 4 8 16 32 118.250 121.991
216   -10.724    -2.075  3.389   1 1 6 1 2 4 8 16 32 89.807 93.642
217   -15.067   -23.950 0.000   0 0 0 0.000 960.420
218    38.791    22.443 0.000   0 0 0 0.000 960.420
219   -41.833   -35.361 0.000   0 0 0 0.000 960.420
220   -29.523    -4.843 0.000   0 0 0 0.000 960.420
221    49.725    11.990 0.000   0 0 0 0.000 960.420
222    21.133    14.142 0.000   0 0 0 0.000 960.420
