6 4 288 6
425 170
425 170
425 170
425 170
425 170
425 170
  1    12.805     1.886  3.506  10 1 6 1 2 4 8 16 32 377.427 381.187
  2    18.213     1.373  3.468  21 1 6 1 2 4 8 16 32 786.158 789.890
  3    57.947   -48.779  3.152   8 1 6 1 2 4 8 16 32 441.678 445.483
  4   -52.429   -84.088  3.259  23 1 6 1 2 4 8 16 32 410.149 413.859
  5    60.797   -32.593  3.189  10 1 6 1 2 4 8 16 32 766.929 770.631
  6    23.151     4.205  3.459   9 1 6 1 2 4 8 16 32 543.410 547.319
  7    25.385    22.986  3.159  21 1 6 1 2 4 8 16 32 837.402 841.114
  8    25.513   -52.985  3.017  16 1 6 1 2 4 8 16 32 591.380 595.299
  9   -49.261   -41.718  3.238  21 1 6 1 2 4 8 16 32 176.372 180.002
 10   -37.561   -41.730  2.993   3 1 6 1 2 4 8 16 32 578.972 582.693
 11   -14.520    48.962  3.543  24 1 6 1 2 4 8 16 32 831.002 834.770
 12    41.229   -24.500  3.399   2 1 6 1 2 4 8 16 32 809.944 813.799
 13   -21.863     0.916  3.446   4 1 6 1 2 4 8 16 32 672.821 676.511
 14   -48.181   -16.284  3.271  18 1 6 1 2 4 8 16 32 170.408 174.161
 15    -7.776    44.348  3.408   5 1 6 1 2 4 8 16 32 668.089 672.049
 16    20.801    10.760  3.399  13 1 6 1 2 4 8 16 32 713.194 717.026
 17   -29.712   -46.326  3.489  13 1 6 1 2 4 8 16 32 365.983 369.675
 18   -20.203   -59.564  3.228  14 1 6 1 2 4 8 16 32 873.272 877.051
 19   -87.079   -52.899  3.049  10 1 6 1 2 4 8 16 32 415.472 419.192
 20     3.046    -6.305  3.095   3 1 6 1 2 4 8 16 32 307.242 310.989
 21    11.865     5.261  3.549   1 1 6 1 2 4 8 16 32 550.157 553.955
 22   -24.072   -55.927  3.531  11 1 6 1 2 4 8 16 32 848.096 851.723
 23   -22.803     5.658  3.267  16 1 6 1 2 4 8 16 32 114.329 118.162
 24   -51.904     9.412  3.508   6 1 6 1 2 4 8 16 32 85.172 88.760
 25    12.732   -40.967  3.501  18 1 6 1 2 4 8 16 32 729.379 733.272
 26   -30.988     7.654  3.251  11 1 6 1 2 4 8 16 32 250.685 254.314
 27    37.512     0.458  3.298  15 1 6 1 2 4 8 16 32 195.949 199.764
 28     2.954    -8.563  3.374  17 1 6 1 2 4 8 16 32 573.005 576.836
 29     0.549     3.644  3.253  17 1 6 1 2 4 8 16 32 222.752 226.592
 30   -52.484     9.711  3.341   1 1 6 1 2 4 8 16 32 481.673 485.437
 31    33.936   -48.718  3.563   1 1 6 1 2 4 8 16 32 429.941 433.898
 32   -13.129   -53.601  3.511  18 1 6 1 2 4 8 16 32 80.995 84.791
 33   -99.591    23.303  3.303   3 1 6 1 2 4 8 16 32 411.723 415.505
 34     6.439    -3.516  3.263  21 1 6 1 2 4 8 16 32 816.448 820.266
 35   -14.032   -19.818  3.147  22 1 6 1 2 4 8 16 32 237.842 241.619
 36   -24.677    16.608  3.002  14 1 6 1 2 4 8 16 32 409.698 413.349
 37   -10.260   -81.769  3.427   4 1 6 1 2 4 8 16 32 716.679 720.267
 38    35.858     5.597  3.347  17 1 6 1 2 4 8 16 32 428.857 432.478
 39   -11.603    42.908  3.146  16 1 6 1 2 4 8 16 32 195.540 199.177
 40   -34.662   -15.466  3.486   8 1 6 1 2 4 8 16 32 196.273 199.935
 41    66.852     1.135  3.189  14 1 6 1 2 4 8 16 32 490.427 494.189
 42     6.866    -1.416  3.147  23 1 6 1 2 4 8 16 32 808.817 812.668
 43     1.660    -2.234  3.063   1 1 6 1 2 4 8 16 32 308.208 311.994
 44    37.561    11.450  3.327  21 1 6 1 2 4 8 16 32 641.697 645.648
 45    51.672   -26.343  3.561  10 1 6 1 2 4 8 16 32 509.594 513.300
 46    19.025   -10.889  3.406  19 1 6 1 2 4 8 16 32 232.185 235.837
 47   -37.982    -6.360  3.197   6 1 6 1 2 4 8 16 32 783.313 787.185
 48   -56.537   -42.334  3.265   4 1 6 1 2 4 8 16 32 434.330 437.972
 49     1.099   -14.624  3.204  18 1 6 1 2 4 8 16 32 634.925 638.807
 50   -56.238    -3.076  3.529  23 1 6 1 2 4 8 16 32 376.923 380.738
 51   -23.669   -15.289  3.510  25 1 6 1 2 4 8 16 32 258.962 262.552
 52   -34.277    -1.410  3.116  17 1 6 1 2 4 8 16 32 411.783 415.522
 53   -64.178    63.812  3.255  11 1 6 1 2 4 8 16 32 613.011 616.604
 54   -47.083   -20.386  3.421  20 1 6 1 2 4 8 16 32 789.326 793.202
 55   -33.710     8.380  3.302   9 1 6 1 2 4 8 16 32 407.017 410.836
 56    34.290    26.031  3.499  23 1 6 1 2 4 8 16 32 788.683 792.252
 57   -38.861    42.114  3.023  14 1 6 1 2 4 8 16 32 233.934 237.669
 58   -92.731    44.885  3.491   7 1 6 1 2 4 8 16 32 811.104 814.762
 59    23.633    27.643  3.078  15 1 6 1 2 4 8 16 32 155.521 159.320
 60   -67.139   -67.078  3.266  22 1 6 1 2 4 8 16 32 835.650 839.276
 61    25.726   -25.836  3.317   4 1 6 1 2 4 8 16 32 521.187 524.846
 62   -40.985   -16.895  3.033  14 1 6 1 2 4 8 16 32 85.370 89.314
 63    77.008    -6.097  3.268  24 1 6 1 2 4 8 16 32 401.427 405.155
 64   -54.810    -1.935  3.470  13 1 6 1 2 4 8 16 32 793.721 797.557
 65   -53.943   -29.663  3.354   9 1 6 1 2 4 8 16 32 545.119 548.865
 66    16.089   -27.887  3.511   3 1 6 1 2 4 8 16 32 485.090 488.900
 67   -59.436    36.487  3.375  23 1 6 1 2 4 8 16 32 124.354 127.984
 68    34.473    25.391  3.460   2 1 6 1 2 4 8 16 32 871.897 875.498
 69    -9.283    -6.689  3.445  23 1 6 1 2 4 8 16 32 724.380 728.241
 70   -85.559   -20.477  3.241   8 1 6 1 2 4 8 16 32 296.130 299.940
 71    29.523    18.347  3.079  23 1 6 1 2 4 8 16 32 609.413 613.312
 72    27.814     6.512  3.546  13 1 6 1 2 4 8 16 32 144.781 148.642
 73    42.151   -25.580  3.523  25 1 6 1 2 4 8 16 32 647.418 651.126
 74    82.202    85.828  3.191  25 1 6 1 2 4 8 16 32 708.193 711.946
 75   -47.766   -35.590  3.026  20 1 6 1 2 4 8 16 32 845.926 849.617
 76    22.015   -20.349  3.154   9 1 6 1 2 4 8 16 32 488.101 491.665
 77   -55.756   -33.490  3.150  15 1 6 1 2 4 8 16 32 348.921 352.639
 78    62.006    -1.453  3.564   4 1 6 1 2 4 8 16 32 650.412 654.316
 79    25.549    -3.796  3.183   1 1 6 1 2 4 8 16 32 573.737 577.533
 80   -43.372    -7.379  3.544   7 1 6 1 2 4 8 16 32 80.045 83.930
 81    60.297    52.637  2.990  12 1 6 1 2 4 8 16 32 336.658 340.473
 82   -96.155    34.100  3.431   5 1 6 1 2 4 8 16 32 361.939 365.890
 83   -32.806    -3.845  3.082   8 1 6 1 2 4 8 16 32 423.475 427.226
 84   -47.827   -45.203  2.972   1 1 6 1 2 4 8 16 32 665.626 669.463
 85   -31.128   -93.848  3.374  24 1 6 1 2 4 8 16 32 475.029 478.750
 86   -17.010   -21.857  3.157  23 1 6 1 2 4 8 16 32 487.914 491.781
 87    -8.386    -2.264  3.024  12 1 6 1 2 4 8 16 32 348.630 352.566
 88    35.834    13.147  3.021   2 1 6 1 2 4 8 16 32 823.534 827.243
 89    29.315    54.468  3.180  22 1 6 1 2 4 8 16 32 590.835 594.776
 90    48.352    -8.783  3.429   3 1 6 1 2 4 8 16 32 483.270 486.962
 91    -2.930    27.039  3.540  12 1 6 1 2 4 8 16 32 862.904 866.540
 92   -16.620   -55.389  3.238  16 1 6 1 2 4 8 16 32 865.000 868.774
 93   -40.851   -47.742  3.277   8 1 6 1 2 4 8 16 32 873.716 877.514
 94   -12.878    -2.039  3.083  25 1 6 1 2 4 8 16 32 319.492 323.080
 95   -51.776     7.281  3.349   6 1 6 1 2 4 8 16 32 666.582 670.472
 96   -32.922    23.828  3.038  24 1 6 1 2 4 8 16 32 199.536 203.319
 97    13.983   -34.521  3.159  16 1 6 1 2 4 8 16 32 682.335 686.045
 98   -35.834   -23.834  3.204   7 1 6 1 2 4 8 16 32 481.461 485.412
 99    91.858     5.542  3.100   9 1 6 1 2 4 8 16 32 389.277 393.049
100   -28.442   -34.180  3.208  23 1 6 1 2 4 8 16 32 751.927 755.513
101    33.844    27.875  3.112  24 1 6 1 2 4 8 16 32 837.181 840.842
102    98.431    31.348  3.290  19 1 6 1 2 4 8 16 32 715.025 718.838
103   -57.751   -27.753  3.227   9 1 6 1 2 4 8 16 32 679.937 683.507
104   -43.890    13.007  3.254  10 1 6 1 2 4 8 16 32 396.219 399.913
105    37.585    49.768  3.381  23 1 6 1 2 4 8 16 32 758.583 762.297
106    -3.687     7.373  3.067   2 1 6 1 2 4 8 16 32 464.040 467.677
107   -98.242    61.658  3.272   5 1 6 1 2 4 8 16 32 297.255 301.086
108   -23.560   -32.520  3.259  25 1 6 1 2 4 8 16 32 860.640 864.479
109    22.980   -18.109  2.983  17 1 6 1 2 4 8 16 32 543.237 546.990
110    43.915    -2.985  3.141  23 1 6 1 2 4 8 16 32 661.827 665.490
111    71.509    11.652  3.487  23 1 6 1 2 4 8 16 32 200.178 203.751
112   -43.011   -38.702  3.496  13 1 6 1 2 4 8 16 32 84.421 88.324
113   -83.954     2.179  2.978   2 1 6 1 2 4 8 16 32 135.189 138.962
114    11.090   -40.942  3.448  24 1 6 1 2 4 8 16 32 543.647 547.228
115    27.173   -13.330  3.553  22 1 6 1 2 4 8 16 32 210.516 214.391
116   -86.102   -59.808  3.473  20 1 6 1 2 4 8 16 32 550.147 553.892
117   -22.345   -78.278  3.430  15 1 6 1 2 4 8 16 32 402.132 405.765
118   -38.727   -33.588  3.159  12 1 6 1 2 4 8 16 32 153.928 157.515
119    -1.227   -28.668  3.293  17 1 6 1 2 4 8 16 32 151.044 154.703
120    81.329   -44.244  3.176  21 1 6 1 2 4 8 16 32 501.742 505.319
121    51.904    19.891  3.226  10 1 6 1 2 4 8 16 32 127.616 131.363
122   -34.973   -27.856  3.256   4 1 6 1 2 4 8 16 32 239.795 243.434
123   -51.483   -23.248  3.398  21 1 6 1 2 4 8 16 32 672.670 676.414
124    -0.647   -46.057  3.333   3 1 6 1 2 4 8 16 32 634.261 638.178
125    68.219   -66.986  3.114  17 1 6 1 2 4 8 16 32 405.186 408.759
126   -15.149   -25.482  3.531  19 1 6 1 2 4 8 16 32 496.932 500.506
127    22.412   -34.375  3.072  10 1 6 1 2 4 8 16 32 886.447 890.330
128    36.176   -10.431  3.279  21 1 6 1 2 4 8 16 32 514.108 518.042
129   -23.639   -47.681  3.004  21 1 6 1 2 4 8 16 32 411.243 415.121
130   -14.722    32.684  2.981   6 1 6 1 2 4 8 16 32 877.279 881.148
131    16.821   -12.720  3.257   8 1 6 1 2 4 8 16 32 185.627 189.199
132    93.378    23.004  3.353   8 1 6 1 2 4 8 16 32 661.327 665.285
133    40.344   -24.176  3.240  13 1 6 1 2 4 8 16 32 282.497 286.117
134     5.530    -4.901  3.456   7 1 6 1 2 4 8 16 32 110.406 114.365
135   -78.015     1.270  2.997  11 1 6 1 2 4 8 16 32 473.617 477.353
136    51.569   -45.673  3.510  18 1 6 1 2 4 8 16 32 843.608 847.471
137    49.249   -30.896  3.406  10 1 6 1 2 4 8 16 32 349.598 353.543
138   -62.195   -21.399  3.254  25 1 6 1 2 4 8 16 32 694.636 698.226
139    -5.048     7.306  3.233   7 1 6 1 2 4 8 16 32 466.281 470.147
140     1.727   -70.221  3.552  17 1 6 1 2 4 8 16 32 846.802 850.669
141     1.361    -3.564  3.168  20 1 6 1 2 4 8 16 32 262.567 266.380
142   -15.521    16.425  3.521  18 1 6 1 2 4 8 16 32 163.825 167.536
143   -31.604   -60.938  3.000  21 1 6 1 2 4 8 16 32 390.243 393.933
144   -46.997   -55.560  2.985  14 1 6 1 2 4 8 16 32 688.134 691.939
145     2.301     5.536  3.559   2 1 6 1 2 4 8 16 32 92.656 96.253
146   -30.328    -0.580  3.115  18 1 6 1 2 4 8 16 32 230.762 234.680
147   -16.821    17.664  3.013  10 1 6 1 2 4 8 16 32 893.319 897.236
148    52.655    29.034  3.067   5 1 6 1 2 4 8 16 32 217.453 221.073
149   -11.993   -83.771  3.515  15 1 6 1 2 4 8 16 32 285.797 289.700
150    41.632    43.048  3.385  17 1 6 1 2 4 8 16 32 162.788 166.518
151     8.508    -2.539  3.512  12 1 6 1 2 4 8 16 32 295.972 299.633
152    31.512    -8.978  3.432  14 1 6 1 2 4 8 16 32 94.567 98.287
153    -3.339   -36.243  3.159   3 1 6 1 2 4 8 16 32 177.001 180.931
154   -26.379    13.776  3.122   7 1 6 1 2 4 8 16 32 304.573 308.476
155    28.430    10.571  3.054  21 1 6 1 2 4 8 16 32 691.585 695.301
156     5.975    27.289  3.165   7 1 6 1 2 4 8 16 32 291.891 295.718
157   -32.135   -45.068  3.022   5 1 6 1 2 4 8 16 32 365.224 368.796
158    31.097    -7.916  3.347  24 1 6 1 2 4 8 16 32 266.061 270.014
159    28.198   -29.755  3.375  13 1 6 1 2 4 8 16 32 644.959 648.576
160   -39.612   -33.594  3.562  18 1 6 1 2 4 8 16 32 135.456 139.341
161   -19.220    -5.133  3.109  19 1 6 1 2 4 8 16 32 826.812 830.575
162   -10.114    69.977  3.456  22 1 6 1 2 4 8 16 32 287.524 291.480
163    22.894   -44.348  3.412  13 1 6 1 2 4 8 16 32 300.152 304.112
164   -34.741     0.580  3.149  10 1 6 1 2 4 8 16 32 191.586 195.319
165   -44.952   -77.734  3.269   4 1 6 1 2 4 8 16 32 650.947 654.755
166   -23.749   -56.012  3.038  17 1 6 1 2 4 8 16 32 77.841 81.607
167    69.073   -97.125  3.086   2 1 6 1 2 4 8 16 32 808.388 812.227
168    12.170   -59.869  2.991  18 1 6 1 2 4 8 16 32 870.368 874.251
169    47.339    17.365  3.555   2 1 6 1 2 4 8 16 32 588.899 592.693
170    -4.706    14.056  3.380  18 1 6 1 2 4 8 16 32 188.559 192.125
171   -52.374   -50.244  3.531  13 1 6 1 2 4 8 16 32 634.936 638.608
172    39.215   -29.773  3.295  24 1 6 1 2 4 8 16 32 97.909 101.681
173   -42.316   -60.602  3.558  25 1 6 1 2 4 8 16 32 671.739 675.647
174    19.135    41.150  3.412   2 1 6 1 2 4 8 16 32 840.305 843.975
175   -54.706   -17.596  3.213   2 1 6 1 2 4 8 16 32 659.249 662.917
176    11.737   -83.173  3.148   7 1 6 1 2 4 8 16 32 827.161 830.939
177   -40.582   -53.247  3.113  23 1 6 1 2 4 8 16 32 283.876 287.480
178    -6.421    21.967  3.394  21 1 6 1 2 4 8 16 32 103.617 107.336
179   -31.268   -34.613  3.502  18 1 6 1 2 4 8 16 32 581.774 585.615
180    -3.668   -26.868  3.190  21 1 6 1 2 4 8 16 32 177.292 181.247
181    13.409   -22.302  3.496  23 1 6 1 2 4 8 16 32 547.630 551.248
182   -95.892   -86.322  3.046  16 1 6 1 2 4 8 16 32 236.236 239.930
183    88.983   -53.387  3.139  22 1 6 1 2 4 8 16 32 545.498 549.268
184   -55.048   -32.538  3.233  11 1 6 1 2 4 8 16 32 567.989 571.564
185    27.850   -10.028  3.069  22 1 6 1 2 4 8 16 32 802.973 806.712
186    40.918   -36.090  3.322  10 1 6 1 2 4 8 16 32 472.497 476.240
187   -58.350    15.814  3.145  15 1 6 1 2 4 8 16 32 511.113 514.732
188   -52.161   -74.725  3.327  23 1 6 1 2 4 8 16 32 876.500 880.368
189   -66.772   -34.943  3.509   7 1 6 1 2 4 8 16 32 712.982 716.676
190   -33.374   -62.024  3.019   1 1 6 1 2 4 8 16 32 314.437 318.316
191    -8.649    31.708  3.472  21 1 6 1 2 4 8 16 32 690.825 694.598
192   -26.166   -56.152  3.372  11 1 6 1 2 4 8 16 32 79.074 83.034
193   -39.874   -53.375  3.058   2 1 6 1 2 4 8 16 32 151.098 154.872
194    71.643   -36.981  2.996  24 1 6 1 2 4 8 16 32 805.647 809.227
195   -96.924     8.411  3.018  25 1 6 1 2 4 8 16 32 346.833 350.645
196    -2.911    36.200  3.351  17 1 6 1 2 4 8 16 32 136.531 140.117
197   -53.253    14.099  3.147  10 1 6 1 2 4 8 16 32 389.116 392.958
198    67.316   -39.734  3.303  18 1 6 1 2 4 8 16 32 120.827 124.477
199    -6.525    11.975  3.468   2 1 6 1 2 4 8 16 32 443.673 447.550
200    16.425    33.221  3.414  12 1 6 1 2 4 8 16 32 561.287 565.114
201   -19.061   -56.921  3.402   4 1 6 1 2 4 8 16 32 831.619 835.424
202    25.189   -21.045  3.435   1 1 6 1 2 4 8 16 32 147.490 151.350
203    37.854    -5.524  3.469   1 1 6 1 2 4 8 16 32 416.874 420.758
204   -16.479    48.657  3.010   6 1 6 1 2 4 8 16 32 648.779 652.682
205     2.344   -16.516  3.333  22 1 6 1 2 4 8 16 32 248.642 252.352
206   -48.621   -12.390  3.012  25 1 6 1 2 4 8 16 32 394.527 398.296
207   -42.621   -50.006  3.550  21 1 6 1 2 4 8 16 32 636.091 639.713
208    16.016    11.169  2.991  18 1 6 1 2 4 8 16 32 239.731 243.668
209   -80.408   -60.583  3.307  14 1 6 1 2 4 8 16 32 836.289 840.015
210   -95.068    44.293  3.082  21 1 6 1 2 4 8 16 32 463.616 467.378
211    -6.885    24.884  3.299   4 1 6 1 2 4 8 16 32 357.573 361.265
212    -4.803    21.674  3.164   1 1 6 1 2 4 8 16 32 685.877 689.663
213     7.037   -45.337  3.311  18 1 6 1 2 4 8 16 32 541.927 545.687
214    31.293   -39.905  3.419   4 1 6 1 2 4 8 16 32 497.223 501.148
215    14.984    26.172  3.216   4 1 6 1 2 4 8 16 32 263.337 266.955
216    33.203   -52.289  3.419   5 1 6 1 2 4 8 16 32 437.031 440.967
217   -59.277    39.667  3.425  15 1 6 1 2 4 8 16 32 794.138 797.993
218    30.054   -36.823  3.495   5 1 6 1 2 4 8 16 32 802.889 806.690
219     9.351   -39.044  3.459  22 1 6 1 2 4 8 16 32 610.450 614.190
220   -10.651    54.431  3.337  21 1 6 1 2 4 8 16 32 628.163 632.106
221    20.856   -26.465  3.019  17 1 6 1 2 4 8 16 32 248.678 252.292
222    19.617    17.865  3.517   8 1 6 1 2 4 8 16 32 571.487 575.211
223   -36.981   -92.950  3.512   4 1 6 1 2 4 8 16 32 256.609 260.497
224    -3.760    59.875  3.247   4 1 6 1 2 4 8 16 32 473.334 477.186
225    11.682   -63.336  3.002  16 1 6 1 2 4 8 16 32 470.850 474.493
226     4.468   -36.133  2.977   5 1 6 1 2 4 8 16 32 527.203 531.147
227    47.040   -41.254  3.192  15 1 6 1 2 4 8 16 32 836.368 840.095
228    29.938   -58.710  3.473  25 1 6 1 2 4 8 16 32 820.739 824.678
229   -70.569    -7.037  3.205  15 1 6 1 2 4 8 16 32 369.016 372.906
230    56.262     1.819  3.041   7 1 6 1 2 4 8 16 32 313.030 316.990
231    46.210   -53.522  3.259  19 1 6 1 2 4 8 16 32 148.856 152.639
232     6.366   -14.264  3.485  11 1 6 1 2 4 8 16 32 140.328 144.264
233   -34.540   -39.502  3.256  13 1 6 1 2 4 8 16 32 619.825 623.528
234   -50.537    28.357  3.526  24 1 6 1 2 4 8 16 32 572.436 576.383
235   -61.444   -10.901  3.097   4 1 6 1 2 4 8 16 32 363.906 367.718
236   -30.823    17.902  3.048  13 1 6 1 2 4 8 16 32 489.462 493.162
237    49.658    24.469  3.258   6 1 6 1 2 4 8 16 32 347.772 351.479
238   -69.775   -41.406  3.072   4 1 6 1 2 4 8 16 32 769.921 773.500
239   -18.939    57.690  3.086  12 1 6 1 2 4 8 16 32 653.232 657.065
240   -22.449    15.771  3.499   4 1 6 1 2 4 8 16 32 737.821 741.724
241    -7.599    37.030  3.454   4 1 6 1 2 4 8 16 32 537.778 541.401
242    27.435    17.554  3.105  25 1 6 1 2 4 8 16 32 775.384 779.086
243    45.526    -5.127  3.480  25 1 6 1 2 4 8 16 32 756.240 760.097
244   -33.551   -25.586  3.007  14 1 6 1 2 4 8 16 32 353.541 357.357
245    -4.645    53.754  3.206  25 1 6 1 2 4 8 16 32 822.386 826.031
246   -41.119   -13.361  3.297  13 1 6 1 2 4 8 16 32 721.128 724.816
247    23.010   -45.703  3.305  13 1 6 1 2 4 8 16 32 648.190 652.079
248    17.230     5.096  3.514  11 1 6 1 2 4 8 16 32 224.965 228.874
249    -6.818   -19.873  3.551  24 1 6 1 2 4 8 16 32 694.707 698.369
250    52.966    51.410  3.215   5 1 6 1 2 4 8 16 32 162.469 166.076
251   -28.662   -50.940  3.425  12 1 6 1 2 4 8 16 32 802.988 806.640
252    69.684   -51.520  3.294   4 1 6 1 2 4 8 16 32 507.420 511.169
253    36.884   -17.371  3.370   5 1 6 1 2 4 8 16 32 848.903 852.677
254   -19.659    42.035  3.294  24 1 6 1 2 4 8 16 32 705.171 708.804
255    72.125    65.405  3.182  17 1 6 1 2 4 8 16 32 227.021 230.792
256   -71.368    59.863  3.401   4 1 6 1 2 4 8 16 32 571.080 574.762
257    18.317   -37.750  3.156   1 1 6 1 2 4 8 16 32 221.751 225.326
258    18.121     0.482  3.519  19 1 6 1 2 4 8 16 32 796.882 800.614
259    -1.105   -30.676  3.261   7 1 6 1 2 4 8 16 32 829.372 833.234
260   -44.574   -44.055  3.346  24 1 6 1 2 4 8 16 32 109.097 112.662
261   -28.058   -59.436  3.248  10 1 6 1 2 4 8 16 32 820.856 824.645
262    -7.953     4.639  3.468  13 1 6 1 2 4 8 16 32 289.980 293.790
263   -37.366   -28.528  3.546  24 1 6 1 2 4 8 16 32 186.095 189.971
264     4.388   -38.489  3.131   3 1 6 1 2 4 8 16 32 378.124 381.824
265   -44.592   -35.333  3.457  14 1 6 1 2 4 8 16 32 355.197 358.959
266   -56.714   -39.252  3.024   2 1 6 1 2 4 8 16 32 295.558 299.388
267    13.452   -32.159  3.398  24 1 6 1 2 4 8 16 32 673.226 676.960
268   -20.343   -11.182  3.155  11 1 6 1 2 4 8 16 32 545.586 549.254
269     3.436   -52.734  3.372   5 1 6 1 2 4 8 16 32 61.448 65.270
270    40.576   -54.492  3.229  14 1 6 1 2 4 8 16 32 728.061 731.736
271    31.952   -25.421  3.495  21 1 6 1 2 4 8 16 32 478.613 482.498
272   -57.434    38.525  3.045  14 1 6 1 2 4 8 16 32 255.526 259.362
273    47.510   -42.035  3.408  15 1 6 1 2 4 8 16 32 365.318 369.269
274   -28.143   -41.614  3.451   3 1 6 1 2 4 8 16 32 900.841 904.446
275    -2.258    -5.078  3.363  15 1 6 1 2 4 8 16 32 275.002 278.824
276   -27.167   -27.936  3.556  15 1 6 1 2 4 8 16 32 646.796 650.612
277   -24.048   -47.192  3.039  21 1 6 1 2 4 8 16 32 630.671 634.341
278   -77.521   -55.084  3.249  17 1 6 1 2 4 8 16 32 128.039 131.862
279   -62.036   -43.439  3.290  18 1 6 1 2 4 8 16 32 419.798 423.609
280   -71.936   -20.160  3.387  15 1 6 1 2 4 8 16 32 678.654 682.589
281   -66.504   -39.789  3.239  19 1 6 1 2 4 8 16 32 396.132 399.788
282    14.587    48.444  3.512   9 1 6 1 2 4 8 16 32 629.189 633.089
283    31.366   -29.462  3.462  10 1 6 1 2 4 8 16 32 209.777 213.545
284     6.512   -46.124  3.125  13 1 6 1 2 4 8 16 32 579.407 583.245
285     9.650    39.508  3.535  25 1 6 1 2 4 8 16 32 740.857 744.673
286    16.040    16.681  3.388   1 1 6 1 2 4 8 16 32 476.034 479.833
287     7.745   -75.378  3.207  11 1 6 1 2 4 8 16 32 309.818 313.601
288   -27.173    -4.462  3.151  25 1 6 1 2 4 8 16 32 834.221 838.094
289   -40.198   -12.781 0.000   0 0 0 0.000 990.110
290   -40.488   -35.864 0.000   0 0 0 0.000 990.110
291    -1.193     2.515 0.000   0 0 0 0.000 990.110
292    18.329   -35.468 0.000   0 0 0 0.000 990.110
293    23.746    -0.522 0.000   0 0 0 0.000 990.110
294   -46.396   -39.923 0.000   0 0 0 0.000 990.110
