6 1 48 4
0 200
0 200
0 200
0 200
  1   -29.730    64.136  3.214  12 1 4 1 2 4 8 766.557 770.255
  2   -30.664     5.463  3.109   8 1 4 1 2 4 8 206.301 209.915
  3    51.642     5.469  3.188 -16 1 4 1 2 4 8 294.718 298.376
  4   -13.171    69.336  2.958   5 1 4 1 2 4 8 313.956 317.546
  5   -67.413    68.323  3.062 -12 1 4 1 2 4 8 499.155 502.903
  6    48.907     6.274  3.126   5 1 4 1 2 4 8 524.297 528.006
  7     5.243    22.260  2.947  13 1 4 1 2 4 8 492.555 496.143
  8   -65.002    77.234  3.269  20 1 4 1 2 4 8 622.519 626.017
  9    -4.175    -1.569  3.234  13 1 4 1 2 4 8 125.898 129.510
 10    23.029    11.639  2.983  18 1 4 1 2 4 8 569.237 572.971
 11    25.482     6.287  3.298   7 1 4 1 2 4 8 588.076 591.628
 12   -42.615   -26.392  3.413   6 1 4 1 2 4 8 851.231 854.851
 13   -76.672    99.341  3.120   9 1 4 1 2 4 8 752.060 755.752
 14   -20.673    57.892  3.152   9 1 4 1 2 4 8 776.910 780.680
 15   -52.039     6.567  3.264   4 1 4 1 2 4 8 369.481 372.995
 16   -41.376    50.824  3.369  25 1 4 1 2 4 8 524.222 527.809
 17   -91.943    27.588  3.388  -5 1 4 1 2 4 8 351.337 354.938
 18   -65.118    30.212  3.134  17 1 4 1 2 4 8 282.666 286.176
 19    18.597    96.716  3.240  -3 1 4 1 2 4 8 267.823 271.505
 20   -40.942    83.209  3.136 -16 1 4 1 2 4 8 552.956 556.765
 21   -37.756   -33.325  3.159  25 1 4 1 2 4 8 726.830 730.381
 22    23.767    29.083  3.122  21 1 4 1 2 4 8 817.263 820.728
 23   -43.030    20.453  2.891  14 1 4 1 2 4 8 766.755 770.359
 24   -35.297   -24.896  3.041  19 1 4 1 2 4 8 335.131 338.613
 25   -54.755    14.368  3.016  14 1 4 1 2 4 8 773.145 776.737
 26   -49.329    33.374  3.366   6 1 4 1 2 4 8 664.701 668.166
 27    57.404    23.822  3.364 -16 1 4 1 2 4 8 220.648 224.164
 28   -22.754    55.408  3.054  -9 1 4 1 2 4 8 355.783 359.332
 29   -56.622    73.340  2.875  20 1 4 1 2 4 8 623.931 627.580
 30   -38.562    -3.705  3.091  13 1 4 1 2 4 8 321.604 325.386
 31   -16.779    19.537  2.971  10 1 4 1 2 4 8 266.196 269.690
 32   -11.560    11.615  2.881  16 1 4 1 2 4 8 157.713 161.341
 33   -46.545    97.974  3.343  19 1 4 1 2 4 8 600.163 603.867
 34    16.229     9.320  3.272  22 1 4 1 2 4 8 121.348 124.873
 35     1.294     7.349  3.148  14 1 4 1 2 4 8 500.604 504.372
 36   -26.404    29.529  3.204 -10 1 4 1 2 4 8 886.844 890.305
 37     4.352    14.685  3.370  11 1 4 1 2 4 8 775.928 779.514
 38   -50.665   -23.126  3.168  15 1 4 1 2 4 8 723.965 727.538
 39   -22.833    -9.814  3.046  13 1 4 1 2 4 8 784.639 788.291
 40   -71.100   -18.616  3.112  15 1 4 1 2 4 8 231.764 235.548
 41    -7.849    32.074  3.129   8 1 4 1 2 4 8 196.029 199.703
 42    11.877   -24.933  3.206  22 1 4 1 2 4 8 281.260 284.860
 43   -18.927   -23.730  2.975  24 1 4 1 2 4 8 85.454 89.181
 44   -11.920    11.755  3.174  -3 1 4 1 2 4 8 513.557 517.238
 45    29.840    11.633  3.385  25 1 4 1 2 4 8 241.246 244.691
 46    12.268   -55.811  3.109  19 1 4 1 2 4 8 198.819 202.576
 47   -37.933   -21.613  3.378  21 1 4 1 2 4 8 240.030 243.831
 48    42.883    -2.966  2.958  10 1 4 1 2 4 8 199.062 202.773
 49     4.163    13.559 0.000   0 0 0 0.000 956.420
 50    21.387    17.105 0.000   0 0 0 0.000 956.420
 51   -36.118    49.097 0.000   0 0 0 0.000 956.420
 52   -31.201     0.235 0.000   0 0 0 0.000 956.420
