6 2 96 4
0 195
0 195
0 195
0 195
  1    33.588    30.750  2.827  -4 1 4 1 2 4 8 587.186 590.508
  2    48.828    65.314  3.115  12 1 4 1 2 4 8 239.648 243.032
  3    86.176    59.344  2.676   3 1 4 1 2 4 8 548.349 551.583
  4    39.270   -33.057  2.830  15 1 4 1 2 4 8 696.899 700.217
  5   -23.370    86.853  2.714  13 1 4 1 2 4 8 326.775 330.024
  6    48.132    95.593  2.851  20 1 4 1 2 4 8 307.447 310.873
  7   -16.357    93.311  2.849  21 1 4 1 2 4 8 574.947 578.267
  8   -57.703   -65.601  2.937   4 1 4 1 2 4 8 281.312 284.540
  9     7.147    32.684  2.996  25 1 4 1 2 4 8 109.578 112.790
 10    42.950    68.701  3.065 -21 1 4 1 2 4 8 778.562 781.734
 11    37.085    -2.112  2.645   7 1 4 1 2 4 8 179.126 182.552
 12    77.759    55.817  3.114   3 1 4 1 2 4 8 780.404 783.889
 13   -17.462   -56.567  3.158   9 1 4 1 2 4 8 652.236 655.491
 14    58.575    59.888  2.686  -5 1 4 1 2 4 8 713.116 716.331
 15    57.776    15.344  3.064  20 1 4 1 2 4 8 385.815 389.101
 16   -22.327    36.072  2.746  21 1 4 1 2 4 8 393.735 397.240
 17    -7.080    30.493  2.860  19 1 4 1 2 4 8 392.639 395.913
 18    55.658    60.425  2.897   2 1 4 1 2 4 8 753.870 757.341
 19   -14.307    11.456  2.978  16 1 4 1 2 4 8 143.704 147.109
 20   -29.724    24.268  2.770  18 1 4 1 2 4 8 405.400 408.747
 21    43.219     0.739  2.728  24 1 4 1 2 4 8 315.584 318.847
 22    45.184    35.474  2.979  24 1 4 1 2 4 8 726.754 730.038
 23    64.484     2.240  2.718   8 1 4 1 2 4 8 220.157 223.593
 24    55.078    72.241  2.854  16 1 4 1 2 4 8 786.442 789.668
 25    16.925    15.741  2.863  19 1 4 1 2 4 8 441.062 444.438
 26    45.038    -3.723  2.697 -12 1 4 1 2 4 8 330.197 333.480
 27   -76.782     5.939  2.862   9 1 4 1 2 4 8 621.118 624.620
 28    36.169     0.256  3.006   3 1 4 1 2 4 8 373.714 377.141
 29    29.218     8.936  2.717  15 1 4 1 2 4 8 590.643 594.015
 30    65.057     5.225  3.033   4 1 4 1 2 4 8 227.571 231.063
 31    42.175   -22.284  3.071  24 1 4 1 2 4 8 789.026 792.191
 32    25.574    31.726  2.701  22 1 4 1 2 4 8 50.980 54.226
 33    31.561    37.262  2.664 -14 1 4 1 2 4 8 776.334 779.591
 34    66.498   -54.169  2.699  11 1 4 1 2 4 8 161.571 165.080
 35    46.576   -17.938  2.736  20 1 4 1 2 4 8 364.443 367.631
 36    65.063    40.875  3.048   5 1 4 1 2 4 8 665.809 669.090
 37    -2.716    24.768  2.728  11 1 4 1 2 4 8 481.493 484.840
 38   -40.002     3.870  3.007  12 1 4 1 2 4 8 403.077 406.491
 39   -73.505    57.043  2.715  -7 1 4 1 2 4 8 735.523 739.029
 40    81.146   -25.714  2.760   1 1 4 1 2 4 8 618.171 621.561
 41    12.006    -7.965  2.709  23 1 4 1 2 4 8 656.665 659.845
 42    42.761    38.092  3.160  13 1 4 1 2 4 8 204.388 207.624
 43     3.857   -23.181  2.713   4 1 4 1 2 4 8 605.970 609.320
 44    -7.367    24.390  2.682  23 1 4 1 2 4 8 221.739 225.092
 45    35.944   -11.835  3.092  17 1 4 1 2 4 8 371.479 374.784
 46    52.075     9.692  2.877  13 1 4 1 2 4 8 261.550 264.926
 47    30.725    30.701  2.668   9 1 4 1 2 4 8 304.321 307.603
 48    41.223    77.924  3.005 -10 1 4 1 2 4 8 290.399 293.704
 49    68.884   -40.546  3.083 -22 1 4 1 2 4 8 200.604 203.833
 50    76.312    86.670  3.110  21 1 4 1 2 4 8 145.203 148.463
 51    63.934    78.540  2.771 -13 1 4 1 2 4 8 528.312 531.516
 52    29.150    -9.961  2.911  25 1 4 1 2 4 8 203.116 206.438
 53    85.522    39.954  2.680   8 1 4 1 2 4 8 699.470 702.682
 54    31.775     3.870  2.997 -20 1 4 1 2 4 8 593.945 597.183
 55   -20.544    19.086  2.872  -3 1 4 1 2 4 8 626.496 629.876
 56    55.353    43.817  2.822   4 1 4 1 2 4 8 631.419 634.692
 57    35.406    10.278  2.795 -13 1 4 1 2 4 8 115.682 118.939
 58    25.464    -0.287  2.792  18 1 4 1 2 4 8 127.977 131.305
 59    12.396     0.244  2.909   1 1 4 1 2 4 8 649.697 653.121
 60    18.359    20.917  2.999  10 1 4 1 2 4 8 206.383 209.840
 61    27.960   -15.039  3.075  16 1 4 1 2 4 8 395.883 399.298
 62    -3.192    19.879  3.110  -9 1 4 1 2 4 8 119.146 122.359
 63     9.332   -41.351  2.736  13 1 4 1 2 4 8 151.282 154.567
 64   -20.581    38.177  2.875  23 1 4 1 2 4 8 432.605 435.949
 65    27.820    28.729  2.805  14 1 4 1 2 4 8 365.199 368.455
 66    59.027    42.310  2.851   5 1 4 1 2 4 8 645.072 648.553
 67    56.311    58.734  3.138  -1 1 4 1 2 4 8 414.446 417.631
 68   -51.654    -0.342  2.820   6 1 4 1 2 4 8 124.403 127.638
 69     2.576    32.721  3.069 -20 1 4 1 2 4 8 778.814 782.052
 70    15.131    -3.046  2.696  10 1 4 1 2 4 8 345.716 349.215
 71    66.595    34.937  3.111  19 1 4 1 2 4 8 202.312 205.550
 72    19.476    20.142  2.873  24 1 4 1 2 4 8 167.475 170.648
 73    -1.172    20.648  2.988   3 1 4 1 2 4 8 378.373 381.745
 74   -21.204    13.660  2.648   5 1 4 1 2 4 8 716.173 719.343
 75    98.846     1.257  2.785  13 1 4 1 2 4 8 255.889 259.160
 76    82.593    72.003  2.852   5 1 4 1 2 4 8 641.068 644.262
 77    30.017   -30.896  2.967   4 1 4 1 2 4 8 747.746 751.150
 78    33.228    41.663  2.916  12 1 4 1 2 4 8 755.792 758.954
 79    39.490    -8.539  2.877  11 1 4 1 2 4 8 304.268 307.439
 80    54.498    70.813  2.838  20 1 4 1 2 4 8 312.405 315.804
 81     3.058    10.248  2.662 -13 1 4 1 2 4 8 505.768 509.257
 82    51.831   -16.870  2.855  -1 1 4 1 2 4 8 345.956 349.325
 83    76.416    11.346  2.753   3 1 4 1 2 4 8 323.437 326.782
 84     5.243     0.238  2.644  -2 1 4 1 2 4 8 411.873 415.064
 85    50.592    34.247  2.846  23 1 4 1 2 4 8 622.510 626.006
 86    -5.231    -2.081  2.901   8 1 4 1 2 4 8 178.969 182.356
 87    24.194    25.836  2.802  25 1 4 1 2 4 8 532.786 536.165
 88    33.630    37.585  2.859  18 1 4 1 2 4 8 661.483 664.941
 89    31.445    -7.001  2.790   4 1 4 1 2 4 8 159.082 162.474
 90    30.707   -28.168  3.124   5 1 4 1 2 4 8 418.673 421.857
 91    49.860     1.038  2.984  21 1 4 1 2 4 8 614.941 618.440
 92   -35.767    14.142  3.053  23 1 4 1 2 4 8 622.659 625.896
 93   -29.309     4.889  3.143 -19 1 4 1 2 4 8 430.183 433.490
 94    19.049    41.974  2.899   2 1 4 1 2 4 8 77.399 80.597
 95    27.600    13.934  2.950  21 1 4 1 2 4 8 186.032 189.520
 96    52.832    50.684  2.855  10 1 4 1 2 4 8 557.308 560.791
 97     6.229    10.590 0.000   0 0 0 0.000 878.140
 98    32.663    44.730 0.000   0 0 0 0.000 878.140
 99    48.807    48.792 0.000   0 0 0 0.000 878.140
100    33.179    -4.968 0.000   0 0 0 0.000 878.140
