6 3 144 4
0 190
0 190
0 190
0 190
  1   -55.280   -24.371  3.189  -9 1 4 1 2 4 8 173.197 176.701
  2   -48.297    53.314  3.287  22 1 4 1 2 4 8 336.229 339.632
  3   -49.072   -38.489  3.229  10 1 4 1 2 4 8 355.332 358.811
  4    25.311   -18.561  2.876 -24 1 4 1 2 4 8 303.072 306.813
  5   -24.469    -3.815  3.087  25 1 4 1 2 4 8 234.591 238.067
  6    24.591   -17.896  3.351   6 1 4 1 2 4 8 567.929 571.476
  7   -10.419    60.364  3.021  22 1 4 1 2 4 8 115.233 118.890
  8    38.177   -35.175  3.219  -1 1 4 1 2 4 8 642.353 646.082
  9   -68.280    93.073  3.330  19 1 4 1 2 4 8 638.546 642.119
 10   -30.792   -57.336  3.009  19 1 4 1 2 4 8 243.919 247.633
 11   -37.061   -12.122  3.020   5 1 4 1 2 4 8 373.272 376.878
 12   -15.741   -47.638  3.159  -9 1 4 1 2 4 8 764.109 767.593
 13   -63.379   -22.919  3.321   8 1 4 1 2 4 8 94.173 97.575
 14   -43.109   -43.439  2.977  14 1 4 1 2 4 8 678.952 682.654
 15   -25.623    13.599  3.320   4 1 4 1 2 4 8 578.804 582.297
 16    -2.625    16.632  3.165   7 1 4 1 2 4 8 472.306 475.794
 17   -41.577   -28.497  3.114  10 1 4 1 2 4 8 851.765 855.469
 18     2.081    12.885  3.195 -22 1 4 1 2 4 8 824.866 828.328
 19     3.925   -47.845  3.128  17 1 4 1 2 4 8 588.278 591.816
 20   -83.295    26.324  2.921  10 1 4 1 2 4 8 264.349 267.971
 21    -6.458    26.355  3.046   8 1 4 1 2 4 8 83.020 86.531
 22     3.290     6.732  3.053  14 1 4 1 2 4 8 540.710 544.309
 23   -34.869    30.426  3.096  12 1 4 1 2 4 8 459.716 463.222
 24    15.546   -36.273  3.290  17 1 4 1 2 4 8 132.045 135.676
 25    12.842     5.127  3.084  19 1 4 1 2 4 8 774.324 778.010
 26   -48.450   -24.426  3.231  25 1 4 1 2 4 8 501.836 505.498
 27   -88.538   -10.461  3.160  25 1 4 1 2 4 8 285.091 288.648
 28   -29.773     0.995  3.096   6 1 4 1 2 4 8 610.125 613.733
 29     9.827    38.416  2.873  21 1 4 1 2 4 8 349.042 352.572
 30     1.410    92.938  3.211  -3 1 4 1 2 4 8 168.833 172.392
 31   -79.303    15.381  2.951  19 1 4 1 2 4 8 544.024 547.481
 32   -30.652    40.063  3.321  16 1 4 1 2 4 8 152.928 156.357
 33    18.927    21.637  2.855  21 1 4 1 2 4 8 468.504 472.246
 34    45.087   -59.906  2.927  17 1 4 1 2 4 8 518.319 521.935
 35   -34.949    -3.815  2.892  19 1 4 1 2 4 8 334.399 338.061
 36    81.201   -74.744  2.925   6 1 4 1 2 4 8 545.153 548.682
 37    15.594   -28.455  2.891 -10 1 4 1 2 4 8 244.724 248.452
 38   -72.192    29.547  2.950 -22 1 4 1 2 4 8 612.433 615.830
 39   -42.914   -22.675  2.981  17 1 4 1 2 4 8 229.040 232.775
 40   -76.392   -57.489  3.356  16 1 4 1 2 4 8 580.409 583.845
 41   -28.540    12.073  3.123  -5 1 4 1 2 4 8 156.658 160.349
 42   -61.389    26.526  3.114  -1 1 4 1 2 4 8 364.869 368.413
 43    -8.472    12.616  3.063  21 1 4 1 2 4 8 206.600 210.130
 44   -61.475    33.392  2.947 -20 1 4 1 2 4 8 330.582 334.099
 45   -34.674   -27.588  2.914   6 1 4 1 2 4 8 473.868 477.369
 46    10.315   -12.518  3.039   1 1 4 1 2 4 8 111.903 115.464
 47   -83.014    77.002  3.183  11 1 4 1 2 4 8 502.499 506.016
 48   -40.417    49.988  3.100  22 1 4 1 2 4 8 598.738 602.484
 49    83.832    33.905  3.166  25 1 4 1 2 4 8 542.587 546.139
 50   -20.563   -75.830  3.045  18 1 4 1 2 4 8 698.168 701.886
 51    15.442   -18.719  3.206   9 1 4 1 2 4 8 507.096 510.802
 52   -59.937   -65.802  2.959  23 1 4 1 2 4 8 241.051 244.576
 53     5.151    47.815  2.979  17 1 4 1 2 4 8 360.733 364.136
 54    46.008    14.990  3.344   4 1 4 1 2 4 8 783.322 787.036
 55    82.977    -1.660  2.878   1 1 4 1 2 4 8 529.807 533.192
 56    39.893   -38.916  3.184  14 1 4 1 2 4 8 574.077 577.703
 57    90.839   -83.539  3.058  11 1 4 1 2 4 8 352.022 355.448
 58     7.068     0.067  3.057   7 1 4 1 2 4 8 693.580 697.160
 59    18.958    40.088  2.898  21 1 4 1 2 4 8 154.746 158.451
 60   -80.487    58.209  2.978   3 1 4 1 2 4 8 350.869 354.461
 61    64.459   -62.946  3.069  18 1 4 1 2 4 8 220.264 223.935
 62   -43.616   -26.117  2.869  -5 1 4 1 2 4 8 181.339 184.830
 63   -18.408    10.303  3.355   6 1 4 1 2 4 8 811.637 815.318
 64   -43.921    63.251  3.364 -22 1 4 1 2 4 8 325.309 328.958
 65    11.353    26.221  3.045  13 1 4 1 2 4 8 300.970 304.427
 66    -6.995    38.239  3.100  17 1 4 1 2 4 8 745.388 748.779
 67    74.084   -34.216  3.133   5 1 4 1 2 4 8 653.093 656.496
 68    14.301    -0.800  2.828   7 1 4 1 2 4 8 619.436 623.157
 69   -94.141   -48.779  3.309   1 1 4 1 2 4 8 194.467 198.215
 70    15.332   -42.169  2.893   3 1 4 1 2 4 8 759.487 763.076
 71   -46.637   -16.461  3.002 -10 1 4 1 2 4 8 409.601 413.183
 72    -0.958   -81.000  2.995  -5 1 4 1 2 4 8 443.229 446.788
 73   -37.445   -42.505  3.021  -1 1 4 1 2 4 8 406.949 410.633
 74    -3.680   -69.073  2.996 -17 1 4 1 2 4 8 198.407 201.878
 75    34.894   -20.898  3.349  14 1 4 1 2 4 8 546.343 550.000
 76    45.544    51.410  3.138   4 1 4 1 2 4 8 579.203 582.643
 77   -31.927    88.239  2.983  10 1 4 1 2 4 8 451.359 454.805
 78   -13.580   -26.959  3.224  25 1 4 1 2 4 8 550.486 553.979
 79    12.653   -48.340  3.233  11 1 4 1 2 4 8 381.765 385.367
 80   -46.179   -38.269  2.909 -16 1 4 1 2 4 8 748.332 751.749
 81   -29.620    35.083  3.333  25 1 4 1 2 4 8 363.218 366.860
 82    13.696    43.988  2.882  20 1 4 1 2 4 8 355.452 359.004
 83    38.342   -46.338  2.949   3 1 4 1 2 4 8 664.378 668.076
 84   -26.227    24.506  2.963   7 1 4 1 2 4 8 629.088 632.494
 85    90.009   -43.640  3.242   2 1 4 1 2 4 8 546.282 549.978
 86    -6.995    22.522  2.861   6 1 4 1 2 4 8 800.935 804.456
 87   -29.993   -28.851  3.241  14 1 4 1 2 4 8 291.733 295.379
 88   -56.268   -64.740  2.994 -14 1 4 1 2 4 8 214.750 218.192
 89   -87.415    90.796  2.831   2 1 4 1 2 4 8 658.713 662.302
 90    -5.762    54.034  3.202  15 1 4 1 2 4 8 720.184 723.574
 91   -34.845   -27.185  2.846 -22 1 4 1 2 4 8 846.157 849.660
 92   -16.479    16.180  2.881   4 1 4 1 2 4 8 850.462 853.926
 93    23.712    29.492  2.934  22 1 4 1 2 4 8 390.437 393.930
 94   -40.991    46.594  2.901  19 1 4 1 2 4 8 777.944 781.580
 95   -53.516   -21.619  3.307   5 1 4 1 2 4 8 125.741 129.258
 96   -17.560    37.494  3.367  10 1 4 1 2 4 8 163.490 167.078
 97   -37.311    56.836  2.950   4 1 4 1 2 4 8 520.125 523.727
 98    71.515    22.510  3.232   7 1 4 1 2 4 8 647.001 650.671
 99   -41.864    27.710  2.941  11 1 4 1 2 4 8 518.715 522.395
100    14.819   -82.117  3.255  14 1 4 1 2 4 8 586.452 589.990
101    30.316   -55.322  3.353   2 1 4 1 2 4 8 313.857 317.575
102   -39.172    47.998  2.860  12 1 4 1 2 4 8 313.850 317.574
103   -94.415    15.192  3.335  12 1 4 1 2 4 8 240.583 244.309
104    -7.806    11.273  3.009  24 1 4 1 2 4 8 855.163 858.549
105    28.571   -49.908  3.359   8 1 4 1 2 4 8 480.205 483.894
106   -20.654    24.554  2.826   4 1 4 1 2 4 8 336.819 340.301
107   -30.963   -18.903  2.861  25 1 4 1 2 4 8 197.094 200.742
108     1.721   -20.447  2.912   6 1 4 1 2 4 8 529.223 532.787
109   -31.012   -21.106  3.332   9 1 4 1 2 4 8 345.449 349.150
110   -85.718   -28.015  2.910 -23 1 4 1 2 4 8 721.248 724.942
111    58.826   -63.043  3.167  15 1 4 1 2 4 8 475.225 478.736
112   -15.753   -52.686  3.354   7 1 4 1 2 4 8 728.954 732.576
113   -71.661    51.184  3.184   6 1 4 1 2 4 8 373.649 377.283
114   -92.633    -6.598  3.330   5 1 4 1 2 4 8 539.720 543.097
115    33.508   -49.255  2.891  12 1 4 1 2 4 8 471.072 474.672
116    59.314    54.095  3.246  -3 1 4 1 2 4 8 142.403 146.060
117    30.737   -28.436  3.046 -22 1 4 1 2 4 8 552.217 555.668
118   -55.896    18.457  3.342  18 1 4 1 2 4 8 724.966 728.715
119   -89.960   -39.532  3.276  16 1 4 1 2 4 8 752.408 756.015
120    36.438    20.819  3.187   5 1 4 1 2 4 8 678.783 682.385
121   -53.674   -56.427  3.132  -1 1 4 1 2 4 8 407.080 410.749
122   -31.866    32.538  3.328   8 1 4 1 2 4 8 475.078 478.615
123     5.658    12.756  3.073 -20 1 4 1 2 4 8 668.051 671.675
124   -52.905    42.804  3.268  17 1 4 1 2 4 8 531.882 535.549
125    47.131   -45.465  2.916  11 1 4 1 2 4 8 128.409 131.961
126    30.792     9.869  3.152  -8 1 4 1 2 4 8 508.642 512.358
127   -45.209   -56.293  3.111 -15 1 4 1 2 4 8 394.871 398.350
128    10.919    13.306  3.099  16 1 4 1 2 4 8 69.104 72.711
129   -32.990   -34.003  3.044   6 1 4 1 2 4 8 265.649 269.218
130   -40.869    30.579  3.140  24 1 4 1 2 4 8 789.141 792.644
131   -69.348    80.408  3.089  10 1 4 1 2 4 8 374.918 378.624
132   -58.966   -29.541  3.146   4 1 4 1 2 4 8 594.500 597.912
133   -36.847   -33.710  3.145  10 1 4 1 2 4 8 581.174 584.767
134   -21.820    65.369  3.140  17 1 4 1 2 4 8 326.853 330.386
135    22.980   -41.010  3.207   5 1 4 1 2 4 8 699.027 702.502
136   -77.557    59.814  3.244  14 1 4 1 2 4 8 507.181 510.741
137   -47.205    67.725  2.929  16 1 4 1 2 4 8 511.187 514.791
138   -21.606    35.168  2.873  11 1 4 1 2 4 8 366.047 369.515
139   -55.676   -31.384  3.000  25 1 4 1 2 4 8 548.082 551.606
140   -85.229    88.788  3.322   4 1 4 1 2 4 8 179.643 183.347
141    -3.918   -63.525  3.374 -12 1 4 1 2 4 8 443.869 447.371
142   -58.557    59.375  3.146  19 1 4 1 2 4 8 147.829 151.244
143   -24.542    14.935  2.850   6 1 4 1 2 4 8 127.054 130.745
144   -48.779    16.968  3.303  23 1 4 1 2 4 8 822.306 825.959
145   -40.082   -24.780 0.000   0 0 0 0.000 937.440
146    24.292   -27.704 0.000   0 0 0 0.000 937.440
147   -45.877    41.092 0.000   0 0 0 0.000 937.440
148   -11.896    15.875 0.000   0 0 0 0.000 937.440
