6 4 192 4
0 185
0 185
0 185
0 185
  1   -44.629   -55.640  3.383  11 1 4 1 2 4 8 677.812 681.581
  2    36.096    64.935  3.045  11 1 4 1 2 4 8 792.644 796.352
  3   -25.470    44.580  3.177  23 1 4 1 2 4 8 159.649 163.502
  4   -33.954   -73.059  3.156  16 1 4 1 2 4 8 181.466 185.064
  5    45.654    35.730  3.433  16 1 4 1 2 4 8 756.272 759.852
  6    14.954   -36.719  3.091   2 1 4 1 2 4 8 445.331 449.149
  7    -1.477    47.205  3.030   1 1 4 1 2 4 8 248.003 251.808
  8     2.155   -40.912  3.212  25 1 4 1 2 4 8 325.203 328.961
  9    22.992     1.398  2.918  24 1 4 1 2 4 8 422.246 425.785
 10   -28.857     5.957  3.150 -14 1 4 1 2 4 8 706.675 710.397
 11   -48.120    94.116  3.358   6 1 4 1 2 4 8 265.100 268.652
 12     7.239    17.322  3.212 -20 1 4 1 2 4 8 609.402 612.937
 13     4.614    27.051  3.209  10 1 4 1 2 4 8 602.957 606.796
 14   -13.971    28.198  3.059  11 1 4 1 2 4 8 424.325 428.020
 15    12.946   -11.688  2.957   2 1 4 1 2 4 8 206.636 210.275
 16   -36.670    23.102  3.309  22 1 4 1 2 4 8 248.198 251.801
 17    -4.224   -49.310  3.073   2 1 4 1 2 4 8 254.957 258.742
 18     1.093    -7.135  3.089  12 1 4 1 2 4 8 875.579 879.328
 19   -56.958    27.905  2.947  -9 1 4 1 2 4 8 648.291 652.072
 20   -80.994   -77.686  3.417 -21 1 4 1 2 4 8 311.836 315.678
 21    72.260    59.027  3.158  10 1 4 1 2 4 8 492.844 496.607
 22   -21.655     1.636  3.243  13 1 4 1 2 4 8 339.049 342.620
 23   -20.154   -62.415  3.383  25 1 4 1 2 4 8 266.904 270.621
 24   -48.157     6.287  3.269  -9 1 4 1 2 4 8 643.007 646.780
 25    -5.078    61.597  3.070  19 1 4 1 2 4 8 578.531 582.098
 26    17.145   -47.046  3.343 -22 1 4 1 2 4 8 261.127 264.735
 27   -16.064     8.557  3.253  -4 1 4 1 2 4 8 474.969 478.657
 28     6.683   -27.069  3.461   4 1 4 1 2 4 8 438.278 442.064
 29    15.027   -34.979  2.981  -7 1 4 1 2 4 8 450.025 453.677
 30    37.946    73.914  3.246 -20 1 4 1 2 4 8 701.291 705.048
 31   -41.199   -43.018  3.280 -17 1 4 1 2 4 8 667.948 671.788
 32    32.538    11.786  3.461  19 1 4 1 2 4 8 485.090 488.852
 33   -20.306   -20.239  3.372  12 1 4 1 2 4 8 473.825 477.491
 34   -35.480    19.135  3.185   2 1 4 1 2 4 8 470.424 473.929
 35    58.038    56.659  3.251  13 1 4 1 2 4 8 546.374 549.989
 36   -36.694    -6.256  3.041  24 1 4 1 2 4 8 869.865 873.613
 37     0.446   -46.735  3.363  22 1 4 1 2 4 8 650.178 653.905
 38   -19.690    38.977  3.421  17 1 4 1 2 4 8 392.604 396.117
 39   -47.339    20.911  3.354  19 1 4 1 2 4 8 600.665 604.296
 40   -79.236   -57.678  3.444   4 1 4 1 2 4 8 364.286 368.012
 41     5.597   -34.076  3.220  12 1 4 1 2 4 8 465.840 469.446
 42    34.454    -8.289  3.467  22 1 4 1 2 4 8 261.315 264.903
 43    18.500   -51.154  3.067   2 1 4 1 2 4 8 371.656 375.152
 44    -4.346   -44.525  3.222  19 1 4 1 2 4 8 221.474 225.169
 45   -14.148   -74.164  3.029   3 1 4 1 2 4 8 470.991 474.776
 46    19.867    77.515  3.188   5 1 4 1 2 4 8 232.327 236.033
 47   -50.079    17.871  3.345  22 1 4 1 2 4 8 840.654 844.219
 48    42.786   -79.883  3.255   6 1 4 1 2 4 8 175.839 179.690
 49     1.520   -29.034  2.921   9 1 4 1 2 4 8 499.169 502.792
 50    14.728    -3.436  3.127   8 1 4 1 2 4 8 490.663 494.464
 51   -26.166   -48.999  2.955  24 1 4 1 2 4 8 649.754 653.370
 52   -63.873    -5.273  3.195 -15 1 4 1 2 4 8 701.847 705.666
 53   -54.138     7.086  2.918 -16 1 4 1 2 4 8 87.156 90.957
 54    17.932   -34.094  2.957   9 1 4 1 2 4 8 245.596 249.290
 55   -98.706    34.552  3.059   1 1 4 1 2 4 8 476.092 479.946
 56    28.802    -8.582  3.431  18 1 4 1 2 4 8 494.597 498.364
 57     2.716    90.594  3.284  17 1 4 1 2 4 8 532.214 535.889
 58   -31.024    48.938  3.055 -18 1 4 1 2 4 8 845.986 849.495
 59   -46.545    42.316  3.155   2 1 4 1 2 4 8 501.135 504.899
 60    27.289    58.179  3.388  25 1 4 1 2 4 8 837.516 841.298
 61    28.815   -28.027  2.974 -21 1 4 1 2 4 8 243.279 246.950
 62   -26.099    11.328  3.170  19 1 4 1 2 4 8 343.889 347.494
 63     0.537   -26.221  2.993  10 1 4 1 2 4 8 471.059 474.909
 64   -50.458     7.812  3.323  -2 1 4 1 2 4 8 477.499 480.999
 65    30.005    19.092  3.288  21 1 4 1 2 4 8 881.162 884.704
 66   -12.604    22.058  3.172  20 1 4 1 2 4 8 580.526 584.040
 67    22.009    -8.636  3.299  21 1 4 1 2 4 8 425.819 429.586
 68     8.942     2.875  3.354   2 1 4 1 2 4 8 624.563 628.138
 69   -19.812     0.922  3.038   6 1 4 1 2 4 8 424.744 428.288
 70    -4.230    31.250  3.245  -2 1 4 1 2 4 8 688.388 692.085
 71    17.975    -0.409  3.297 -12 1 4 1 2 4 8 645.318 649.057
 72    -2.350    42.938  3.456  12 1 4 1 2 4 8 413.722 417.357
 73   -16.516    68.085  3.279   5 1 4 1 2 4 8 743.485 747.209
 74    -1.190    42.023  3.131   5 1 4 1 2 4 8 732.649 736.369
 75    56.635   -44.019  2.980   8 1 4 1 2 4 8 367.814 371.502
 76    57.483    35.504  3.034  15 1 4 1 2 4 8 108.074 111.570
 77   -26.099     7.477  3.440   8 1 4 1 2 4 8 461.407 464.903
 78     7.489   -57.239  3.232   7 1 4 1 2 4 8 825.420 829.201
 79   -22.095    55.780  2.965  14 1 4 1 2 4 8 105.091 108.857
 80    19.867    38.824  3.357 -18 1 4 1 2 4 8 871.438 875.063
 81     5.310    49.219  3.118  17 1 4 1 2 4 8 97.042 100.884
 82    15.155     6.299  3.394   5 1 4 1 2 4 8 875.246 879.030
 83     5.481   -31.500  3.143   6 1 4 1 2 4 8 245.995 249.517
 84     7.959   -28.662  3.004   9 1 4 1 2 4 8 163.529 167.039
 85   -75.812     4.010  3.023 -24 1 4 1 2 4 8 663.360 666.976
 86   -43.671   -61.646  3.104  13 1 4 1 2 4 8 653.305 657.138
 87    -2.576   -62.140  3.064  -5 1 4 1 2 4 8 462.628 466.414
 88   -18.842   -36.884  2.951   4 1 4 1 2 4 8 193.864 197.349
 89    20.844    21.167  3.184 -22 1 4 1 2 4 8 89.553 93.188
 90     3.137   -19.220  3.149 -24 1 4 1 2 4 8 588.981 592.801
 91   -20.361    18.878  3.044  25 1 4 1 2 4 8 373.927 377.441
 92    -0.897   -54.938  3.001   9 1 4 1 2 4 8 427.912 431.433
 93   -29.553     9.277  2.972   8 1 4 1 2 4 8 223.210 226.901
 94     5.048   -35.046  2.897   8 1 4 1 2 4 8 422.004 425.800
 95    27.759    48.712  3.221  25 1 4 1 2 4 8 91.116 94.694
 96    12.079   -42.346  3.366  -7 1 4 1 2 4 8 369.613 373.353
 97   -51.270    41.144  2.995  24 1 4 1 2 4 8 118.511 122.341
 98   -29.077     4.291  2.949  16 1 4 1 2 4 8 378.274 382.022
 99   -18.555   -14.819  3.352  15 1 4 1 2 4 8 536.082 539.587
100     7.855   -49.451  3.205   7 1 4 1 2 4 8 202.469 206.292
101   -19.116   -32.086  3.297  17 1 4 1 2 4 8 184.141 187.850
102    17.651   -52.271  3.196   9 1 4 1 2 4 8 318.874 322.694
103    16.907   -62.964  3.022  14 1 4 1 2 4 8 125.579 129.262
104    18.988     6.219  3.372  20 1 4 1 2 4 8 654.148 657.895
105   -68.878   -64.539  3.096   6 1 4 1 2 4 8 144.952 148.576
106   -13.361    20.264  3.073  17 1 4 1 2 4 8 479.523 483.092
107   -44.440    63.721  3.376  23 1 4 1 2 4 8 399.712 403.396
108    -6.500    71.436  3.466  14 1 4 1 2 4 8 315.041 318.830
109   -51.978    25.409  3.200 -19 1 4 1 2 4 8 153.149 156.871
110    -0.739    59.491  3.013 -21 1 4 1 2 4 8 102.317 106.100
111   -64.679    83.038  2.977   6 1 4 1 2 4 8 701.121 704.705
112   -11.273   -35.944  3.115   1 1 4 1 2 4 8 381.035 384.508
113   -16.864     7.776  3.254  22 1 4 1 2 4 8 285.992 289.547
114    19.843   -49.805  3.257  -7 1 4 1 2 4 8 574.149 577.940
115   -16.284    -2.936  2.899  14 1 4 1 2 4 8 810.516 814.167
116     8.356    67.041  2.967   7 1 4 1 2 4 8 542.762 546.507
117    30.878    24.316  3.459  25 1 4 1 2 4 8 196.926 200.535
118    93.524   -20.233  3.004  17 1 4 1 2 4 8 258.125 261.750
119    -9.332   -56.177  3.206  10 1 4 1 2 4 8 245.651 249.272
120   -34.442   -63.312  3.192  23 1 4 1 2 4 8 570.124 573.751
121    20.941    -5.646  3.292  22 1 4 1 2 4 8 192.968 196.528
122    -3.418    89.594  2.908   3 1 4 1 2 4 8 532.306 536.024
123   -18.738    45.227  3.028  14 1 4 1 2 4 8 634.580 638.252
124     2.435   -30.524  2.984  14 1 4 1 2 4 8 740.433 743.946
125   -28.864    56.616  3.244   2 1 4 1 2 4 8 766.705 770.553
126    76.880   -29.901  2.904   2 1 4 1 2 4 8 631.537 635.076
127   -90.466    10.278  3.286  21 1 4 1 2 4 8 136.484 140.320
128   -35.101    46.545  3.389  10 1 4 1 2 4 8 421.437 425.094
129   -48.395    43.854  3.187 -10 1 4 1 2 4 8 527.732 531.456
130   -40.997    26.703  3.286   5 1 4 1 2 4 8 711.646 715.452
131    13.696    34.607  3.001  -9 1 4 1 2 4 8 743.618 747.289
132   -71.472    11.450  3.141  15 1 4 1 2 4 8 812.399 816.077
133   -36.230    51.904  3.431  19 1 4 1 2 4 8 233.587 237.278
134   -39.465     4.907  3.254  -7 1 4 1 2 4 8 278.233 282.060
135   -16.565    23.773  2.995  11 1 4 1 2 4 8 295.691 299.402
136    10.754   -28.552  3.412  -2 1 4 1 2 4 8 571.992 575.783
137   -23.029    47.015  3.200  25 1 4 1 2 4 8 215.431 219.069
138    -8.807    21.216  3.144  14 1 4 1 2 4 8 96.595 100.101
139   -40.039    27.435  3.374  15 1 4 1 2 4 8 875.723 879.508
140   -37.445   -41.040  3.026  12 1 4 1 2 4 8 663.728 667.493
141    48.224     0.085  3.284  11 1 4 1 2 4 8 440.465 444.279
142    -0.323    68.237  3.262  17 1 4 1 2 4 8 157.533 161.318
143   -14.294   -33.423  3.215   4 1 4 1 2 4 8 280.803 284.281
144    -1.440   -34.814  2.947  24 1 4 1 2 4 8 839.704 843.373
145   -34.454    42.346  3.395   8 1 4 1 2 4 8 836.046 839.790
146     8.679   -66.180  3.069 -20 1 4 1 2 4 8 202.346 205.883
147   -61.249   -51.367  3.278  12 1 4 1 2 4 8 435.163 438.637
148    -1.093     9.912  2.985  10 1 4 1 2 4 8 185.717 189.255
149   -16.565    66.547  3.234  12 1 4 1 2 4 8 418.194 421.950
150     8.435    52.838  3.245  -9 1 4 1 2 4 8 300.014 303.506
151   -22.034   -36.896  3.406  16 1 4 1 2 4 8 682.833 686.585
152    15.765    17.322  3.330  23 1 4 1 2 4 8 862.363 866.033
153     9.003   -18.695  3.302  15 1 4 1 2 4 8 814.703 818.482
154    -4.584     3.491  3.305  10 1 4 1 2 4 8 254.404 258.102
155     8.875    40.662  3.383  21 1 4 1 2 4 8 284.479 288.205
156    26.093   -33.966  3.195   2 1 4 1 2 4 8 813.969 817.780
157   -32.501    39.526  2.944  16 1 4 1 2 4 8 686.343 690.029
158   -32.629   -82.581  3.034 -15 1 4 1 2 4 8 708.974 712.674
159   -98.486    22.021  3.295 -11 1 4 1 2 4 8 154.175 157.895
160   -59.052     4.163  3.337  11 1 4 1 2 4 8 239.987 243.625
161     7.428    -2.570  3.387  17 1 4 1 2 4 8 837.080 840.581
162   -59.601    12.469  2.911   3 1 4 1 2 4 8 681.695 685.477
163   -11.224   -31.830  3.354   9 1 4 1 2 4 8 111.830 115.484
164   -16.809   -35.040  3.063   1 1 4 1 2 4 8 406.084 409.606
165    21.863    18.140  2.989 -13 1 4 1 2 4 8 468.534 472.071
166    45.038   -61.316  3.271   1 1 4 1 2 4 8 466.038 469.755
167   -48.816    25.568  3.406  -2 1 4 1 2 4 8 273.882 277.675
168   -32.184   -16.736  3.016 -22 1 4 1 2 4 8 95.832 99.675
169    12.439   -41.492  3.202  10 1 4 1 2 4 8 491.752 495.597
170   -21.082   -77.075  3.300   4 1 4 1 2 4 8 775.747 779.510
171   -17.822   -18.518  3.183   9 1 4 1 2 4 8 801.559 805.241
172    48.334    93.518  3.330  11 1 4 1 2 4 8 741.189 744.717
173   -18.677    49.005  3.035   3 1 4 1 2 4 8 538.510 542.119
174    12.140    30.042  3.227  19 1 4 1 2 4 8 741.714 745.543
175     3.113   -40.302  3.224  19 1 4 1 2 4 8 841.507 845.069
176    17.133    37.079  3.189   4 1 4 1 2 4 8 351.853 355.425
177    22.577     0.836  3.039  19 1 4 1 2 4 8 176.898 180.660
178   -30.426    52.942  3.060  15 1 4 1 2 4 8 154.904 158.562
179    33.765   -67.108  3.061  21 1 4 1 2 4 8 152.662 156.234
180     5.414     1.532  3.308  25 1 4 1 2 4 8 266.268 270.047
181    72.156    30.103  3.119   4 1 4 1 2 4 8 267.857 271.576
182   -24.109   -34.625  3.368   3 1 4 1 2 4 8 302.709 306.501
183    17.413    75.146  3.114   6 1 4 1 2 4 8 244.355 247.855
184    10.638   -60.052  3.179   6 1 4 1 2 4 8 478.179 482.006
185    -5.176   -48.999  3.193 -21 1 4 1 2 4 8 278.723 282.562
186   -19.342    21.118  3.402  25 1 4 1 2 4 8 593.982 597.806
187   -46.802   -14.661  2.979  10 1 4 1 2 4 8 889.342 893.043
188   -16.779    43.439  3.416  25 1 4 1 2 4 8 173.265 176.917
189    14.093   -13.605  3.369  19 1 4 1 2 4 8 742.552 746.267
190   -21.063    26.019  2.915  19 1 4 1 2 4 8 723.030 726.652
191    39.813   -40.668  3.271  22 1 4 1 2 4 8 211.882 215.573
192    52.057    30.334  2.981   5 1 4 1 2 4 8 541.072 544.875
193    -0.140     7.266 0.000   0 0 0 0.000 964.110
194   -23.138    48.450 0.000   0 0 0 0.000 964.110
195   -26.102    16.809 0.000   0 0 0 0.000 964.110
196     0.244   -35.892 0.000   0 0 0 0.000 964.110
