6 5 240 4
0 180
0 180
0 180
0 180
  1    65.991   -49.829  3.355  10 1 4 1 2 4 8 484.347 487.814
  2   -36.938   -36.743  3.155  25 1 4 1 2 4 8 648.306 652.066
  3    -2.734    18.774  2.965  18 1 4 1 2 4 8 791.036 794.599
  4    31.116   -35.907  2.952  16 1 4 1 2 4 8 268.103 271.877
  5     2.789     8.008  3.337  14 1 4 1 2 4 8 378.589 382.091
  6    31.152    43.665  2.965   7 1 4 1 2 4 8 258.970 262.736
  7   -36.304   -21.307  3.127   9 1 4 1 2 4 8 572.266 575.722
  8    52.814    35.046  3.164  16 1 4 1 2 4 8 337.257 341.022
  9    11.267    20.660  3.336  24 1 4 1 2 4 8 838.914 842.565
 10    -0.623    23.114  3.340   6 1 4 1 2 4 8 529.330 533.110
 11    43.091   -12.360  3.291  22 1 4 1 2 4 8 783.124 786.551
 12     6.854    19.073  2.953  11 1 4 1 2 4 8 814.989 818.550
 13    -6.848    25.317  3.372  19 1 4 1 2 4 8 297.277 300.768
 14   -27.930   -23.712  3.022  20 1 4 1 2 4 8 714.618 718.169
 15    33.240   -30.487  3.419  20 1 4 1 2 4 8 741.117 744.681
 16    63.885   -52.881  2.953  16 1 4 1 2 4 8 840.640 844.243
 17   -13.672   -43.945  3.007   5 1 4 1 2 4 8 349.409 353.092
 18    -0.647   -27.502  3.334  21 1 4 1 2 4 8 143.063 146.744
 19    59.406   -49.261  3.185 -19 1 4 1 2 4 8 817.920 821.640
 20    27.167    -5.713  3.215  18 1 4 1 2 4 8 590.520 594.209
 21    70.001   -20.844  2.999  22 1 4 1 2 4 8 766.814 770.554
 22    35.327   -65.167  3.128 -19 1 4 1 2 4 8 718.624 722.400
 23   -14.386   -42.236  3.159  15 1 4 1 2 4 8 451.016 454.779
 24    19.366    30.273  3.221  24 1 4 1 2 4 8 273.971 277.765
 25   -39.789    10.101  3.244 -20 1 4 1 2 4 8 745.328 749.028
 26   -15.753   -40.204  3.087  17 1 4 1 2 4 8 540.247 543.916
 27   -28.418   -40.503  3.090 -20 1 4 1 2 4 8 519.049 522.570
 28    27.081     9.735  2.896 -12 1 4 1 2 4 8 343.239 346.687
 29    22.205    -9.216  3.236 -23 1 4 1 2 4 8 217.219 221.019
 30    -0.830    -6.525  2.967  15 1 4 1 2 4 8 729.761 733.535
 31    10.217    75.531  2.949  19 1 4 1 2 4 8 191.225 194.865
 32     7.446    18.500  2.983  23 1 4 1 2 4 8 616.402 619.871
 33    48.914   -20.294  3.036  -9 1 4 1 2 4 8 327.842 331.627
 34   -18.958   -29.675  3.380  21 1 4 1 2 4 8 644.942 648.479
 35    16.815    -6.659  2.906 -17 1 4 1 2 4 8 448.349 452.010
 36     2.509   -30.420  2.894  -6 1 4 1 2 4 8 85.927 89.482
 37    15.424     4.913  2.872  10 1 4 1 2 4 8 269.769 273.226
 38    60.315    89.801  3.014   9 1 4 1 2 4 8 306.671 310.312
 39    40.405   -45.367  3.135  19 1 4 1 2 4 8 580.189 583.910
 40   -26.837   -54.272  2.922  17 1 4 1 2 4 8 723.958 727.466
 41    69.171    72.577  3.139  22 1 4 1 2 4 8 756.629 760.222
 42   -22.815    46.173  3.253  -8 1 4 1 2 4 8 480.484 484.258
 43   -14.258   -30.249  2.991  25 1 4 1 2 4 8 328.821 332.476
 44    76.050    12.073  3.164 -13 1 4 1 2 4 8 686.882 690.435
 45    63.043    60.022  2.969   1 1 4 1 2 4 8 352.386 356.038
 46   -20.239   -81.970  3.172  15 1 4 1 2 4 8 210.047 213.614
 47   -41.168   -42.023  3.179  16 1 4 1 2 4 8 116.736 120.387
 48    79.199   -29.016  3.391 -20 1 4 1 2 4 8 171.079 174.603
 49   -20.728    -7.068  3.079  14 1 4 1 2 4 8 393.057 396.658
 50    -4.163   -53.497  3.064   2 1 4 1 2 4 8 544.017 547.723
 51    39.594   -40.460  3.342   5 1 4 1 2 4 8 719.795 723.260
 52   -47.125   -77.850  3.400 -16 1 4 1 2 4 8 748.494 752.268
 53    -1.233    49.182  3.378  12 1 4 1 2 4 8 660.287 663.946
 54    -0.372   -27.264  3.347   1 1 4 1 2 4 8 842.363 846.164
 55    31.537    -8.722  3.229 -15 1 4 1 2 4 8 894.391 898.043
 56    -0.134   -20.264  3.281   5 1 4 1 2 4 8 526.752 530.350
 57    66.394   -26.691  3.109   9 1 4 1 2 4 8 318.058 321.725
 58     6.104   -64.093  3.197   8 1 4 1 2 4 8 510.646 514.335
 59    13.544   -20.874  3.200   2 1 4 1 2 4 8 480.429 483.939
 60    54.211    -6.537  3.171  10 1 4 1 2 4 8 424.902 428.618
 61    22.046   -34.137  2.893  25 1 4 1 2 4 8 67.388 70.998
 62    -9.723     4.706  3.164  24 1 4 1 2 4 8 705.024 708.649
 63   -11.584   -46.857  3.353   7 1 4 1 2 4 8 150.586 154.341
 64    -2.905    -0.305  3.406  14 1 4 1 2 4 8 173.313 176.996
 65    13.837   -44.452  3.380   3 1 4 1 2 4 8 618.959 622.511
 66    17.480    27.747  2.991  23 1 4 1 2 4 8 817.928 821.595
 67     2.972   -43.689  3.032 -21 1 4 1 2 4 8 770.777 774.214
 68   -44.354   -38.202  3.370  13 1 4 1 2 4 8 621.679 625.262
 69   -59.399     1.514  3.293  15 1 4 1 2 4 8 627.228 630.957
 70   -13.452   -75.531  3.127  14 1 4 1 2 4 8 798.392 802.006
 71    -5.518   -51.947  3.203   7 1 4 1 2 4 8 752.586 756.208
 72    -9.589   -26.880  3.348  20 1 4 1 2 4 8 358.973 362.449
 73    19.318    29.498  2.935   6 1 4 1 2 4 8 426.003 429.636
 74    26.245    36.743  3.304  24 1 4 1 2 4 8 566.693 570.142
 75    43.707   -28.033  3.137  17 1 4 1 2 4 8 116.570 120.117
 76   -52.026   -35.339  3.071  -3 1 4 1 2 4 8 645.219 648.796
 77    -8.435    -0.116  3.011  15 1 4 1 2 4 8 377.792 381.556
 78    89.111    62.122  3.211  -6 1 4 1 2 4 8 602.795 606.253
 79     6.067   -16.132  3.373  21 1 4 1 2 4 8 178.534 182.200
 80    27.094    -5.103  3.038 -25 1 4 1 2 4 8 261.981 265.448
 81    27.527   -15.344  3.143  18 1 4 1 2 4 8 336.438 340.183
 82    42.511    32.056  2.889  -1 1 4 1 2 4 8 97.318 100.922
 83    25.311    12.689  3.067  19 1 4 1 2 4 8 174.593 178.125
 84    47.778   -12.769  3.125  17 1 4 1 2 4 8 507.527 511.323
 85    -3.143   -13.837  2.964  20 1 4 1 2 4 8 362.008 365.531
 86    12.482   -78.101  3.260   1 1 4 1 2 4 8 781.395 785.059
 87   -21.039    -3.430  3.076  13 1 4 1 2 4 8 567.907 571.418
 88    -3.149   -55.432  3.054  25 1 4 1 2 4 8 306.982 310.584
 89    53.009    84.900  3.144  16 1 4 1 2 4 8 686.243 689.910
 90    35.638   -47.552  3.013   5 1 4 1 2 4 8 327.566 331.361
 91    43.427   -18.439  2.969 -18 1 4 1 2 4 8 472.826 476.400
 92     6.598   -54.578  2.922  17 1 4 1 2 4 8 429.363 433.051
 93    87.952    94.012  3.201 -15 1 4 1 2 4 8 631.275 635.076
 94    39.105   -48.743  3.237 -13 1 4 1 2 4 8 550.712 554.275
 95   -48.340   -26.477  2.918  15 1 4 1 2 4 8 765.423 769.127
 96    72.003    -9.253  3.358  -2 1 4 1 2 4 8 328.271 332.011
 97   -37.732     3.351  3.102   1 1 4 1 2 4 8 821.869 825.605
 98   -65.967   -36.749  3.323   9 1 4 1 2 4 8 649.375 653.132
 99   -16.669   -35.284  3.105  16 1 4 1 2 4 8 760.904 764.533
100    10.742    -4.669  3.025  -6 1 4 1 2 4 8 224.252 227.968
101    15.594    -5.817  2.860  18 1 4 1 2 4 8 101.369 105.113
102    21.606   -18.109  3.093 -24 1 4 1 2 4 8 401.073 404.825
103     9.784    49.280  3.198  24 1 4 1 2 4 8 619.184 622.893
104    94.147    -4.492  3.112  -9 1 4 1 2 4 8 706.874 710.333
105    10.382   -16.302  3.334  19 1 4 1 2 4 8 899.634 903.146
106    -1.453    -0.861  3.126 -12 1 4 1 2 4 8 562.562 566.162
107    -6.219    25.305  3.392  22 1 4 1 2 4 8 609.306 612.849
108    -6.250    10.217  3.405 -13 1 4 1 2 4 8 776.777 780.238
109   -17.444   -70.795  2.937  20 1 4 1 2 4 8 502.493 505.963
110   -55.090   -43.854  2.973  25 1 4 1 2 4 8 826.333 829.963
111    -9.442    23.724  3.201   1 1 4 1 2 4 8 696.699 700.459
112     8.978    35.406  2.937  24 1 4 1 2 4 8 465.069 468.745
113   -16.754    -0.812  2.952  10 1 4 1 2 4 8 62.707 66.190
114    66.852   -37.842  3.139 -22 1 4 1 2 4 8 209.380 212.890
115    14.716   -23.724  2.962  14 1 4 1 2 4 8 730.615 734.131
116    33.472    20.026  3.006  12 1 4 1 2 4 8 248.784 252.574
117    66.394   -70.111  3.142  23 1 4 1 2 4 8 516.086 519.850
118    -5.664     8.881  3.135  14 1 4 1 2 4 8 860.971 864.566
119    -5.103   -46.729  3.052 -23 1 4 1 2 4 8 832.662 836.295
120    -8.826    55.743  3.250  25 1 4 1 2 4 8 368.379 372.148
121     5.847    -3.186  3.368  -5 1 4 1 2 4 8 350.531 354.231
122   -25.726   -37.695  2.964   7 1 4 1 2 4 8 220.252 223.985
123   -15.363   -24.548  3.343  25 1 4 1 2 4 8 612.213 615.895
124    43.793   -11.102  3.279  11 1 4 1 2 4 8 513.679 517.150
125    17.664   -25.604  3.282  18 1 4 1 2 4 8 202.884 206.375
126   -39.624    54.883  3.155  18 1 4 1 2 4 8 628.018 631.725
127   -24.554   -43.225  3.377   1 1 4 1 2 4 8 633.099 636.551
128   -26.892   -12.738  3.401   7 1 4 1 2 4 8 105.183 108.865
129    34.155   -38.458  3.102  22 1 4 1 2 4 8 140.683 144.486
130   -47.314   -29.468  3.425  -7 1 4 1 2 4 8 610.121 613.777
131    49.365   -25.592  3.240   3 1 4 1 2 4 8 458.705 462.488
132     3.705   -16.449  3.154  18 1 4 1 2 4 8 259.334 263.053
133    22.430   -23.273  2.894   8 1 4 1 2 4 8 349.393 352.853
134   -37.549   -29.608  3.022   6 1 4 1 2 4 8 720.668 724.234
135    25.549     3.674  2.903   7 1 4 1 2 4 8 199.621 203.320
136   -15.216     3.284  2.871  20 1 4 1 2 4 8 718.033 721.621
137   -12.939    -7.495  3.097 -10 1 4 1 2 4 8 760.676 764.174
138   -22.107    26.434  2.985  -2 1 4 1 2 4 8 603.368 607.101
139   -17.944     7.733  2.956  -3 1 4 1 2 4 8 823.030 826.599
140   -21.234    14.490  2.993  10 1 4 1 2 4 8 728.510 732.126
141     3.503   -19.708  3.102   5 1 4 1 2 4 8 302.363 306.152
142    32.599   -14.935  3.021  25 1 4 1 2 4 8 62.656 66.439
143    -5.737   -28.296  2.969  23 1 4 1 2 4 8 709.728 713.471
144    -6.128   -39.624  2.944  21 1 4 1 2 4 8 392.175 395.652
145    -2.460    12.817  3.040  13 1 4 1 2 4 8 81.577 85.010
146    -6.470     8.466  3.356  -1 1 4 1 2 4 8 476.566 480.346
147   -37.891   -36.115  3.175  11 1 4 1 2 4 8 727.588 731.080
148    10.852   -18.750  3.204   6 1 4 1 2 4 8 844.560 848.308
149    50.104     8.636  3.139  -9 1 4 1 2 4 8 733.814 737.382
150    46.844     4.712  3.393  17 1 4 1 2 4 8 121.588 125.054
151    19.598   -10.406  3.211 -13 1 4 1 2 4 8 412.307 416.040
152   -38.947    52.942  3.195 -23 1 4 1 2 4 8 624.114 627.584
153    -0.641   -21.289  2.878  19 1 4 1 2 4 8 684.603 688.346
154    40.906   -33.765  3.354  11 1 4 1 2 4 8 72.965 76.768
155    -0.574   -62.299  3.397  12 1 4 1 2 4 8 266.701 270.260
156    -9.778    26.794  3.214  18 1 4 1 2 4 8 629.063 632.826
157    34.265   -23.895  3.289 -25 1 4 1 2 4 8 289.037 292.747
158    29.572   -24.561  3.356  13 1 4 1 2 4 8 627.069 630.676
159    16.376   -58.887  3.311  24 1 4 1 2 4 8 233.881 237.562
160    61.877   -15.167  3.362   5 1 4 1 2 4 8 87.679 91.174
161    40.088    -9.625  3.058  14 1 4 1 2 4 8 570.934 574.639
162     0.122    -4.645  3.359  18 1 4 1 2 4 8 509.649 513.283
163    -8.929   -43.903  3.277  25 1 4 1 2 4 8 473.091 476.629
164    -7.135   -57.434  3.377  11 1 4 1 2 4 8 364.225 367.956
165     7.550   -21.210  2.950  18 1 4 1 2 4 8 572.414 576.035
166     3.949     7.300  3.046  23 1 4 1 2 4 8 856.331 859.986
167   -15.118    92.023  2.977  22 1 4 1 2 4 8 586.169 589.688
168    84.821   -24.518  3.114  20 1 4 1 2 4 8 128.500 132.276
169   -52.325    30.682  3.166 -11 1 4 1 2 4 8 211.077 214.670
170     7.538    13.818  3.100  11 1 4 1 2 4 8 863.886 867.594
171   -21.484    30.359  3.174 -19 1 4 1 2 4 8 148.235 152.017
172    36.047    29.883  3.314  13 1 4 1 2 4 8 796.993 800.741
173    12.781   -40.942  2.881  24 1 4 1 2 4 8 813.445 816.980
174   -17.291   -10.254  3.045   6 1 4 1 2 4 8 556.963 560.616
175   -10.541    12.402  3.146   5 1 4 1 2 4 8 297.334 300.775
176   -15.845   -59.460  3.158  24 1 4 1 2 4 8 590.927 594.488
177    29.266    -2.222  3.061   7 1 4 1 2 4 8 603.872 607.404
178   -12.598   -58.929  2.989  13 1 4 1 2 4 8 306.251 309.721
179   -17.303   -35.297  3.197  25 1 4 1 2 4 8 224.331 228.045
180    57.050   -50.354  3.030  15 1 4 1 2 4 8 135.273 138.974
181    26.941    17.444  3.054  15 1 4 1 2 4 8 697.432 700.988
182    -6.195    -8.881  3.195  16 1 4 1 2 4 8 671.824 675.334
183    16.980   -16.321  2.953   5 1 4 1 2 4 8 293.202 296.973
184    83.710   -32.520  2.994 -15 1 4 1 2 4 8 768.981 772.626
185    12.451    34.589  3.070  24 1 4 1 2 4 8 71.430 74.952
186    15.057    67.004  2.903  15 1 4 1 2 4 8 572.196 575.752
187    25.818    -5.835  2.982   9 1 4 1 2 4 8 628.853 632.605
188    13.666   -14.832  2.948  19 1 4 1 2 4 8 459.335 463.132
189    48.322    -5.164  3.062  15 1 4 1 2 4 8 376.030 379.772
190    13.489    19.739  3.260   2 1 4 1 2 4 8 399.314 402.914
191   -18.512    65.405  3.219   3 1 4 1 2 4 8 356.414 359.939
192    17.554    38.379  3.393  18 1 4 1 2 4 8 624.824 628.321
193    37.775   -16.003  3.160  20 1 4 1 2 4 8 521.600 525.047
194    47.968   -30.310  3.405  14 1 4 1 2 4 8 623.632 627.390
195    38.806    36.243  3.246  10 1 4 1 2 4 8 512.130 515.915
196   -16.089   -42.841  3.372   6 1 4 1 2 4 8 177.522 181.203
197    28.656    -1.990  3.343  17 1 4 1 2 4 8 635.064 638.674
198    -5.859    -1.862  3.380  20 1 4 1 2 4 8 549.431 553.080
199    60.516    63.416  2.868   3 1 4 1 2 4 8 295.666 299.269
200    63.196   -47.766  3.262  14 1 4 1 2 4 8 703.426 706.999
201   -15.308   -23.285  2.889 -12 1 4 1 2 4 8 418.756 422.221
202    -2.875     0.787  3.390   2 1 4 1 2 4 8 721.651 725.350
203    32.056   -10.175  3.315  11 1 4 1 2 4 8 596.756 600.260
204   -18.634   -25.665  3.399  16 1 4 1 2 4 8 766.371 769.909
205    -3.632    25.433  3.334  18 1 4 1 2 4 8 480.280 483.783
206    10.480    22.888  3.087  14 1 4 1 2 4 8 694.233 697.994
207     1.819    -3.009  3.027   6 1 4 1 2 4 8 802.562 806.079
208   -25.275   -12.183  3.416  12 1 4 1 2 4 8 274.674 278.297
209    56.927   -75.507  3.266  21 1 4 1 2 4 8 164.308 167.940
210    13.885   -36.230  3.247   1 1 4 1 2 4 8 822.986 826.719
211    32.520   -29.523  3.267  18 1 4 1 2 4 8 507.295 510.729
212     4.803    -7.288  2.955  17 1 4 1 2 4 8 694.694 698.319
213    11.365    -8.344  3.116 -15 1 4 1 2 4 8 882.071 885.874
214    17.126   -24.646  3.013   4 1 4 1 2 4 8 865.115 868.846
215   -33.661   -41.241  2.952  18 1 4 1 2 4 8 812.003 815.492
216   -32.391   -50.885  2.951  22 1 4 1 2 4 8 570.640 574.436
217    23.041   -14.496  3.044  16 1 4 1 2 4 8 456.196 459.746
218   -21.857   -39.502  2.955  14 1 4 1 2 4 8 405.598 409.274
219    32.013    77.332  3.176  25 1 4 1 2 4 8 521.012 524.566
220    13.831   -76.190  3.362  15 1 4 1 2 4 8 318.381 321.994
221    -8.051   -21.179  3.286   6 1 4 1 2 4 8 177.949 181.516
222    25.391    46.613  3.164   7 1 4 1 2 4 8 330.535 334.279
223    49.536   -54.639  2.986  21 1 4 1 2 4 8 812.413 816.110
224    63.416    -8.636  3.294   3 1 4 1 2 4 8 654.937 658.678
225     2.301    -5.536  3.044  15 1 4 1 2 4 8 448.022 451.765
226    52.423    29.895  3.268  24 1 4 1 2 4 8 307.399 310.934
227     9.296   -16.254  3.316  -2 1 4 1 2 4 8 792.167 795.738
228    34.845   -96.185  3.187  17 1 4 1 2 4 8 202.555 206.260
229   -21.063   -41.498  3.003   2 1 4 1 2 4 8 136.207 139.751
230    28.448    10.242  2.899 -25 1 4 1 2 4 8 227.743 231.290
231    16.254   -22.583  3.288  15 1 4 1 2 4 8 132.391 136.054
232   -36.639   -34.033  3.272   3 1 4 1 2 4 8 590.339 594.040
233   -27.356   -50.177  2.984   1 1 4 1 2 4 8 635.872 639.476
234   -53.705    11.334  3.319   1 1 4 1 2 4 8 381.478 385.216
235    26.276    -5.994  3.387  20 1 4 1 2 4 8 501.546 505.273
236   -31.519    34.589  3.036  19 1 4 1 2 4 8 860.549 864.075
237   -14.612   -31.506  2.933  -2 1 4 1 2 4 8 344.234 347.838
238    -4.242   -30.865  3.389   9 1 4 1 2 4 8 638.994 642.465
239   -18.524   -29.486  3.048   4 1 4 1 2 4 8 130.253 133.915
240   -17.133   -19.397  3.167  16 1 4 1 2 4 8 865.939 869.659
241    34.430   -17.151 0.000   0 0 0 0.000 951.660
242     0.269    -8.154 0.000   0 0 0 0.000 951.660
243     3.140    13.297 0.000   0 0 0 0.000 951.660
244    -3.113   -29.745 0.000   0 0 0 0.000 951.660
