6 6 288 4
0 175
0 175
0 175
0 175
  1   -66.174   -37.811  3.055  19 1 4 1 2 4 8 866.178 869.930
  2     2.673   -35.223  3.102  21 1 4 1 2 4 8 566.034 569.815
  3    38.751     8.618  3.514  17 1 4 1 2 4 8 769.043 772.682
  4    62.653    20.667  3.099   6 1 4 1 2 4 8 189.944 193.764
  5    60.974    -6.110  3.371   6 1 4 1 2 4 8 177.071 180.897
  6   -98.535   -39.532  2.978  19 1 4 1 2 4 8 375.963 379.632
  7     8.411   -81.274  3.459  17 1 4 1 2 4 8 104.942 108.513
  8   -14.569    26.056  3.223  19 1 4 1 2 4 8 243.512 247.189
  9   -34.186   -76.697  3.461  -2 1 4 1 2 4 8 770.349 774.087
 10    55.145   -33.911  3.401   3 1 4 1 2 4 8 829.900 833.580
 11    15.869     8.716  3.033  24 1 4 1 2 4 8 451.198 455.060
 12   -63.416   -20.282  3.157   5 1 4 1 2 4 8 104.584 108.371
 13    -9.357   -42.212  3.481   9 1 4 1 2 4 8 357.314 361.079
 14   -53.619     3.729  3.474  20 1 4 1 2 4 8 882.201 885.781
 15    53.491    -3.308  3.335 -19 1 4 1 2 4 8 633.789 637.571
 16   -22.614   -32.794  3.435  20 1 4 1 2 4 8 817.425 821.081
 17    39.612    -1.550  3.178  -4 1 4 1 2 4 8 230.663 234.439
 18    16.705   -22.748  3.140   3 1 4 1 2 4 8 714.061 717.821
 19   -51.245   -13.757  3.230   2 1 4 1 2 4 8 374.387 378.095
 20   -29.907    14.380  3.374  23 1 4 1 2 4 8 905.853 909.385
 21   -70.441   -27.911  3.211   6 1 4 1 2 4 8 614.381 617.926
 22   -75.385   -30.811  3.089  17 1 4 1 2 4 8 164.617 168.393
 23    10.590   -28.931  3.517  17 1 4 1 2 4 8 426.577 430.122
 24    86.340   -45.935  3.358   3 1 4 1 2 4 8 154.359 158.149
 25     3.864    34.583  2.945  16 1 4 1 2 4 8 662.662 666.462
 26   -37.598   -42.114  3.443 -15 1 4 1 2 4 8 182.299 186.063
 27    69.440     1.379  3.180  23 1 4 1 2 4 8 554.890 558.416
 28   -13.818     1.245  3.198  15 1 4 1 2 4 8 772.663 776.470
 29   -27.124   -38.037  3.086  12 1 4 1 2 4 8 471.793 475.579
 30   -69.348   -14.734  2.982  19 1 4 1 2 4 8 845.829 849.683
 31    58.575    29.346  3.411  23 1 4 1 2 4 8 534.261 537.962
 32    58.105    31.702  3.411 -10 1 4 1 2 4 8 773.211 776.826
 33   -62.250   -16.425  3.166  23 1 4 1 2 4 8 406.934 410.584
 34   -66.382    13.586  3.084  22 1 4 1 2 4 8 715.281 719.114
 35    68.030   -12.482  3.316   4 1 4 1 2 4 8 415.634 419.400
 36   -30.701   -41.681  3.136   5 1 4 1 2 4 8 629.541 633.248
 37   -55.389   -51.050  3.169   1 1 4 1 2 4 8 213.011 216.580
 38    36.237    -2.655  3.065  11 1 4 1 2 4 8 446.613 450.507
 39    -1.215     5.591  3.353  20 1 4 1 2 4 8 841.456 845.068
 40    10.278   -23.950  3.249  25 1 4 1 2 4 8 89.056 92.850
 41    -7.159    36.859  3.391  18 1 4 1 2 4 8 397.190 400.990
 42   -90.204    61.169  3.306   4 1 4 1 2 4 8 628.942 632.519
 43    46.368    65.082  3.090  10 1 4 1 2 4 8 257.979 261.704
 44    13.348    31.372  3.432  17 1 4 1 2 4 8 436.511 440.365
 45   -73.566   -28.839  3.259   7 1 4 1 2 4 8 406.625 410.505
 46   -41.528   -37.097  3.316   4 1 4 1 2 4 8 781.056 784.776
 47   -60.938   -27.246  3.340   3 1 4 1 2 4 8 225.991 229.609
 48    38.312    54.376  2.985  12 1 4 1 2 4 8 443.824 447.680
 49    26.306    11.975  3.081  13 1 4 1 2 4 8 416.221 419.765
 50    10.297   -48.346  2.963  24 1 4 1 2 4 8 349.065 352.874
 51    52.417   -28.363  3.269  16 1 4 1 2 4 8 717.199 720.799
 52   -43.756   -39.343  3.214   2 1 4 1 2 4 8 677.743 681.344
 53    49.316    11.395  3.277  -7 1 4 1 2 4 8 335.967 339.498
 54    45.593     4.346  3.113  15 1 4 1 2 4 8 400.434 404.298
 55   -25.989   -15.814  3.329  12 1 4 1 2 4 8 76.349 79.888
 56    65.253   -59.631  3.506  15 1 4 1 2 4 8 739.412 743.016
 57    12.109   -34.387  3.295 -17 1 4 1 2 4 8 734.795 738.451
 58    12.390   -16.254  3.172  16 1 4 1 2 4 8 277.977 281.735
 59     0.525    69.611  3.143  -1 1 4 1 2 4 8 394.673 398.539
 60    -8.679     7.770  3.509   9 1 4 1 2 4 8 237.913 241.506
 61    41.467   -35.016  3.111  -4 1 4 1 2 4 8 247.606 251.501
 62    11.859   -34.973  3.098   3 1 4 1 2 4 8 302.757 306.491
 63    -1.306   -58.063  3.059   1 1 4 1 2 4 8 425.808 429.644
 64     6.024   -31.018  3.008  -4 1 4 1 2 4 8 295.718 299.426
 65     1.788   -32.544  3.457   6 1 4 1 2 4 8 784.811 788.661
 66    29.272    -6.494  3.031   1 1 4 1 2 4 8 103.995 107.611
 67    23.950    10.742  3.202  19 1 4 1 2 4 8 762.513 766.063
 68   -65.887    40.912  3.267   1 1 4 1 2 4 8 127.193 130.810
 69   -10.095    26.257  3.487   2 1 4 1 2 4 8 661.658 665.365
 70    58.093    67.352  3.214 -25 1 4 1 2 4 8 245.626 249.341
 71    90.015     9.485  3.106   4 1 4 1 2 4 8 264.213 268.024
 72    -6.622    15.216  3.276   4 1 4 1 2 4 8 479.731 483.318
 73    -2.875   -42.841  3.126 -13 1 4 1 2 4 8 694.793 698.573
 74   -37.714    -7.306  3.199  18 1 4 1 2 4 8 836.223 839.981
 75    44.171   -11.224  3.260   9 1 4 1 2 4 8 876.790 880.665
 76   -58.704    -2.808  3.103   5 1 4 1 2 4 8 158.177 161.900
 77    -3.912    10.071  3.165  12 1 4 1 2 4 8 804.907 808.515
 78   -41.370    -1.495  3.067 -22 1 4 1 2 4 8 78.938 82.747
 79    58.179    27.563  3.395   9 1 4 1 2 4 8 270.410 274.101
 80   -63.861    26.147  3.324  11 1 4 1 2 4 8 727.358 731.250
 81   -56.793   -15.918  3.357   6 1 4 1 2 4 8 102.004 105.688
 82    22.217   -27.509  3.239  19 1 4 1 2 4 8 720.135 723.792
 83    -1.031   -14.838  3.287  10 1 4 1 2 4 8 172.191 175.935
 84   -57.703   -10.480  3.021   1 1 4 1 2 4 8 363.442 367.020
 85    80.847     6.299  3.082  10 1 4 1 2 4 8 614.354 617.919
 86     2.887    10.822  3.394 -20 1 4 1 2 4 8 371.237 374.811
 87   -37.390    -7.800  3.232  18 1 4 1 2 4 8 275.266 278.818
 88   -33.600   -26.740  3.027   1 1 4 1 2 4 8 247.793 251.450
 89    95.197    24.231  3.201  11 1 4 1 2 4 8 390.425 394.042
 90   -13.904    29.327  3.238  20 1 4 1 2 4 8 224.953 228.601
 91   -53.461     9.296  3.018  12 1 4 1 2 4 8 470.185 474.051
 92    67.578    13.007  3.182 -17 1 4 1 2 4 8 439.358 443.084
 93   -83.881   -53.265  2.986  16 1 4 1 2 4 8 501.308 504.860
 94    30.255   -72.430  3.380   3 1 4 1 2 4 8 163.426 167.082
 95   -22.333   -20.538  3.516  14 1 4 1 2 4 8 910.265 913.854
 96     3.741   -35.461  2.962 -12 1 4 1 2 4 8 204.455 208.231
 97   -20.093   -43.982  3.379   9 1 4 1 2 4 8 863.844 867.734
 98   -47.687   -21.100  3.309   1 1 4 1 2 4 8 261.142 264.956
 99   -20.447   -13.849  3.391   7 1 4 1 2 4 8 268.125 271.797
100    34.515     3.967  3.233   7 1 4 1 2 4 8 821.842 825.487
101    20.514   -11.884  3.021   5 1 4 1 2 4 8 338.384 342.125
102   -46.039   -22.565  3.358   9 1 4 1 2 4 8 554.666 558.234
103   -39.630    25.385  2.972  15 1 4 1 2 4 8 555.708 559.326
104    -1.025    50.433  3.021   4 1 4 1 2 4 8 130.445 134.034
105   -28.632    23.486  3.014 -10 1 4 1 2 4 8 180.940 184.559
106   -52.997   -16.248  3.007  21 1 4 1 2 4 8 318.313 322.084
107    -3.345   -22.955  3.166   2 1 4 1 2 4 8 488.094 491.812
108   -62.640   -26.349  3.229   6 1 4 1 2 4 8 635.454 639.222
109    25.403     0.531  2.984   1 1 4 1 2 4 8 199.489 203.195
110   -29.895    72.919  3.238  23 1 4 1 2 4 8 496.916 500.811
111    26.630     1.971  3.069  24 1 4 1 2 4 8 709.791 713.327
112    -9.814    35.004  3.062 -16 1 4 1 2 4 8 237.173 240.900
113    -7.758   -42.426  3.226  18 1 4 1 2 4 8 86.322 89.869
114    28.918    -7.117  3.286  -1 1 4 1 2 4 8 780.393 784.209
115    47.693    36.108  3.455   1 1 4 1 2 4 8 707.164 710.806
116   -53.168     5.206  3.415  21 1 4 1 2 4 8 712.473 716.332
117    17.560    13.214  3.343   8 1 4 1 2 4 8 427.488 431.355
118     6.836    -2.496  3.259 -22 1 4 1 2 4 8 227.550 231.281
119   -17.322    97.260  3.369 -23 1 4 1 2 4 8 710.426 714.096
120    22.406    26.532  3.188 -11 1 4 1 2 4 8 769.200 772.829
121   -73.090   -13.251  3.468  15 1 4 1 2 4 8 165.078 168.780
122   -64.996    -4.578  3.414 -14 1 4 1 2 4 8 164.115 168.028
123   -34.906   -43.903  3.506  16 1 4 1 2 4 8 219.513 223.214
124   -92.346    -4.517  3.142  25 1 4 1 2 4 8 843.318 846.852
125     0.647    -8.496  3.156  12 1 4 1 2 4 8 790.952 794.701
126     5.048   -37.323  2.989   9 1 4 1 2 4 8 567.472 571.325
127   -19.080   -14.178  3.071  20 1 4 1 2 4 8 886.335 889.915
128   -71.704   -11.450  3.089 -22 1 4 1 2 4 8 114.811 118.450
129   -45.581   -28.717  3.121  13 1 4 1 2 4 8 217.805 221.486
130   -28.351   -23.914  3.170  24 1 4 1 2 4 8 756.174 759.811
131   -16.486    30.920  3.136  13 1 4 1 2 4 8 191.273 194.900
132   -83.423   -20.935  3.283   4 1 4 1 2 4 8 710.009 713.724
133   -12.054   -20.612  3.247  22 1 4 1 2 4 8 564.986 568.734
134    -7.184   -63.721  3.069 -18 1 4 1 2 4 8 650.965 654.562
135    34.546    -8.881  3.472  25 1 4 1 2 4 8 240.386 244.257
136    -4.865    73.694  3.125  19 1 4 1 2 4 8 387.794 391.664
137   -36.005    -3.876  3.263   8 1 4 1 2 4 8 542.168 545.805
138   -28.400   -21.820  3.310  13 1 4 1 2 4 8 647.413 651.052
139   -56.281   -15.112  3.471   1 1 4 1 2 4 8 205.784 209.605
140   -11.017    42.151  3.218   1 1 4 1 2 4 8 464.757 468.615
141   -63.092   -62.573  2.942   5 1 4 1 2 4 8 334.608 338.136
142    29.486    79.944  3.021   2 1 4 1 2 4 8 443.097 446.882
143   -65.674    -0.238  3.247  22 1 4 1 2 4 8 717.727 721.565
144    46.130   -20.416  3.045   3 1 4 1 2 4 8 262.491 266.034
145     1.575   -16.364  3.164   2 1 4 1 2 4 8 512.849 516.708
146    40.277    -1.379  2.973  -6 1 4 1 2 4 8 827.570 831.224
147   -15.271    42.249  3.187  19 1 4 1 2 4 8 732.591 736.118
148    33.215   -16.614  3.434   5 1 4 1 2 4 8 231.393 234.935
149   -72.388    13.074  3.140 -25 1 4 1 2 4 8 340.493 344.155
150   -24.487     5.273  3.452   9 1 4 1 2 4 8 211.015 214.883
151    -6.598   -30.957  3.100  20 1 4 1 2 4 8 84.244 87.879
152    31.287    21.332  3.104  11 1 4 1 2 4 8 219.685 223.288
153    20.557     0.378  3.258  18 1 4 1 2 4 8 108.821 112.362
154   -67.200   -41.339  3.279  25 1 4 1 2 4 8 393.314 396.986
155    22.168   -40.375  3.468  22 1 4 1 2 4 8 642.159 646.047
156    31.165     2.222  3.048 -25 1 4 1 2 4 8 837.740 841.468
157    74.634    30.219  3.010 -14 1 4 1 2 4 8 451.570 455.408
158    60.699    81.116  3.241 -21 1 4 1 2 4 8 487.537 491.163
159   -60.736    24.133  3.214   1 1 4 1 2 4 8 824.021 827.861
160     1.978    17.517  3.102   9 1 4 1 2 4 8 799.722 803.500
161   -80.566   -38.196  3.158   2 1 4 1 2 4 8 531.242 534.817
162   -49.927   -36.713  3.177   2 1 4 1 2 4 8 244.124 247.975
163   -60.449   -27.820  3.405   4 1 4 1 2 4 8 581.262 585.036
164   -78.748   -44.226  3.521 -15 1 4 1 2 4 8 535.166 538.800
165    54.260    -9.259  2.965  11 1 4 1 2 4 8 518.721 522.477
166   -42.059   -26.636  3.446  15 1 4 1 2 4 8 609.795 613.620
167   -57.336   -16.718  3.348  15 1 4 1 2 4 8 274.888 278.592
168    -1.276   -13.330  3.452 -16 1 4 1 2 4 8 122.497 126.058
169   -24.158    39.197  3.240  14 1 4 1 2 4 8 525.715 529.595
170    17.908   -40.442  3.057 -25 1 4 1 2 4 8 169.114 172.840
171    59.833    -3.674  3.369   9 1 4 1 2 4 8 145.476 149.143
172    -3.510     6.256  3.255  23 1 4 1 2 4 8 317.152 321.039
173    40.167     8.594  3.052  16 1 4 1 2 4 8 851.952 855.781
174    -1.691   -54.376  3.461  10 1 4 1 2 4 8 571.681 575.335
175   -36.035   -17.065  3.040   4 1 4 1 2 4 8 247.745 251.494
176     7.275    -4.144  3.409  25 1 4 1 2 4 8 851.629 855.301
177    30.219    -6.830  3.464 -20 1 4 1 2 4 8 607.041 610.591
178   -26.379   -63.055  2.973   5 1 4 1 2 4 8 355.482 359.130
179    28.772    -0.031  3.521  19 1 4 1 2 4 8 251.967 255.847
180     2.625     5.072  3.012   2 1 4 1 2 4 8 733.477 737.304
181     3.595   -21.600  3.373  13 1 4 1 2 4 8 875.122 878.828
182   -64.948   -10.956  3.028 -19 1 4 1 2 4 8 526.871 530.743
183    18.671   -41.010  3.239  -2 1 4 1 2 4 8 106.066 109.824
184    29.291    12.799  3.147  16 1 4 1 2 4 8 534.102 537.747
185     4.529    26.654  3.270   2 1 4 1 2 4 8 689.099 692.976
186    25.360    29.718  3.241   6 1 4 1 2 4 8 182.450 186.110
187    57.349   -15.405  3.503   3 1 4 1 2 4 8 211.299 215.083
188   -11.566   -19.012  2.996  20 1 4 1 2 4 8 58.483 62.277
189   -45.441   -71.808  3.216  13 1 4 1 2 4 8 731.266 734.912
190     2.197    -3.564  3.512  -9 1 4 1 2 4 8 842.841 846.380
191    -1.855   -24.475  3.395   5 1 4 1 2 4 8 281.031 284.894
192   -59.851   -48.938  3.244 -15 1 4 1 2 4 8 639.481 643.045
193    70.081   -17.816  3.512 -22 1 4 1 2 4 8 582.654 586.351
194    -4.932    28.754  3.383  18 1 4 1 2 4 8 503.820 507.436
195   -46.625   -23.529  3.513  21 1 4 1 2 4 8 832.727 836.252
196   -49.872   -35.339  3.017  16 1 4 1 2 4 8 438.866 442.483
197   -67.499     8.142  3.115  22 1 4 1 2 4 8 179.376 183.008
198    31.195   -18.243  3.129  23 1 4 1 2 4 8 267.158 271.027
199   -42.139   -52.704  3.409   1 1 4 1 2 4 8 851.849 855.444
200   -15.094    18.933  3.458   1 1 4 1 2 4 8 775.780 779.681
201   -78.625   -24.341  3.263  13 1 4 1 2 4 8 396.640 400.310
202    51.471    -9.607  3.136  14 1 4 1 2 4 8 614.665 618.387
203    29.987   -31.061  3.385  18 1 4 1 2 4 8 177.458 181.020
204    46.741     1.453  3.044   5 1 4 1 2 4 8 684.220 688.111
205   -52.954    31.738  3.296 -24 1 4 1 2 4 8 134.570 138.206
206    10.535   -61.432  2.939  11 1 4 1 2 4 8 757.634 761.176
207   -15.948   -56.012  3.514   5 1 4 1 2 4 8 324.948 328.748
208    -7.776   -54.730  3.011   1 1 4 1 2 4 8 462.020 465.571
209    11.047   -20.905  3.244  21 1 4 1 2 4 8 396.949 400.516
210   -24.359   -23.047  3.444  -6 1 4 1 2 4 8 842.029 845.878
211     2.948   -20.398  3.137   6 1 4 1 2 4 8 913.419 916.945
212   -82.654    24.323  2.957  -5 1 4 1 2 4 8 716.681 720.417
213   -12.134    42.065  3.098 -23 1 4 1 2 4 8 886.774 890.359
214   -98.035   -36.359  3.343  16 1 4 1 2 4 8 571.713 575.523
215   -61.102   -13.477  3.024  18 1 4 1 2 4 8 450.567 454.195
216   -39.136     6.287  3.072 -10 1 4 1 2 4 8 556.700 560.278
217    41.180     7.971  3.121   9 1 4 1 2 4 8 217.311 220.979
218     4.254    19.830  2.994  18 1 4 1 2 4 8 606.147 609.757
219   -34.143   -37.915  3.363  22 1 4 1 2 4 8 535.025 538.713
220    -4.559    23.566  2.983 -24 1 4 1 2 4 8 661.716 665.333
221    37.891    -1.947  3.331  15 1 4 1 2 4 8 493.139 497.050
222    78.259    15.936  3.242   6 1 4 1 2 4 8 756.223 759.939
223    -8.661   -25.110  3.253  12 1 4 1 2 4 8 400.371 404.221
224    10.071    37.164  3.303  19 1 4 1 2 4 8 87.928 91.574
225   -42.621   -46.985  3.078  19 1 4 1 2 4 8 764.191 767.766
226    92.157   -94.183  3.025  17 1 4 1 2 4 8 467.030 470.621
227    32.202   -39.844  3.119  22 1 4 1 2 4 8 314.222 318.081
228   -55.231   -15.027  3.018  25 1 4 1 2 4 8 532.590 536.258
229   -26.746   -21.490  3.110  11 1 4 1 2 4 8 254.444 258.281
230   -75.513    -0.708  3.381 -23 1 4 1 2 4 8 350.272 353.820
231    34.021    12.665  3.090  10 1 4 1 2 4 8 420.165 424.050
232    -2.643   -20.831  3.050 -17 1 4 1 2 4 8 858.354 861.971
233    53.369    13.770  3.194  -6 1 4 1 2 4 8 611.707 615.430
234   -14.948   -40.259  3.148 -20 1 4 1 2 4 8 400.169 403.789
235    67.828     5.750  3.064   6 1 4 1 2 4 8 646.510 650.052
236   -13.220   -26.031  3.357   4 1 4 1 2 4 8 269.201 272.931
237     4.169   -32.617  3.513  25 1 4 1 2 4 8 364.809 368.608
238   -26.050   -33.313  3.144   7 1 4 1 2 4 8 598.231 602.042
239    31.964   -45.703  3.054 -11 1 4 1 2 4 8 462.476 466.209
240    96.820    26.208  3.400  14 1 4 1 2 4 8 421.234 425.062
241   -44.696   -37.854  2.976  14 1 4 1 2 4 8 362.250 366.045
242    33.417    11.792  3.194  15 1 4 1 2 4 8 616.615 620.307
243   -35.187    19.226  3.319   2 1 4 1 2 4 8 418.014 421.579
244   -14.233   -74.988  3.065  14 1 4 1 2 4 8 357.942 361.788
245    37.158    -0.836  2.949  17 1 4 1 2 4 8 786.792 790.683
246   -51.697   -26.447  3.014  24 1 4 1 2 4 8 865.595 869.502
247    23.535     5.896  3.058  10 1 4 1 2 4 8 733.281 737.063
248   -18.433    53.711  3.457 -20 1 4 1 2 4 8 691.377 694.980
249   -11.340   -17.621  3.153 -11 1 4 1 2 4 8 714.328 718.198
250    -7.812   -35.895  3.267 -16 1 4 1 2 4 8 629.239 632.869
251     3.522    26.941  3.043   3 1 4 1 2 4 8 596.218 599.927
252   -46.588   -22.266  3.222  11 1 4 1 2 4 8 499.199 503.031
253    -2.997    -0.549  3.510 -10 1 4 1 2 4 8 447.639 451.555
254    32.147    17.151  3.409  18 1 4 1 2 4 8 154.032 157.594
255    32.019    13.007  3.355  20 1 4 1 2 4 8 832.238 835.899
256    -6.628    29.889  3.277  24 1 4 1 2 4 8 126.220 129.969
257    77.777   -25.397  2.989  16 1 4 1 2 4 8 821.939 825.511
258    30.707    65.704  3.151   2 1 4 1 2 4 8 383.431 387.135
259   -43.811   -43.036  3.047  14 1 4 1 2 4 8 765.641 769.280
260    49.561    16.827  3.222  10 1 4 1 2 4 8 140.003 143.794
261   -28.931    -0.439  3.141  22 1 4 1 2 4 8 561.781 565.660
262    40.363    16.382  3.344  14 1 4 1 2 4 8 149.698 153.462
263    22.748    40.674  3.047  15 1 4 1 2 4 8 412.159 416.001
264    -1.471     6.567  3.280   7 1 4 1 2 4 8 589.165 593.046
265    -1.190    16.864  2.965  20 1 4 1 2 4 8 673.263 676.976
266     8.032    41.821  3.193   1 1 4 1 2 4 8 567.376 571.140
267   -44.019   -22.784  3.438  24 1 4 1 2 4 8 731.090 734.696
268    12.366   -11.353  3.111  22 1 4 1 2 4 8 404.350 407.941
269    33.276    15.881  3.376 -23 1 4 1 2 4 8 589.138 593.029
270   -34.790   -15.045  2.950  20 1 4 1 2 4 8 845.843 849.425
271   -96.857   -19.391  3.091  15 1 4 1 2 4 8 527.586 531.130
272    38.434    -5.353  3.158  14 1 4 1 2 4 8 706.194 710.048
273   -25.391     0.220  2.960  12 1 4 1 2 4 8 102.228 105.820
274     0.848   -31.860  3.352   4 1 4 1 2 4 8 196.860 200.743
275   -24.023    95.691  3.353  15 1 4 1 2 4 8 150.862 154.675
276    -4.272    35.468  3.358  12 1 4 1 2 4 8 714.954 718.854
277    -6.927     1.855  3.018   8 1 4 1 2 4 8 64.752 68.567
278   -70.953    -3.217  3.125  -2 1 4 1 2 4 8 707.472 711.061
279   -32.648   -16.522  3.036 -24 1 4 1 2 4 8 872.009 875.780
280    42.859   -21.680  3.075   5 1 4 1 2 4 8 414.199 418.026
281     5.182     6.403  2.973   8 1 4 1 2 4 8 477.413 481.050
282    36.920    -4.987  3.150  21 1 4 1 2 4 8 428.087 431.654
283    49.591    27.783  3.482   5 1 4 1 2 4 8 613.724 617.584
284    45.038    10.785  2.999  16 1 4 1 2 4 8 199.243 202.912
285     7.690    14.056  3.124   8 1 4 1 2 4 8 266.499 270.094
286   -60.907    18.640  3.380  24 1 4 1 2 4 8 151.419 155.102
287   -64.496     8.923  3.123  23 1 4 1 2 4 8 187.363 191.056
288    37.158   -14.990  3.520   6 1 4 1 2 4 8 738.168 742.053
289     2.277     7.840 0.000   0 0 0 0.000 978.975
290    32.883    -1.779 0.000   0 0 0 0.000 978.975
291   -49.554   -17.828 0.000   0 0 0 0.000 978.975
292     3.690   -26.099 0.000   0 0 0 0.000 978.975
