6 1 72 6
0 200
0 200
0 200
0 200
0 200
0 200
  1   -92.700   -59.180  3.022  20 1 6 1 2 4 8 16 32 662.704 665.991
  2    71.179    12.543  3.087   6 1 6 1 2 4 8 16 32 367.969 371.301
  3    31.537    66.638  3.104  19 1 6 1 2 4 8 16 32 726.070 729.495
  4    -4.694    25.537  3.055  10 1 6 1 2 4 8 16 32 104.699 107.854
  5   -30.194    67.773  3.063  18 1 6 1 2 4 8 16 32 302.677 305.857
  6    12.677   -57.471  2.956   1 1 6 1 2 4 8 16 32 219.540 222.679
  7   -32.355   -20.966  2.720  15 1 6 1 2 4 8 16 32 210.106 213.244
  8    19.910    48.975  2.643 -23 1 6 1 2 4 8 16 32 179.752 183.028
  9    13.202   -19.135  3.065  13 1 6 1 2 4 8 16 32 189.209 192.377
 10    54.877   -41.168  2.780  12 1 6 1 2 4 8 16 32 638.814 642.017
 11    15.063   -25.171  3.031   7 1 6 1 2 4 8 16 32 438.658 442.045
 12   -50.598   -16.418  3.102  25 1 6 1 2 4 8 16 32 200.251 203.456
 13   -29.730    17.078  3.008   5 1 6 1 2 4 8 16 32 467.610 470.750
 14    17.542     1.575  2.952   1 1 6 1 2 4 8 16 32 794.023 797.312
 15    11.127    77.216  2.826  25 1 6 1 2 4 8 16 32 277.247 280.449
 16    33.752    71.259  2.643 -10 1 6 1 2 4 8 16 32 537.408 540.559
 17   -56.012   -10.394  2.826   2 1 6 1 2 4 8 16 32 477.267 480.416
 18    57.874   -16.290  2.706   7 1 6 1 2 4 8 16 32 476.303 479.679
 19    10.718   -18.787  2.872  11 1 6 1 2 4 8 16 32 462.051 465.323
 20    53.088   -18.750  3.012   4 1 6 1 2 4 8 16 32 482.731 485.913
 21     1.569     7.532  2.665   6 1 6 1 2 4 8 16 32 439.006 442.393
 22    31.531    48.944  2.751  15 1 6 1 2 4 8 16 32 475.036 478.212
 23   -66.833   -37.854  2.958  -7 1 6 1 2 4 8 16 32 565.676 568.948
 24   -70.740    62.244  2.665   8 1 6 1 2 4 8 16 32 548.099 551.222
 25    32.538    23.096  2.790  10 1 6 1 2 4 8 16 32 367.487 370.713
 26   -51.453   -36.444  2.793   9 1 6 1 2 4 8 16 32 328.005 331.134
 27    36.456   -22.638  2.871  -4 1 6 1 2 4 8 16 32 107.949 111.172
 28   -31.207    43.494  3.010  -6 1 6 1 2 4 8 16 32 450.729 453.952
 29   -10.388    34.491  2.865  22 1 6 1 2 4 8 16 32 403.356 406.596
 30    14.722   -10.834  2.960  17 1 6 1 2 4 8 16 32 249.903 253.154
 31    47.095   -21.387  3.008   9 1 6 1 2 4 8 16 32 525.144 528.310
 32    43.781    34.766  2.946 -25 1 6 1 2 4 8 16 32 324.962 328.100
 33    53.546   -67.487  2.638 -10 1 6 1 2 4 8 16 32 336.641 339.856
 34    26.801    46.515  2.618  18 1 6 1 2 4 8 16 32 139.809 143.182
 35    63.385    11.981  2.660  21 1 6 1 2 4 8 16 32 311.817 315.021
 36    47.192    -5.475  2.708 -10 1 6 1 2 4 8 16 32 237.484 240.850
 37   -16.315   -11.267  2.814  23 1 6 1 2 4 8 16 32 289.070 292.492
 38    78.900    17.651  2.696  23 1 6 1 2 4 8 16 32 683.367 686.708
 39    79.822    22.272  2.883 -11 1 6 1 2 4 8 16 32 670.042 673.365
 40    12.878    16.919  2.759   1 1 6 1 2 4 8 16 32 731.709 734.937
 41   -67.981    -3.754  2.645  23 1 6 1 2 4 8 16 32 584.590 587.849
 42     9.198   -18.597  2.593  16 1 6 1 2 4 8 16 32 499.797 503.184
 43   -35.950   -19.141  3.021  10 1 6 1 2 4 8 16 32 274.547 277.945
 44    28.766    45.276  2.732  12 1 6 1 2 4 8 16 32 660.812 664.141
 45    11.469    68.231  2.985  12 1 6 1 2 4 8 16 32 258.649 262.020
 46   -22.760    45.496  2.732  -3 1 6 1 2 4 8 16 32 454.703 458.030
 47   -65.674   -23.120  2.888  22 1 6 1 2 4 8 16 32 483.321 486.599
 48     7.239     1.599  2.751  21 1 6 1 2 4 8 16 32 402.929 406.054
 49   -29.785   -11.285  2.777  13 1 6 1 2 4 8 16 32 460.363 463.749
 50   -89.050    16.211  3.072  15 1 6 1 2 4 8 16 32 695.749 699.106
 51   -46.887    -3.363  2.612  13 1 6 1 2 4 8 16 32 366.616 369.938
 52   -14.972    30.621  2.961 -20 1 6 1 2 4 8 16 32 703.086 706.475
 53   -17.035    49.774  2.607 -10 1 6 1 2 4 8 16 32 596.405 599.822
 54    31.635    53.619  2.745  25 1 6 1 2 4 8 16 32 123.964 127.260
 55    -3.577    13.342  2.721   7 1 6 1 2 4 8 16 32 141.587 144.936
 56    33.008    58.960  3.093  15 1 6 1 2 4 8 16 32 168.836 172.169
 57   -92.950    63.263  3.036   2 1 6 1 2 4 8 16 32 563.158 566.449
 58    -9.137   -22.931  2.837  23 1 6 1 2 4 8 16 32 742.350 745.774
 59   -39.960     6.195  2.631   5 1 6 1 2 4 8 16 32 185.405 188.763
 60    28.430   -19.214  2.714 -25 1 6 1 2 4 8 16 32 368.515 371.631
 61   -28.540    -3.485  3.105   9 1 6 1 2 4 8 16 32 131.367 134.638
 62    31.415    36.859  2.860   2 1 6 1 2 4 8 16 32 690.418 693.638
 63   -49.426    60.602  2.927  24 1 6 1 2 4 8 16 32 245.362 248.484
 64   -72.827   -27.765  2.622  13 1 6 1 2 4 8 16 32 648.359 651.623
 65    60.083   -45.905  2.979 -20 1 6 1 2 4 8 16 32 572.057 575.350
 66    10.870    -3.900  2.793  13 1 6 1 2 4 8 16 32 556.368 559.515
 67    25.122     7.672  3.076  15 1 6 1 2 4 8 16 32 499.496 502.655
 68   -46.997   -17.474  3.009   4 1 6 1 2 4 8 16 32 582.361 585.763
 69    16.058    33.020  2.843  20 1 6 1 2 4 8 16 32 565.629 568.978
 70    25.409   -11.700  3.085   8 1 6 1 2 4 8 16 32 300.705 303.873
 71    68.323    -5.145  3.036  19 1 6 1 2 4 8 16 32 193.984 197.283
 72   -13.104    62.158  2.945  20 1 6 1 2 4 8 16 32 358.369 361.581
 73    42.395    -8.344 0.000   0 0 0 0.000 863.860
 74   -42.175   -14.554 0.000   0 0 0 0.000 863.860
 75    16.034    40.726 0.000   0 0 0 0.000 863.860
 76   -14.639    29.633 0.000   0 0 0 0.000 863.860
 77    16.049    -3.934 0.000   0 0 0 0.000 863.860
 78    46.112    12.430 0.000   0 0 0 0.000 863.860
