6 2 144 6
0 190
0 190
0 190
0 190
0 190
0 190
  1   -40.289   -42.303  2.751  20 1 6 1 2 4 8 16 32 187.923 191.427
  2   -64.709   -17.389  3.094  10 1 6 1 2 4 8 16 32 263.785 267.086
  3     5.060   -14.349  3.154   8 1 6 1 2 4 8 16 32 228.690 232.155
  4    72.095    20.233  3.144  -6 1 6 1 2 4 8 16 32 657.727 661.000
  5     2.594   -15.002  2.827   1 1 6 1 2 4 8 16 32 802.723 805.987
  6   -24.176   -72.894  2.765  19 1 6 1 2 4 8 16 32 189.950 193.411
  7   -13.190    66.498  3.105  13 1 6 1 2 4 8 16 32 712.749 716.187
  8    33.191    13.690  2.772  24 1 6 1 2 4 8 16 32 113.070 116.341
  9    66.827   -30.554  3.080  15 1 6 1 2 4 8 16 32 440.591 444.039
 10    19.934    35.883  2.873  13 1 6 1 2 4 8 16 32 386.468 389.711
 11   -27.771    32.269  2.760 -10 1 6 1 2 4 8 16 32 202.522 206.008
 12    51.154   -16.827  2.942   4 1 6 1 2 4 8 16 32 577.817 581.257
 13   -19.214    23.749  2.788  12 1 6 1 2 4 8 16 32 252.685 256.009
 14   -46.643   -52.954  2.913  21 1 6 1 2 4 8 16 32 159.307 162.584
 15   -10.590   -16.626  2.872   2 1 6 1 2 4 8 16 32 263.839 267.034
 16    35.150    12.622  3.019  10 1 6 1 2 4 8 16 32 492.376 495.578
 17   -37.378    12.256  2.835  20 1 6 1 2 4 8 16 32 637.060 640.288
 18    82.794    25.836  2.757   9 1 6 1 2 4 8 16 32 618.767 622.124
 19     8.936    -3.723  3.046  24 1 6 1 2 4 8 16 32 753.372 756.804
 20   -56.659    25.555  2.767  19 1 6 1 2 4 8 16 32 699.555 702.815
 21   -52.020   -40.137  2.767  13 1 6 1 2 4 8 16 32 419.940 423.107
 22    39.270    12.787  2.860  14 1 6 1 2 4 8 16 32 328.820 332.174
 23    19.757    21.228  2.932  17 1 6 1 2 4 8 16 32 522.481 525.992
 24   -23.071   -12.659  3.119 -25 1 6 1 2 4 8 16 32 290.381 293.687
 25    15.686    52.374  2.994   1 1 6 1 2 4 8 16 32 510.666 513.989
 26    58.771    -7.056  2.843  -9 1 6 1 2 4 8 16 32 714.867 718.174
 27   -33.087    72.266  3.031  12 1 6 1 2 4 8 16 32 432.106 435.319
 28     2.551    46.851  2.955  22 1 6 1 2 4 8 16 32 348.975 352.255
 29   -18.719    73.126  3.004   2 1 6 1 2 4 8 16 32 304.143 307.509
 30   -67.627   -20.679  2.853  21 1 6 1 2 4 8 16 32 727.427 730.620
 31   -76.862   -11.365  2.814   8 1 6 1 2 4 8 16 32 103.956 107.159
 32   -24.194   -38.263  2.735  19 1 6 1 2 4 8 16 32 168.751 172.063
 33   -20.374   -31.903  2.790  24 1 6 1 2 4 8 16 32 550.068 553.248
 34     9.290    39.618  2.866  24 1 6 1 2 4 8 16 32 254.975 258.437
 35    26.044    35.974  2.742   2 1 6 1 2 4 8 16 32 628.115 631.531
 36   -57.385   -45.264  2.750  20 1 6 1 2 4 8 16 32 360.117 363.495
 37     1.489   -62.592  2.768  20 1 6 1 2 4 8 16 32 432.106 435.545
 38    34.937    13.672  3.041   5 1 6 1 2 4 8 16 32 618.599 621.986
 39   -22.290    45.648  2.993  17 1 6 1 2 4 8 16 32 374.744 377.948
 40    -5.920    44.061  2.853   4 1 6 1 2 4 8 16 32 358.160 361.412
 41   -38.446   -23.541  3.025  21 1 6 1 2 4 8 16 32 667.657 670.850
 42    28.894    33.936  2.678   3 1 6 1 2 4 8 16 32 175.655 179.086
 43   -35.388    -5.341  2.778  16 1 6 1 2 4 8 16 32 811.748 815.126
 44   -19.501    13.519  3.018 -14 1 6 1 2 4 8 16 32 92.690 95.994
 45    -9.216   -30.988  2.949  -6 1 6 1 2 4 8 16 32 574.637 577.877
 46   -22.131   -17.065  2.684   5 1 6 1 2 4 8 16 32 318.955 322.299
 47   -22.827    36.810  2.947  12 1 6 1 2 4 8 16 32 639.583 642.795
 48   -61.365   -18.463  3.112  23 1 6 1 2 4 8 16 32 224.538 227.770
 49    50.128   -66.046  3.028  12 1 6 1 2 4 8 16 32 345.689 348.955
 50    25.647    24.139  3.155  18 1 6 1 2 4 8 16 32 463.544 466.751
 51    65.521    42.810  2.866  24 1 6 1 2 4 8 16 32 523.845 527.087
 52   -60.956   -47.925  3.123   3 1 6 1 2 4 8 16 32 600.217 603.439
 53    -9.070    42.798  2.721   3 1 6 1 2 4 8 16 32 266.396 269.881
 54   -19.061     4.480  2.756  25 1 6 1 2 4 8 16 32 404.974 408.362
 55   -54.071    -3.870  3.075 -22 1 6 1 2 4 8 16 32 366.058 369.527
 56   -25.598   -18.866  2.997  25 1 6 1 2 4 8 16 32 611.171 614.675
 57   -18.707    84.296  2.714  15 1 6 1 2 4 8 16 32 389.616 393.089
 58   -70.184   -39.166  2.919 -18 1 6 1 2 4 8 16 32 635.837 639.121
 59   -14.636    -0.446  2.764   8 1 6 1 2 4 8 16 32 260.198 263.483
 60   -76.465   -38.922  3.054  20 1 6 1 2 4 8 16 32 187.215 190.732
 61    44.092    12.433  3.128  18 1 6 1 2 4 8 16 32 597.899 601.372
 62   -22.772   -50.867  3.162   5 1 6 1 2 4 8 16 32 336.276 339.478
 63    19.104    44.672  2.668  25 1 6 1 2 4 8 16 32 480.826 484.021
 64   -44.019   -39.935  2.793  16 1 6 1 2 4 8 16 32 369.873 373.142
 65    -2.972    -4.059  3.013  14 1 6 1 2 4 8 16 32 689.206 692.715
 66   -24.261    35.907  3.051  -1 1 6 1 2 4 8 16 32 672.285 675.575
 67   -61.877   -73.901  2.734 -15 1 6 1 2 4 8 16 32 145.098 148.314
 68    -5.640   -26.721  2.976  22 1 6 1 2 4 8 16 32 593.405 596.703
 69    45.844   -36.835  2.818   6 1 6 1 2 4 8 16 32 683.373 686.865
 70   -51.746   -79.840  2.757  24 1 6 1 2 4 8 16 32 542.458 545.681
 71   -33.008    10.992  2.851 -19 1 6 1 2 4 8 16 32 137.864 141.104
 72   -25.653    -0.372  2.912 -12 1 6 1 2 4 8 16 32 621.192 624.640
 73   -21.497    61.487  2.899  13 1 6 1 2 4 8 16 32 536.911 540.130
 74     2.032    26.727  2.927  10 1 6 1 2 4 8 16 32 381.717 385.195
 75   -26.758    14.807  3.053  12 1 6 1 2 4 8 16 32 648.520 651.830
 76   -37.256   -44.861  2.730 -13 1 6 1 2 4 8 16 32 543.599 546.906
 77    -0.861   -16.418  2.965 -25 1 6 1 2 4 8 16 32 283.747 287.206
 78   -51.160    34.967  2.651  12 1 6 1 2 4 8 16 32 515.800 519.157
 79   -41.266   -76.886  2.840   2 1 6 1 2 4 8 16 32 347.906 351.309
 80   -30.255    74.701  2.862  11 1 6 1 2 4 8 16 32 591.554 594.857
 81   -46.368    -1.514  2.858  10 1 6 1 2 4 8 16 32 719.171 722.445
 82   -71.619    73.077  3.141   9 1 6 1 2 4 8 16 32 584.959 588.331
 83   -46.606   -39.948  2.783 -21 1 6 1 2 4 8 16 32 605.183 608.445
 84   -30.243    67.102  2.733  14 1 6 1 2 4 8 16 32 568.201 571.409
 85   -40.997   -43.036  3.045  15 1 6 1 2 4 8 16 32 152.295 155.549
 86   -74.286   -52.307  2.683   6 1 6 1 2 4 8 16 32 290.062 293.515
 87   -17.609   -71.851  2.809  25 1 6 1 2 4 8 16 32 501.082 504.269
 88     2.350   -81.805  2.915  14 1 6 1 2 4 8 16 32 267.956 271.309
 89   -85.486   -54.059  2.671 -17 1 6 1 2 4 8 16 32 579.759 582.959
 90    23.822    10.571  3.050   8 1 6 1 2 4 8 16 32 242.070 245.557
 91   -24.530   -31.726  3.020   4 1 6 1 2 4 8 16 32 300.331 303.787
 92   -42.474   -15.009  2.792  17 1 6 1 2 4 8 16 32 536.537 539.790
 93   -33.624    50.330  2.933  23 1 6 1 2 4 8 16 32 413.297 416.508
 94   -81.458   -41.565  3.062   4 1 6 1 2 4 8 16 32 598.383 601.817
 95   -73.505   -48.279  2.772   4 1 6 1 2 4 8 16 32 387.890 391.236
 96    -3.052    70.898  2.684   9 1 6 1 2 4 8 16 32 439.457 442.924
 97     0.946    25.458  3.149   9 1 6 1 2 4 8 16 32 532.406 535.867
 98   -54.144    13.525  2.916  19 1 6 1 2 4 8 16 32 625.836 629.175
 99   -30.634     7.526  2.872  12 1 6 1 2 4 8 16 32 56.544 60.038
100   -68.335   -34.277  2.855 -25 1 6 1 2 4 8 16 32 120.525 123.769
101     7.178    57.935  2.677   8 1 6 1 2 4 8 16 32 339.842 343.183
102     4.712    48.669  2.782  13 1 6 1 2 4 8 16 32 630.509 634.018
103    58.087    26.379  2.890   3 1 6 1 2 4 8 16 32 436.906 440.205
104    18.347    34.784  2.840   6 1 6 1 2 4 8 16 32 735.211 738.707
105   -44.629   -61.975  2.709  11 1 6 1 2 4 8 16 32 599.285 602.558
106     5.231    26.068  3.051  24 1 6 1 2 4 8 16 32 759.701 762.949
107   -48.065   -36.755  3.119  16 1 6 1 2 4 8 16 32 257.427 260.626
108    -3.589   -27.734  3.143  21 1 6 1 2 4 8 16 32 377.580 381.000
109     9.808    36.896  2.787  25 1 6 1 2 4 8 16 32 264.589 267.825
110    59.460     1.233  2.867  10 1 6 1 2 4 8 16 32 743.956 747.246
111   -47.522    19.873  3.007  -2 1 6 1 2 4 8 16 32 630.377 633.585
112   -48.431   -50.317  2.934 -13 1 6 1 2 4 8 16 32 221.867 225.190
113    44.666    20.953  2.886 -14 1 6 1 2 4 8 16 32 221.965 225.374
114   -19.226    32.770  3.086  19 1 6 1 2 4 8 16 32 371.743 375.122
115   -15.662    17.462  3.144  16 1 6 1 2 4 8 16 32 653.642 657.060
116   -91.669    77.722  2.705 -23 1 6 1 2 4 8 16 32 655.547 658.860
117   -30.035   -78.284  3.161 -13 1 6 1 2 4 8 16 32 222.518 225.828
118    73.663    32.941  2.949  24 1 6 1 2 4 8 16 32 517.889 521.164
119    22.400   -60.083  2.808  17 1 6 1 2 4 8 16 32 513.012 516.259
120    61.206   -13.501  2.746   8 1 6 1 2 4 8 16 32 249.751 253.186
121    22.131   -50.012  2.825  12 1 6 1 2 4 8 16 32 761.798 764.974
122    -6.317    56.665  2.940   6 1 6 1 2 4 8 16 32 115.225 118.541
123   -20.471    12.885  3.161 -20 1 6 1 2 4 8 16 32 501.541 505.046
124   -61.084   -44.769  2.967  20 1 6 1 2 4 8 16 32 525.483 528.766
125    -9.576   -19.366  2.884  24 1 6 1 2 4 8 16 32 160.668 164.003
126     5.627   -88.501  2.993  10 1 6 1 2 4 8 16 32 317.901 321.397
127    -2.618    22.131  2.858  18 1 6 1 2 4 8 16 32 209.334 212.575
128    40.497    32.343  2.751  10 1 6 1 2 4 8 16 32 419.312 422.769
129    -3.296    36.774  3.071  15 1 6 1 2 4 8 16 32 591.641 594.948
130   -50.995    19.781  3.049  12 1 6 1 2 4 8 16 32 783.879 787.263
131   -70.520    -3.809  2.962 -22 1 6 1 2 4 8 16 32 223.033 226.525
132     4.205     0.812  2.961 -11 1 6 1 2 4 8 16 32 576.257 579.685
133     9.955    26.337  3.029 -14 1 6 1 2 4 8 16 32 552.826 556.121
134    13.538   -21.313  2.651  -9 1 6 1 2 4 8 16 32 420.051 423.497
135   -21.869   -18.768  2.885   6 1 6 1 2 4 8 16 32 388.319 391.747
136   -37.158   -30.768  2.733  23 1 6 1 2 4 8 16 32 429.788 432.989
137   -86.975    10.345  2.942   8 1 6 1 2 4 8 16 32 629.888 633.361
138   -47.272   -46.326  2.769  22 1 6 1 2 4 8 16 32 382.582 385.824
139     4.095   -19.354  2.731   7 1 6 1 2 4 8 16 32 473.480 476.800
140     4.205    30.292  3.126 -15 1 6 1 2 4 8 16 32 299.843 303.210
141   -42.017    53.986  2.986  22 1 6 1 2 4 8 16 32 177.240 180.603
142    35.095   -10.895  2.820   7 1 6 1 2 4 8 16 32 453.488 456.755
143    61.188   -59.875  2.874  14 1 6 1 2 4 8 16 32 282.592 285.873
144   -34.674    -1.337  2.999  21 1 6 1 2 4 8 16 32 431.778 435.133
145    -3.799    44.290 0.000   0 0 0 0.000 879.825
146    14.233    21.173 0.000   0 0 0 0.000 879.825
147   -23.334   -28.397 0.000   0 0 0 0.000 879.825
148    10.065     1.822 0.000   0 0 0 0.000 879.825
149   -49.115   -43.549 0.000   0 0 0 0.000 879.825
150   -21.054     4.144 0.000   0 0 0 0.000 879.825
