6 3 216 6
0 180
0 180
0 180
0 180
0 180
0 180
  1   -41.235   -66.357  3.365   3 1 6 1 2 4 8 16 32 203.573 207.412
  2    34.064   -59.357  2.946  16 1 6 1 2 4 8 16 32 245.568 249.056
  3    20.917   -52.582  3.084   8 1 6 1 2 4 8 16 32 151.963 155.711
  4   -38.538   -37.396  2.998  15 1 6 1 2 4 8 16 32 520.667 524.145
  5    41.058    22.931  2.976  12 1 6 1 2 4 8 16 32 194.408 197.925
  6   -54.034   -53.131  2.931 -13 1 6 1 2 4 8 16 32 804.778 808.291
  7     8.099    80.725  3.333   8 1 6 1 2 4 8 16 32 498.016 501.846
  8    81.299    13.409  3.084  24 1 6 1 2 4 8 16 32 490.564 494.332
  9    14.459    -2.972  3.359  14 1 6 1 2 4 8 16 32 122.776 126.365
 10   -52.539    60.107  2.959 -17 1 6 1 2 4 8 16 32 452.014 455.844
 11   -57.202   -34.229  3.287  -8 1 6 1 2 4 8 16 32 493.051 496.788
 12   -65.552   -40.222  3.283  11 1 6 1 2 4 8 16 32 737.969 741.556
 13   -19.751   -10.278  3.394   8 1 6 1 2 4 8 16 32 352.922 356.705
 14   -26.965   -87.012  2.938  17 1 6 1 2 4 8 16 32 648.103 651.653
 15     3.192   -88.654  2.943 -19 1 6 1 2 4 8 16 32 768.453 772.171
 16    34.521    32.837  2.909  13 1 6 1 2 4 8 16 32 559.447 563.150
 17    80.035     5.273  3.095   2 1 6 1 2 4 8 16 32 809.100 812.808
 18   -39.838   -67.731  2.940   8 1 6 1 2 4 8 16 32 530.592 534.128
 19    14.600    11.365  3.208  21 1 6 1 2 4 8 16 32 407.595 411.104
 20   -20.990   -80.511  3.076  13 1 6 1 2 4 8 16 32 234.518 238.227
 21    48.242    47.284  3.383  17 1 6 1 2 4 8 16 32 719.052 722.600
 22    59.338   -31.860  3.009   4 1 6 1 2 4 8 16 32 197.266 201.004
 23   -13.995   -45.624  2.892  22 1 6 1 2 4 8 16 32 239.013 242.617
 24    32.397   -32.532  3.197  24 1 6 1 2 4 8 16 32 263.652 267.448
 25     2.826    50.824  3.362  11 1 6 1 2 4 8 16 32 682.694 686.385
 26   -66.077   -34.686  3.162   6 1 6 1 2 4 8 16 32 232.745 236.444
 27   -13.660    18.640  3.237  19 1 6 1 2 4 8 16 32 497.958 501.703
 28   -59.344    12.769  3.227  11 1 6 1 2 4 8 16 32 133.992 137.774
 29    -5.133   -18.463  3.172  23 1 6 1 2 4 8 16 32 605.443 609.039
 30   -22.961   -21.729  2.999   4 1 6 1 2 4 8 16 32 352.148 355.829
 31    58.130    46.606  3.232   5 1 6 1 2 4 8 16 32 677.611 681.410
 32   -49.603   -76.624  3.396 -16 1 6 1 2 4 8 16 32 365.205 368.908
 33    -4.803    43.036  3.295   2 1 6 1 2 4 8 16 32 129.944 133.738
 34    68.616   -19.623  3.243  13 1 6 1 2 4 8 16 32 834.732 838.572
 35    37.915    63.599  3.118  11 1 6 1 2 4 8 16 32 473.365 477.158
 36     1.251   -26.550  3.309   9 1 6 1 2 4 8 16 32 420.233 423.706
 37   -37.952     1.685  3.157  18 1 6 1 2 4 8 16 32 115.078 118.917
 38   -40.503     8.038  3.419   7 1 6 1 2 4 8 16 32 593.491 597.092
 39    -8.392   -38.678  3.115  24 1 6 1 2 4 8 16 32 647.760 651.349
 40   -36.725    25.494  2.980   5 1 6 1 2 4 8 16 32 716.204 719.816
 41   -47.754   -50.073  3.302   2 1 6 1 2 4 8 16 32 485.190 488.682
 42    22.595   -28.357  3.049   5 1 6 1 2 4 8 16 32 543.657 547.222
 43   -36.365   -48.163  3.395   5 1 6 1 2 4 8 16 32 466.925 470.736
 44    75.452   -13.422  3.251  -3 1 6 1 2 4 8 16 32 748.698 752.518
 45   -64.520   -13.232  3.221 -13 1 6 1 2 4 8 16 32 803.469 807.186
 46     1.257    29.156  2.947   2 1 6 1 2 4 8 16 32 700.022 703.831
 47    -1.569   -35.974  3.089  10 1 6 1 2 4 8 16 32 443.736 447.194
 48    46.747     6.696  3.339  12 1 6 1 2 4 8 16 32 102.597 106.346
 49    82.080    27.057  3.222  24 1 6 1 2 4 8 16 32 260.132 263.862
 50    74.695    19.366  3.325  21 1 6 1 2 4 8 16 32 161.027 164.655
 51    47.015     9.338  3.440  18 1 6 1 2 4 8 16 32 241.052 244.515
 52   -62.036   -21.326  3.263   5 1 6 1 2 4 8 16 32 264.638 268.235
 53     9.192    20.038  3.081  15 1 6 1 2 4 8 16 32 695.471 699.311
 54    -3.094    21.582  3.434  11 1 6 1 2 4 8 16 32 178.913 182.734
 55   -75.446    13.086  2.988  -7 1 6 1 2 4 8 16 32 800.689 804.419
 56    10.034   -63.739  3.388   3 1 6 1 2 4 8 16 32 585.438 588.924
 57    71.814    26.501  3.364  17 1 6 1 2 4 8 16 32 755.248 759.059
 58    18.842   -38.019  3.108  14 1 6 1 2 4 8 16 32 151.850 155.634
 59   -10.541   -31.305  2.915  14 1 6 1 2 4 8 16 32 570.525 574.031
 60     8.252   -91.150  3.199  -7 1 6 1 2 4 8 16 32 423.945 427.667
 61    72.821   -38.916  3.203  12 1 6 1 2 4 8 16 32 621.231 624.954
 62   -30.157    38.776  3.050   5 1 6 1 2 4 8 16 32 429.821 433.658
 63   -56.256    -5.548  3.121  11 1 6 1 2 4 8 16 32 221.035 224.591
 64    -8.398   -37.604  3.025  17 1 6 1 2 4 8 16 32 219.102 222.937
 65    15.021    13.708  2.893   3 1 6 1 2 4 8 16 32 585.169 588.721
 66   -60.199    24.292  3.263  -7 1 6 1 2 4 8 16 32 121.059 124.545
 67   -13.794   -27.106  3.063  13 1 6 1 2 4 8 16 32 633.940 637.509
 68   -34.796   -22.205  3.219 -20 1 6 1 2 4 8 16 32 784.417 788.204
 69    69.641    83.057  3.265  13 1 6 1 2 4 8 16 32 633.918 637.647
 70   -44.440    30.090  3.399  -4 1 6 1 2 4 8 16 32 267.721 271.392
 71    48.633     3.021  3.366   3 1 6 1 2 4 8 16 32 726.366 729.950
 72   -15.314    51.709  3.246  24 1 6 1 2 4 8 16 32 554.004 557.514
 73    36.261    26.782  3.302  23 1 6 1 2 4 8 16 32 575.022 578.577
 74    59.961    24.310  2.896  21 1 6 1 2 4 8 16 32 371.516 375.304
 75    55.304     6.628  3.280  23 1 6 1 2 4 8 16 32 353.955 357.696
 76    39.960    48.297  3.024  10 1 6 1 2 4 8 16 32 525.104 528.754
 77   -48.895   -71.100  3.215 -21 1 6 1 2 4 8 16 32 427.749 431.531
 78    -2.338   -62.909  3.207  24 1 6 1 2 4 8 16 32 660.006 663.609
 79     9.491   -41.901  3.130   9 1 6 1 2 4 8 16 32 133.403 136.941
 80   -54.675   -18.439  3.308 -22 1 6 1 2 4 8 16 32 619.955 623.609
 81    10.980    -7.605  3.059   3 1 6 1 2 4 8 16 32 730.422 733.941
 82   -69.824   -50.354  3.101   6 1 6 1 2 4 8 16 32 551.190 554.844
 83   -40.308    -7.452  3.293  11 1 6 1 2 4 8 16 32 175.599 179.241
 84    62.244    43.628  3.375  10 1 6 1 2 4 8 16 32 369.619 373.172
 85    29.077    63.116  3.351  15 1 6 1 2 4 8 16 32 483.500 487.124
 86   -12.067   -21.509  3.407   9 1 6 1 2 4 8 16 32 777.901 781.470
 87    14.728    28.906  3.362  20 1 6 1 2 4 8 16 32 162.109 165.735
 88   -63.086   -60.114  2.883  19 1 6 1 2 4 8 16 32 518.604 522.367
 89    33.655    -0.928  3.301 -19 1 6 1 2 4 8 16 32 421.603 425.243
 90   -12.225    14.148  3.442  19 1 6 1 2 4 8 16 32 612.907 616.536
 91   -89.966    51.514  2.965  20 1 6 1 2 4 8 16 32 586.523 590.203
 92    -0.763    41.339  3.169   1 1 6 1 2 4 8 16 32 335.333 338.876
 93    80.695    32.983  3.409  15 1 6 1 2 4 8 16 32 393.220 396.959
 94   -53.394   -14.240  3.295  18 1 6 1 2 4 8 16 32 406.601 410.304
 95   -53.284   -64.136  3.215   2 1 6 1 2 4 8 16 32 244.677 248.455
 96    73.260    10.669  3.409  25 1 6 1 2 4 8 16 32 415.608 419.204
 97    59.613    13.452  3.097  20 1 6 1 2 4 8 16 32 248.712 252.545
 98   -37.012     6.476  3.042 -18 1 6 1 2 4 8 16 32 266.103 269.797
 99   -53.656    21.692  2.940   8 1 6 1 2 4 8 16 32 775.669 779.370
100   -36.890    18.372  2.948  -3 1 6 1 2 4 8 16 32 464.889 468.489
101    -4.608   -13.806  2.974   2 1 6 1 2 4 8 16 32 221.728 225.223
102    53.802    36.993  3.300  15 1 6 1 2 4 8 16 32 288.724 292.185
103    48.468   -66.040  3.044 -21 1 6 1 2 4 8 16 32 614.422 617.924
104   -46.393   -20.929  3.066   6 1 6 1 2 4 8 16 32 463.626 467.192
105   -15.045   -40.845  2.985  24 1 6 1 2 4 8 16 32 627.097 630.576
106   -73.621    -9.552  3.146 -19 1 6 1 2 4 8 16 32 712.333 716.083
107    92.847    45.587  3.373 -23 1 6 1 2 4 8 16 32 591.957 595.758
108    33.557    28.064  3.290  16 1 6 1 2 4 8 16 32 699.581 703.059
109    47.321    24.414  3.239  16 1 6 1 2 4 8 16 32 456.971 460.809
110    -6.610   -30.157  3.115   9 1 6 1 2 4 8 16 32 171.520 175.315
111    12.103    23.840  3.281   1 1 6 1 2 4 8 16 32 153.313 156.886
112   -61.963    26.239  3.076  10 1 6 1 2 4 8 16 32 424.729 428.477
113    23.877     9.808  2.904  14 1 6 1 2 4 8 16 32 341.191 344.963
114    49.780     6.866  3.230  11 1 6 1 2 4 8 16 32 635.269 638.929
115   -53.021   -21.484  3.309   4 1 6 1 2 4 8 16 32 786.672 790.386
116    54.962     2.985  3.351  23 1 6 1 2 4 8 16 32 273.627 277.373
117     4.865   -69.586  3.264  23 1 6 1 2 4 8 16 32 458.386 461.986
118    33.948    45.209  2.992  22 1 6 1 2 4 8 16 32 567.022 570.589
119   -32.166   -23.621  3.143  11 1 6 1 2 4 8 16 32 287.826 291.367
120   -17.548   -46.765  3.401  14 1 6 1 2 4 8 16 32 776.089 779.682
121    31.744    33.972  2.955  12 1 6 1 2 4 8 16 32 205.008 208.706
122    45.374    22.131  3.220  13 1 6 1 2 4 8 16 32 618.823 622.301
123    -5.219   -23.114  3.185 -11 1 6 1 2 4 8 16 32 491.166 494.757
124   -51.056   -46.545  3.006   9 1 6 1 2 4 8 16 32 733.994 737.790
125    11.774    11.133  3.236   6 1 6 1 2 4 8 16 32 85.771 89.414
126   -39.758   -13.019  3.030 -25 1 6 1 2 4 8 16 32 437.919 441.701
127    27.930    29.321  3.033  21 1 6 1 2 4 8 16 32 679.428 683.251
128    33.740    66.595  3.378  13 1 6 1 2 4 8 16 32 568.588 572.399
129   -91.815    29.858  3.319  23 1 6 1 2 4 8 16 32 535.653 539.371
130   -24.628   -68.701  3.203   8 1 6 1 2 4 8 16 32 749.956 753.428
131    44.659    20.465  2.963   7 1 6 1 2 4 8 16 32 151.448 155.259
132    45.447   -21.069  3.148   8 1 6 1 2 4 8 16 32 556.515 560.350
133   -37.366   -12.097  2.998  -9 1 6 1 2 4 8 16 32 120.138 123.782
134    41.998     0.153  3.298  -2 1 6 1 2 4 8 16 32 800.598 804.418
135   -42.822   -30.170  3.159 -24 1 6 1 2 4 8 16 32 376.821 380.602
136    34.906    -4.578  3.432   7 1 6 1 2 4 8 16 32 734.236 738.062
137   -65.137   -43.079  3.139  23 1 6 1 2 4 8 16 32 348.781 352.240
138    20.270    -4.999  3.110  21 1 6 1 2 4 8 16 32 616.359 619.828
139   -36.731    -8.929  3.040  12 1 6 1 2 4 8 16 32 794.602 798.427
140   -26.984   -19.568  3.374  23 1 6 1 2 4 8 16 32 327.389 331.148
141   -31.299   -83.813  2.949 -18 1 6 1 2 4 8 16 32 329.010 332.535
142   -26.794    12.506  3.220  -5 1 6 1 2 4 8 16 32 639.842 643.332
143   -39.362   -58.521  3.353  15 1 6 1 2 4 8 16 32 634.439 638.013
144   -34.369     0.610  3.261  11 1 6 1 2 4 8 16 32 206.882 210.583
145    43.372     4.187  3.171   8 1 6 1 2 4 8 16 32 293.900 297.681
146   -38.226    -9.448  3.258  -2 1 6 1 2 4 8 16 32 239.793 243.508
147   -25.610   -99.237  2.978   6 1 6 1 2 4 8 16 32 493.972 497.765
148    48.059    29.517  2.995  23 1 6 1 2 4 8 16 32 770.373 774.023
149   -43.628   -32.318  3.136   9 1 6 1 2 4 8 16 32 553.320 556.868
150   -16.602   -29.327  2.893   1 1 6 1 2 4 8 16 32 693.181 696.884
151   -29.810   -12.408  3.316  12 1 6 1 2 4 8 16 32 867.967 871.639
152   -51.910   -28.711  3.398  17 1 6 1 2 4 8 16 32 618.589 622.284
153    -1.801   -18.671  3.290  -2 1 6 1 2 4 8 16 32 834.422 838.022
154    18.738    21.399  3.321  -5 1 6 1 2 4 8 16 32 426.351 429.958
155    60.120     7.788  3.227   1 1 6 1 2 4 8 16 32 477.130 480.952
156    43.079    42.017  2.986  20 1 6 1 2 4 8 16 32 183.110 186.895
157   -39.435    -5.902  3.418  19 1 6 1 2 4 8 16 32 780.439 784.090
158   -35.889   -16.034  3.410 -13 1 6 1 2 4 8 16 32 184.524 188.102
159   -41.827    38.995  3.292 -10 1 6 1 2 4 8 16 32 154.511 158.128
160    84.497    29.822  3.010   9 1 6 1 2 4 8 16 32 747.499 750.969
161   -17.560   -10.480  3.104  14 1 6 1 2 4 8 16 32 209.173 212.990
162   -48.383   -48.920  3.056   4 1 6 1 2 4 8 16 32 676.973 680.759
163   -49.335   -17.969  3.126  20 1 6 1 2 4 8 16 32 809.334 813.003
164    16.095    -2.490  2.933  17 1 6 1 2 4 8 16 32 795.156 798.804
165    65.527    14.026  3.397  19 1 6 1 2 4 8 16 32 506.013 509.841
166    -2.930    13.220  3.142  19 1 6 1 2 4 8 16 32 274.575 278.233
167   -18.768   -23.663  3.199  16 1 6 1 2 4 8 16 32 416.856 420.362
168   -91.095   -80.737  3.343  -4 1 6 1 2 4 8 16 32 183.716 187.312
169   -21.088   -13.293  2.891   1 1 6 1 2 4 8 16 32 446.551 450.293
170    46.985    17.224  3.291 -21 1 6 1 2 4 8 16 32 169.268 172.875
171   -61.957   -33.038  3.370   9 1 6 1 2 4 8 16 32 746.236 749.717
172    -9.003   -25.452  2.977   2 1 6 1 2 4 8 16 32 89.298 92.854
173    33.661    -7.666  3.223  24 1 6 1 2 4 8 16 32 653.464 657.161
174   -25.592   -10.840  3.387   1 1 6 1 2 4 8 16 32 136.118 139.810
175    36.560    -2.441  3.019  21 1 6 1 2 4 8 16 32 273.923 277.493
176     7.141    24.817  3.357  13 1 6 1 2 4 8 16 32 383.569 387.308
177   -43.170   -30.487  2.944  15 1 6 1 2 4 8 16 32 563.202 566.701
178   -21.228     0.751  3.409   4 1 6 1 2 4 8 16 32 398.610 402.074
179    19.696    10.767  3.013  10 1 6 1 2 4 8 16 32 706.305 709.781
180    -6.494   -29.425  2.890  19 1 6 1 2 4 8 16 32 579.794 583.602
181    54.388     8.630  3.196  -1 1 6 1 2 4 8 16 32 182.501 186.071
182    64.203    77.612  3.151  25 1 6 1 2 4 8 16 32 711.506 715.285
183    40.381     1.611  3.431   3 1 6 1 2 4 8 16 32 263.863 267.504
184   -41.711    -5.133  3.094 -21 1 6 1 2 4 8 16 32 277.072 280.812
185    74.274   -19.922  2.922  -7 1 6 1 2 4 8 16 32 361.679 365.498
186   -73.999   -54.626  2.991 -18 1 6 1 2 4 8 16 32 237.588 241.092
187    29.706    15.454  2.960   3 1 6 1 2 4 8 16 32 207.737 211.524
188    23.785    12.177  3.356   1 1 6 1 2 4 8 16 32 840.597 844.428
189    42.578    45.325  3.272   2 1 6 1 2 4 8 16 32 296.600 300.298
190   -16.730   -16.559  3.427   8 1 6 1 2 4 8 16 32 301.423 305.164
191   -14.697    -0.116  3.286  10 1 6 1 2 4 8 16 32 426.118 429.711
192   -19.769     8.392  3.109  19 1 6 1 2 4 8 16 32 322.139 325.714
193   -30.267    14.893  3.440  17 1 6 1 2 4 8 16 32 365.020 368.554
194   -63.116   -67.462  3.297  19 1 6 1 2 4 8 16 32 296.991 300.460
195    86.029    38.916  3.117  24 1 6 1 2 4 8 16 32 552.097 555.741
196    79.480   -24.866  2.937  24 1 6 1 2 4 8 16 32 612.800 616.298
197    35.144    14.734  3.412  -6 1 6 1 2 4 8 16 32 326.225 329.826
198   -49.365    -9.052  3.203   2 1 6 1 2 4 8 16 32 791.613 795.282
199   -49.475   -17.578  3.310  -7 1 6 1 2 4 8 16 32 535.897 539.738
200    57.501    16.327  3.158  10 1 6 1 2 4 8 16 32 294.253 298.084
201    54.889    12.024  3.148  13 1 6 1 2 4 8 16 32 315.004 318.570
202   -53.027   -33.179  3.120  20 1 6 1 2 4 8 16 32 801.131 804.850
203    -0.415    16.644  2.930  -1 1 6 1 2 4 8 16 32 156.076 159.554
204    21.594    16.144  3.374  17 1 6 1 2 4 8 16 32 783.622 787.198
205   -46.924   -49.261  3.010  17 1 6 1 2 4 8 16 32 460.811 464.615
206    18.457    19.733  3.279 -16 1 6 1 2 4 8 16 32 354.985 358.752
207    35.822    19.763  3.452   9 1 6 1 2 4 8 16 32 674.462 678.167
208    71.869    29.034  3.316  25 1 6 1 2 4 8 16 32 377.199 380.814
209   -56.378   -42.755  3.178   1 1 6 1 2 4 8 16 32 521.729 525.499
210   -25.800    25.159  3.246  23 1 6 1 2 4 8 16 32 303.864 307.664
211    -5.676    33.850  3.143 -10 1 6 1 2 4 8 16 32 792.532 796.099
212    54.041    -5.292  3.188  15 1 6 1 2 4 8 16 32 692.083 695.628
213   -63.074    27.380  3.346  25 1 6 1 2 4 8 16 32 240.105 243.751
214   -16.864   -49.768  3.184  25 1 6 1 2 4 8 16 32 264.803 268.603
215    47.919    13.629  3.232  16 1 6 1 2 4 8 16 32 779.678 783.363
216   -10.724    -2.075  3.013   1 1 6 1 2 4 8 16 32 394.007 397.722
217   -15.067   -23.950 0.000   0 0 0 0.000 960.420
218    38.791    22.443 0.000   0 0 0 0.000 960.420
219   -41.833   -35.361 0.000   0 0 0 0.000 960.420
220   -29.523    -4.843 0.000   0 0 0 0.000 960.420
221    49.725    11.990 0.000   0 0 0 0.000 960.420
222    21.133    14.142 0.000   0 0 0 0.000 960.420
