6 4 288 6
0 170
0 170
0 170
0 170
0 170
0 170
  1    12.805     1.886  3.335  10 1 6 1 2 4 8 16 32 593.542 597.200
  2    18.213     1.373  3.516  21 1 6 1 2 4 8 16 32 84.972 88.852
  3    57.947   -48.779  3.501   8 1 6 1 2 4 8 16 32 305.823 309.395
  4   -52.429   -84.088  3.458  23 1 6 1 2 4 8 16 32 148.840 152.426
  5    60.797   -32.593  3.022  10 1 6 1 2 4 8 16 32 404.562 408.503
  6    23.151     4.205  3.478   9 1 6 1 2 4 8 16 32 871.068 874.972
  7    25.385    22.986  3.525  21 1 6 1 2 4 8 16 32 269.960 273.828
  8    25.513   -52.985  3.439  16 1 6 1 2 4 8 16 32 549.347 553.200
  9   -49.261   -41.718  3.381  21 1 6 1 2 4 8 16 32 740.499 744.371
 10   -37.561   -41.730  3.234   3 1 6 1 2 4 8 16 32 102.634 106.503
 11   -14.520    48.962  3.476  24 1 6 1 2 4 8 16 32 524.324 528.155
 12    41.229   -24.500  3.453   2 1 6 1 2 4 8 16 32 463.127 466.912
 13   -21.863     0.916  3.243   4 1 6 1 2 4 8 16 32 168.382 172.169
 14   -48.181   -16.284  3.344  18 1 6 1 2 4 8 16 32 829.224 833.007
 15    -7.776    44.348  3.476   5 1 6 1 2 4 8 16 32 201.140 204.807
 16    20.801    10.760  3.490  13 1 6 1 2 4 8 16 32 304.327 307.981
 17   -29.712   -46.326  3.521  13 1 6 1 2 4 8 16 32 516.053 519.937
 18   -20.203   -59.564  3.091 -14 1 6 1 2 4 8 16 32 226.872 230.591
 19   -87.079   -52.899  3.271  10 1 6 1 2 4 8 16 32 448.690 452.264
 20     3.046    -6.305  3.536   3 1 6 1 2 4 8 16 32 535.150 539.076
 21    11.865     5.261  3.361   1 1 6 1 2 4 8 16 32 737.930 741.597
 22   -24.072   -55.927  3.068  11 1 6 1 2 4 8 16 32 810.661 814.539
 23   -22.803     5.658  3.034  16 1 6 1 2 4 8 16 32 539.474 543.377
 24   -51.904     9.412  3.518   6 1 6 1 2 4 8 16 32 391.952 395.655
 25    12.732   -40.967  3.257 -18 1 6 1 2 4 8 16 32 466.324 469.898
 26   -30.988     7.654  3.361  11 1 6 1 2 4 8 16 32 292.166 295.750
 27    37.512     0.458  3.156  15 1 6 1 2 4 8 16 32 216.502 220.082
 28     2.954    -8.563  3.293  17 1 6 1 2 4 8 16 32 373.933 377.801
 29     0.549     3.644  3.119  17 1 6 1 2 4 8 16 32 151.082 154.718
 30   -52.484     9.711  3.462   1 1 6 1 2 4 8 16 32 177.801 181.377
 31    33.936   -48.718  3.502   1 1 6 1 2 4 8 16 32 671.928 675.871
 32   -13.129   -53.601  3.505  18 1 6 1 2 4 8 16 32 899.514 903.470
 33   -99.591    23.303  3.512   3 1 6 1 2 4 8 16 32 830.471 834.095
 34     6.439    -3.516  3.085  21 1 6 1 2 4 8 16 32 128.121 132.024
 35   -14.032   -19.818  3.014  22 1 6 1 2 4 8 16 32 261.323 265.236
 36   -24.677    16.608  3.011  14 1 6 1 2 4 8 16 32 328.385 332.079
 37   -10.260   -81.769  3.358   4 1 6 1 2 4 8 16 32 619.176 622.763
 38    35.858     5.597  3.324  17 1 6 1 2 4 8 16 32 835.475 839.337
 39   -11.603    42.908  3.462  16 1 6 1 2 4 8 16 32 822.458 826.229
 40   -34.662   -15.466  3.515   8 1 6 1 2 4 8 16 32 315.304 319.234
 41    66.852     1.135  3.249  14 1 6 1 2 4 8 16 32 535.723 539.374
 42     6.866    -1.416  3.265  23 1 6 1 2 4 8 16 32 775.106 778.810
 43     1.660    -2.234  3.211  -1 1 6 1 2 4 8 16 32 631.434 635.215
 44    37.561    11.450  3.162  21 1 6 1 2 4 8 16 32 296.492 300.274
 45    51.672   -26.343  3.086  10 1 6 1 2 4 8 16 32 488.237 491.840
 46    19.025   -10.889  3.115  19 1 6 1 2 4 8 16 32 419.081 422.987
 47   -37.982    -6.360  3.482   6 1 6 1 2 4 8 16 32 101.189 104.944
 48   -56.537   -42.334  2.975   4 1 6 1 2 4 8 16 32 722.449 726.226
 49     1.099   -14.624  3.275  18 1 6 1 2 4 8 16 32 721.103 724.796
 50   -56.238    -3.076  3.537  23 1 6 1 2 4 8 16 32 875.936 879.551
 51   -23.669   -15.289  3.372  25 1 6 1 2 4 8 16 32 137.841 141.681
 52   -34.277    -1.410  3.216 -17 1 6 1 2 4 8 16 32 685.243 689.149
 53   -64.178    63.812  3.443  11 1 6 1 2 4 8 16 32 809.037 812.943
 54   -47.083   -20.386  3.163  20 1 6 1 2 4 8 16 32 157.916 161.506
 55   -33.710     8.380  3.394   9 1 6 1 2 4 8 16 32 730.363 734.057
 56    34.290    26.031  3.447  23 1 6 1 2 4 8 16 32 237.289 241.104
 57   -38.861    42.114  3.227 -14 1 6 1 2 4 8 16 32 855.751 859.412
 58   -92.731    44.885  3.421   7 1 6 1 2 4 8 16 32 840.184 844.015
 59    23.633    27.643  3.491  15 1 6 1 2 4 8 16 32 283.251 287.168
 60   -67.139   -67.078  3.217  22 1 6 1 2 4 8 16 32 368.901 372.760
 61    25.726   -25.836  3.232  -4 1 6 1 2 4 8 16 32 426.826 430.652
 62   -40.985   -16.895  3.548 -14 1 6 1 2 4 8 16 32 755.712 759.631
 63    77.008    -6.097  3.367 -24 1 6 1 2 4 8 16 32 800.378 803.976
 64   -54.810    -1.935  3.028  13 1 6 1 2 4 8 16 32 381.567 385.392
 65   -53.943   -29.663  3.358   9 1 6 1 2 4 8 16 32 231.184 235.138
 66    16.089   -27.887  3.281   3 1 6 1 2 4 8 16 32 345.227 349.098
 67   -59.436    36.487  3.371 -23 1 6 1 2 4 8 16 32 735.763 739.709
 68    34.473    25.391  3.453   2 1 6 1 2 4 8 16 32 352.891 356.815
 69    -9.283    -6.689  3.375  23 1 6 1 2 4 8 16 32 409.479 413.339
 70   -85.559   -20.477  2.998   8 1 6 1 2 4 8 16 32 660.048 663.885
 71    29.523    18.347  3.330  23 1 6 1 2 4 8 16 32 195.481 199.052
 72    27.814     6.512  3.197  13 1 6 1 2 4 8 16 32 188.574 192.494
 73    42.151   -25.580  3.069 -25 1 6 1 2 4 8 16 32 512.656 516.317
 74    82.202    85.828  3.254  25 1 6 1 2 4 8 16 32 184.952 188.563
 75   -47.766   -35.590  3.036  20 1 6 1 2 4 8 16 32 385.500 389.209
 76    22.015   -20.349  2.998   9 1 6 1 2 4 8 16 32 911.465 915.313
 77   -55.756   -33.490  3.539  15 1 6 1 2 4 8 16 32 821.909 825.703
 78    62.006    -1.453  3.502   4 1 6 1 2 4 8 16 32 355.411 359.249
 79    25.549    -3.796  3.082  -1 1 6 1 2 4 8 16 32 584.068 587.782
 80   -43.372    -7.379  3.147   7 1 6 1 2 4 8 16 32 682.083 685.990
 81    60.297    52.637  3.547 -12 1 6 1 2 4 8 16 32 364.771 368.528
 82   -96.155    34.100  3.457   5 1 6 1 2 4 8 16 32 376.016 379.910
 83   -32.806    -3.845  3.466   8 1 6 1 2 4 8 16 32 471.421 475.088
 84   -47.827   -45.203  3.463   1 1 6 1 2 4 8 16 32 777.821 781.670
 85   -31.128   -93.848  3.400  24 1 6 1 2 4 8 16 32 277.426 281.386
 86   -17.010   -21.857  3.246  23 1 6 1 2 4 8 16 32 414.713 418.387
 87    -8.386    -2.264  3.547  12 1 6 1 2 4 8 16 32 451.621 455.336
 88    35.834    13.147  3.479   2 1 6 1 2 4 8 16 32 616.018 619.876
 89    29.315    54.468  3.172 -22 1 6 1 2 4 8 16 32 467.173 470.969
 90    48.352    -8.783  3.425   3 1 6 1 2 4 8 16 32 714.733 718.452
 91    -2.930    27.039  3.119  12 1 6 1 2 4 8 16 32 504.410 508.045
 92   -16.620   -55.389  3.294  16 1 6 1 2 4 8 16 32 818.216 821.930
 93   -40.851   -47.742  2.984   8 1 6 1 2 4 8 16 32 562.651 566.449
 94   -12.878    -2.039  3.356  25 1 6 1 2 4 8 16 32 808.429 812.151
 95   -51.776     7.281  3.186  -6 1 6 1 2 4 8 16 32 462.888 466.578
 96   -32.922    23.828  3.479 -24 1 6 1 2 4 8 16 32 552.297 555.962
 97    13.983   -34.521  3.463  16 1 6 1 2 4 8 16 32 267.952 271.851
 98   -35.834   -23.834  3.215  -7 1 6 1 2 4 8 16 32 802.259 805.951
 99    91.858     5.542  3.435   9 1 6 1 2 4 8 16 32 817.886 821.458
100   -28.442   -34.180  3.490 -23 1 6 1 2 4 8 16 32 572.344 576.032
101    33.844    27.875  3.066 -24 1 6 1 2 4 8 16 32 472.044 475.686
102    98.431    31.348  3.182 -19 1 6 1 2 4 8 16 32 220.137 223.931
103   -57.751   -27.753  3.349   9 1 6 1 2 4 8 16 32 571.153 574.876
104   -43.890    13.007  3.207 -10 1 6 1 2 4 8 16 32 476.410 480.158
105    37.585    49.768  3.277  23 1 6 1 2 4 8 16 32 428.123 432.072
106    -3.687     7.373  3.553  -2 1 6 1 2 4 8 16 32 200.527 204.328
107   -98.242    61.658  3.449   5 1 6 1 2 4 8 16 32 313.059 316.745
108   -23.560   -32.520  3.128  25 1 6 1 2 4 8 16 32 89.377 92.972
109    22.980   -18.109  3.307  17 1 6 1 2 4 8 16 32 379.034 382.955
110    43.915    -2.985  3.527  23 1 6 1 2 4 8 16 32 426.403 430.038
111    71.509    11.652  3.103  23 1 6 1 2 4 8 16 32 183.026 186.763
112   -43.011   -38.702  3.537  13 1 6 1 2 4 8 16 32 842.093 845.846
113   -83.954     2.179  3.208  -2 1 6 1 2 4 8 16 32 729.595 733.341
114    11.090   -40.942  3.111 -24 1 6 1 2 4 8 16 32 461.483 465.177
115    27.173   -13.330  3.249  22 1 6 1 2 4 8 16 32 143.518 147.216
116   -86.102   -59.808  3.548 -20 1 6 1 2 4 8 16 32 393.149 397.091
117   -22.345   -78.278  3.164  15 1 6 1 2 4 8 16 32 187.608 191.556
118   -38.727   -33.588  3.549 -12 1 6 1 2 4 8 16 32 524.551 528.203
119    -1.227   -28.668  3.294  17 1 6 1 2 4 8 16 32 592.838 596.798
120    81.329   -44.244  2.983  21 1 6 1 2 4 8 16 32 422.472 426.153
121    51.904    19.891  3.289  10 1 6 1 2 4 8 16 32 850.650 854.573
122   -34.973   -27.856  3.347   4 1 6 1 2 4 8 16 32 820.986 824.816
123   -51.483   -23.248  2.971 -21 1 6 1 2 4 8 16 32 102.177 106.053
124    -0.647   -46.057  3.295   3 1 6 1 2 4 8 16 32 710.288 714.129
125    68.219   -66.986  3.413  17 1 6 1 2 4 8 16 32 690.725 694.540
126   -15.149   -25.482  3.244  19 1 6 1 2 4 8 16 32 52.262 56.077
127    22.412   -34.375  3.208 -10 1 6 1 2 4 8 16 32 166.124 170.007
128    36.176   -10.431  3.050  21 1 6 1 2 4 8 16 32 176.921 180.801
129   -23.639   -47.681  3.514 -21 1 6 1 2 4 8 16 32 757.013 760.607
130   -14.722    32.684  2.994  -6 1 6 1 2 4 8 16 32 102.349 105.991
131    16.821   -12.720  3.159   8 1 6 1 2 4 8 16 32 443.830 447.608
132    93.378    23.004  3.117   8 1 6 1 2 4 8 16 32 622.350 626.117
133    40.344   -24.176  3.018  13 1 6 1 2 4 8 16 32 548.633 552.346
134     5.530    -4.901  3.375   7 1 6 1 2 4 8 16 32 394.590 398.543
135   -78.015     1.270  3.260  11 1 6 1 2 4 8 16 32 459.346 463.168
136    51.569   -45.673  3.223  18 1 6 1 2 4 8 16 32 112.187 116.127
137    49.249   -30.896  3.082  10 1 6 1 2 4 8 16 32 230.946 234.535
138   -62.195   -21.399  3.041  25 1 6 1 2 4 8 16 32 441.185 445.059
139    -5.048     7.306  3.215   7 1 6 1 2 4 8 16 32 202.361 206.257
140     1.727   -70.221  3.154  17 1 6 1 2 4 8 16 32 253.586 257.382
141     1.361    -3.564  3.179  20 1 6 1 2 4 8 16 32 317.591 321.415
142   -15.521    16.425  3.497  18 1 6 1 2 4 8 16 32 872.366 876.233
143   -31.604   -60.938  3.273  21 1 6 1 2 4 8 16 32 563.160 566.897
144   -46.997   -55.560  3.027  14 1 6 1 2 4 8 16 32 800.149 803.810
145     2.301     5.536  3.329  -2 1 6 1 2 4 8 16 32 143.765 147.464
146   -30.328    -0.580  3.216  18 1 6 1 2 4 8 16 32 264.935 268.504
147   -16.821    17.664  3.277  10 1 6 1 2 4 8 16 32 202.744 206.381
148    52.655    29.034  3.405   5 1 6 1 2 4 8 16 32 470.946 474.645
149   -11.993   -83.771  3.461 -15 1 6 1 2 4 8 16 32 667.374 671.150
150    41.632    43.048  3.245  17 1 6 1 2 4 8 16 32 394.017 397.949
151     8.508    -2.539  3.076  12 1 6 1 2 4 8 16 32 886.934 890.719
152    31.512    -8.978  3.360  14 1 6 1 2 4 8 16 32 718.169 721.847
153    -3.339   -36.243  3.312  -3 1 6 1 2 4 8 16 32 188.460 192.390
154   -26.379    13.776  3.526   7 1 6 1 2 4 8 16 32 210.758 214.669
155    28.430    10.571  3.370  21 1 6 1 2 4 8 16 32 689.185 693.055
156     5.975    27.289  3.217   7 1 6 1 2 4 8 16 32 459.823 463.437
157   -32.135   -45.068  3.325   5 1 6 1 2 4 8 16 32 692.301 696.158
158    31.097    -7.916  2.977  24 1 6 1 2 4 8 16 32 201.452 205.370
159    28.198   -29.755  3.228  13 1 6 1 2 4 8 16 32 123.757 127.672
160   -39.612   -33.594  3.049  18 1 6 1 2 4 8 16 32 282.418 286.026
161   -19.220    -5.133  2.988  19 1 6 1 2 4 8 16 32 439.192 442.916
162   -10.114    69.977  3.133  22 1 6 1 2 4 8 16 32 418.501 422.193
163    22.894   -44.348  3.070  13 1 6 1 2 4 8 16 32 671.079 674.899
164   -34.741     0.580  3.478 -10 1 6 1 2 4 8 16 32 210.545 214.318
165   -44.952   -77.734  3.508   4 1 6 1 2 4 8 16 32 106.276 110.222
166   -23.749   -56.012  3.491  17 1 6 1 2 4 8 16 32 174.066 177.962
167    69.073   -97.125  3.439   2 1 6 1 2 4 8 16 32 811.264 814.855
168    12.170   -59.869  3.061 -18 1 6 1 2 4 8 16 32 776.698 780.363
169    47.339    17.365  3.396   2 1 6 1 2 4 8 16 32 500.124 503.906
170    -4.706    14.056  3.231  18 1 6 1 2 4 8 16 32 777.615 781.465
171   -52.374   -50.244  3.386  13 1 6 1 2 4 8 16 32 341.749 345.680
172    39.215   -29.773  3.333  24 1 6 1 2 4 8 16 32 685.889 689.571
173   -42.316   -60.602  3.076 -25 1 6 1 2 4 8 16 32 304.451 308.186
174    19.135    41.150  3.499   2 1 6 1 2 4 8 16 32 784.146 787.725
175   -54.706   -17.596  3.423   2 1 6 1 2 4 8 16 32 843.197 847.143
176    11.737   -83.173  2.991   7 1 6 1 2 4 8 16 32 335.467 339.110
177   -40.582   -53.247  3.000  23 1 6 1 2 4 8 16 32 497.936 501.658
178    -6.421    21.967  3.317  21 1 6 1 2 4 8 16 32 472.498 476.122
179   -31.268   -34.613  3.225  18 1 6 1 2 4 8 16 32 80.758 84.362
180    -3.668   -26.868  3.188  21 1 6 1 2 4 8 16 32 84.010 87.877
181    13.409   -22.302  3.164 -23 1 6 1 2 4 8 16 32 294.880 298.697
182   -95.892   -86.322  3.414  16 1 6 1 2 4 8 16 32 264.121 267.773
183    88.983   -53.387  3.071  22 1 6 1 2 4 8 16 32 425.358 429.002
184   -55.048   -32.538  3.193  11 1 6 1 2 4 8 16 32 805.931 809.834
185    27.850   -10.028  3.495  22 1 6 1 2 4 8 16 32 630.799 634.451
186    40.918   -36.090  3.143  10 1 6 1 2 4 8 16 32 242.215 245.822
187   -58.350    15.814  3.185  15 1 6 1 2 4 8 16 32 306.673 310.622
188   -52.161   -74.725  3.089  23 1 6 1 2 4 8 16 32 452.216 456.140
189   -66.772   -34.943  2.993   7 1 6 1 2 4 8 16 32 620.921 624.729
190   -33.374   -62.024  3.484   1 1 6 1 2 4 8 16 32 668.236 671.954
191    -8.649    31.708  2.975  21 1 6 1 2 4 8 16 32 361.657 365.507
192   -26.166   -56.152  3.480  11 1 6 1 2 4 8 16 32 523.060 526.915
193   -39.874   -53.375  3.517  -2 1 6 1 2 4 8 16 32 307.282 310.891
194    71.643   -36.981  3.035 -24 1 6 1 2 4 8 16 32 572.611 576.551
195   -96.924     8.411  3.422 -25 1 6 1 2 4 8 16 32 552.517 556.194
196    -2.911    36.200  3.244  17 1 6 1 2 4 8 16 32 173.685 177.349
197   -53.253    14.099  3.436 -10 1 6 1 2 4 8 16 32 637.093 641.019
198    67.316   -39.734  3.225  18 1 6 1 2 4 8 16 32 309.816 313.386
199    -6.525    11.975  3.294   2 1 6 1 2 4 8 16 32 289.267 293.074
200    16.425    33.221  3.268  12 1 6 1 2 4 8 16 32 444.985 448.715
201   -19.061   -56.921  3.367  -4 1 6 1 2 4 8 16 32 258.398 262.306
202    25.189   -21.045  3.517   1 1 6 1 2 4 8 16 32 547.727 551.646
203    37.854    -5.524  3.170   1 1 6 1 2 4 8 16 32 857.202 861.128
204   -16.479    48.657  3.002   6 1 6 1 2 4 8 16 32 248.232 251.984
205     2.344   -16.516  3.052  22 1 6 1 2 4 8 16 32 491.816 495.525
206   -48.621   -12.390  3.077  25 1 6 1 2 4 8 16 32 750.239 753.831
207   -42.621   -50.006  3.044  21 1 6 1 2 4 8 16 32 456.619 460.234
208    16.016    11.169  3.198  18 1 6 1 2 4 8 16 32 352.804 356.755
209   -80.408   -60.583  3.010  14 1 6 1 2 4 8 16 32 215.053 218.904
210   -95.068    44.293  3.022  21 1 6 1 2 4 8 16 32 555.438 559.272
211    -6.885    24.884  3.355   4 1 6 1 2 4 8 16 32 545.244 549.054
212    -4.803    21.674  2.994   1 1 6 1 2 4 8 16 32 635.484 639.305
213     7.037   -45.337  3.360  18 1 6 1 2 4 8 16 32 272.345 276.243
214    31.293   -39.905  3.336   4 1 6 1 2 4 8 16 32 160.028 163.922
215    14.984    26.172  3.294  -4 1 6 1 2 4 8 16 32 197.361 200.979
216    33.203   -52.289  3.101   5 1 6 1 2 4 8 16 32 632.331 635.940
217   -59.277    39.667  3.372  15 1 6 1 2 4 8 16 32 834.432 838.249
218    30.054   -36.823  3.374  -5 1 6 1 2 4 8 16 32 418.447 422.146
219     9.351   -39.044  3.257  22 1 6 1 2 4 8 16 32 364.954 368.709
220   -10.651    54.431  3.251  21 1 6 1 2 4 8 16 32 688.708 692.660
221    20.856   -26.465  3.456  17 1 6 1 2 4 8 16 32 75.949 79.778
222    19.617    17.865  3.178   8 1 6 1 2 4 8 16 32 114.658 118.376
223   -36.981   -92.950  3.382   4 1 6 1 2 4 8 16 32 133.497 137.363
224    -3.760    59.875  3.052   4 1 6 1 2 4 8 16 32 325.420 329.226
225    11.682   -63.336  3.305  16 1 6 1 2 4 8 16 32 494.403 497.977
226     4.468   -36.133  3.427   5 1 6 1 2 4 8 16 32 51.291 55.124
227    47.040   -41.254  3.267  15 1 6 1 2 4 8 16 32 741.739 745.477
228    29.938   -58.710  3.555 -25 1 6 1 2 4 8 16 32 146.581 150.334
229   -70.569    -7.037  3.457 -15 1 6 1 2 4 8 16 32 371.974 375.581
230    56.262     1.819  3.354  -7 1 6 1 2 4 8 16 32 695.111 699.002
231    46.210   -53.522  3.291  19 1 6 1 2 4 8 16 32 490.334 494.201
232     6.366   -14.264  3.526  11 1 6 1 2 4 8 16 32 702.080 705.953
233   -34.540   -39.502  3.124  13 1 6 1 2 4 8 16 32 494.000 497.750
234   -50.537    28.357  3.400  24 1 6 1 2 4 8 16 32 751.001 754.738
235   -61.444   -10.901  3.469   4 1 6 1 2 4 8 16 32 657.715 661.335
236   -30.823    17.902  3.210 -13 1 6 1 2 4 8 16 32 316.755 320.535
237    49.658    24.469  3.413   6 1 6 1 2 4 8 16 32 418.187 421.947
238   -69.775   -41.406  3.303   4 1 6 1 2 4 8 16 32 850.137 853.703
239   -18.939    57.690  3.454  12 1 6 1 2 4 8 16 32 854.456 858.032
240   -22.449    15.771  3.548   4 1 6 1 2 4 8 16 32 856.808 860.437
241    -7.599    37.030  3.191   4 1 6 1 2 4 8 16 32 870.906 874.711
242    27.435    17.554  3.273 -25 1 6 1 2 4 8 16 32 173.495 177.424
243    45.526    -5.127  3.186 -25 1 6 1 2 4 8 16 32 307.823 311.612
244   -33.551   -25.586  3.278  14 1 6 1 2 4 8 16 32 364.707 368.366
245    -4.645    53.754  3.490  25 1 6 1 2 4 8 16 32 332.813 336.539
246   -41.119   -13.361  3.147  13 1 6 1 2 4 8 16 32 321.212 324.835
247    23.010   -45.703  3.340  13 1 6 1 2 4 8 16 32 250.370 254.181
248    17.230     5.096  3.514  11 1 6 1 2 4 8 16 32 757.892 761.670
249    -6.818   -19.873  3.417 -24 1 6 1 2 4 8 16 32 782.720 786.317
250    52.966    51.410  3.086   5 1 6 1 2 4 8 16 32 646.765 650.602
251   -28.662   -50.940  3.313  12 1 6 1 2 4 8 16 32 632.072 635.996
252    69.684   -51.520  3.236   4 1 6 1 2 4 8 16 32 312.363 315.932
253    36.884   -17.371  3.309   5 1 6 1 2 4 8 16 32 92.158 95.781
254   -19.659    42.035  3.380  24 1 6 1 2 4 8 16 32 378.818 382.632
255    72.125    65.405  3.255  17 1 6 1 2 4 8 16 32 741.614 745.449
256   -71.368    59.863  3.521  -4 1 6 1 2 4 8 16 32 688.906 692.723
257    18.317   -37.750  3.105   1 1 6 1 2 4 8 16 32 593.467 597.207
258    18.121     0.482  3.025  19 1 6 1 2 4 8 16 32 217.792 221.464
259    -1.105   -30.676  3.134   7 1 6 1 2 4 8 16 32 516.480 520.284
260   -44.574   -44.055  2.996  24 1 6 1 2 4 8 16 32 286.356 290.232
261   -28.058   -59.436  3.201 -10 1 6 1 2 4 8 16 32 100.722 104.337
262    -7.953     4.639  3.514  13 1 6 1 2 4 8 16 32 450.677 454.450
263   -37.366   -28.528  3.390  24 1 6 1 2 4 8 16 32 201.275 204.857
264     4.388   -38.489  3.473   3 1 6 1 2 4 8 16 32 388.125 391.768
265   -44.592   -35.333  2.990  14 1 6 1 2 4 8 16 32 133.702 137.598
266   -56.714   -39.252  3.318   2 1 6 1 2 4 8 16 32 641.227 644.830
267    13.452   -32.159  3.089  24 1 6 1 2 4 8 16 32 639.928 643.865
268   -20.343   -11.182  3.051  11 1 6 1 2 4 8 16 32 407.430 411.042
269     3.436   -52.734  3.252   5 1 6 1 2 4 8 16 32 464.842 468.578
270    40.576   -54.492  3.406  14 1 6 1 2 4 8 16 32 841.586 845.227
271    31.952   -25.421  3.049  21 1 6 1 2 4 8 16 32 179.320 183.112
272   -57.434    38.525  3.479  14 1 6 1 2 4 8 16 32 692.233 695.809
273    47.510   -42.035  3.461  15 1 6 1 2 4 8 16 32 499.723 503.638
274   -28.143   -41.614  2.982   3 1 6 1 2 4 8 16 32 849.721 853.620
275    -2.258    -5.078  3.441  15 1 6 1 2 4 8 16 32 438.397 442.226
276   -27.167   -27.936  3.168 -15 1 6 1 2 4 8 16 32 232.361 236.051
277   -24.048   -47.192  3.438  21 1 6 1 2 4 8 16 32 99.715 103.484
278   -77.521   -55.084  3.519  17 1 6 1 2 4 8 16 32 131.520 135.207
279   -62.036   -43.439  3.190  18 1 6 1 2 4 8 16 32 715.969 719.869
280   -71.936   -20.160  3.529 -15 1 6 1 2 4 8 16 32 189.202 192.772
281   -66.504   -39.789  3.402  19 1 6 1 2 4 8 16 32 711.787 715.577
282    14.587    48.444  3.136   9 1 6 1 2 4 8 16 32 518.152 521.739
283    31.366   -29.462  3.332 -10 1 6 1 2 4 8 16 32 863.754 867.680
284     6.512   -46.124  2.991  13 1 6 1 2 4 8 16 32 588.267 592.007
285     9.650    39.508  3.042  25 1 6 1 2 4 8 16 32 722.006 725.595
286    16.040    16.681  2.998   1 1 6 1 2 4 8 16 32 472.321 476.234
287     7.745   -75.378  3.153 -11 1 6 1 2 4 8 16 32 159.763 163.477
288   -27.173    -4.462  3.046 -25 1 6 1 2 4 8 16 32 439.893 443.550
289   -40.198   -12.781 0.000   0 0 0 0.000 990.110
290   -40.488   -35.864 0.000   0 0 0 0.000 990.110
291    -1.193     2.515 0.000   0 0 0 0.000 990.110
292    18.329   -35.468 0.000   0 0 0 0.000 990.110
293    23.746    -0.522 0.000   0 0 0 0.000 990.110
294   -46.396   -39.923 0.000   0 0 0 0.000 990.110
