6 1 48 4
0 200
0 200
0 200
0 200
  1   -29.730    64.136  3.018  12 1 4 1 2 4 8 636.336 640.036
  2   -30.664     5.463  3.155   8 1 4 1 2 4 8 195.272 199.036
  3    51.642     5.469  3.254  16 1 4 1 2 4 8 203.957 207.639
  4   -13.171    69.336  3.297   5 1 4 1 2 4 8 139.090 142.646
  5   -67.413    68.323  3.197  12 1 4 1 2 4 8 272.590 276.137
  6    48.907     6.274  3.186   5 1 4 1 2 4 8 382.040 385.609
  7     5.243    22.260  3.000  13 1 4 1 2 4 8 436.322 440.005
  8   -65.002    77.234  3.311  20 1 4 1 2 4 8 439.066 442.515
  9    -4.175    -1.569  3.434  13 1 4 1 2 4 8 413.086 416.909
 10    23.029    11.639  3.266  18 1 4 1 2 4 8 388.413 392.154
 11    25.482     6.287  2.906   7 1 4 1 2 4 8 567.314 571.122
 12   -42.615   -26.392  3.179   6 1 4 1 2 4 8 358.459 362.252
 13   -76.672    99.341  3.085   9 1 4 1 2 4 8 145.846 149.573
 14   -20.673    57.892  3.194   9 1 4 1 2 4 8 582.077 585.856
 15   -52.039     6.567  3.030   4 1 4 1 2 4 8 247.230 250.835
 16   -41.376    50.824  3.277  25 1 4 1 2 4 8 415.406 418.993
 17   -91.943    27.588  3.401   5 1 4 1 2 4 8 721.119 724.653
 18   -65.118    30.212  3.304  17 1 4 1 2 4 8 851.880 855.431
 19    18.597    96.716  3.302   3 1 4 1 2 4 8 301.512 305.115
 20   -40.942    83.209  2.989  16 1 4 1 2 4 8 738.150 741.659
 21   -37.756   -33.325  3.330  25 1 4 1 2 4 8 367.687 371.391
 22    23.767    29.083  2.882  21 1 4 1 2 4 8 71.957 75.535
 23   -43.030    20.453  2.881  14 1 4 1 2 4 8 342.475 346.018
 24   -35.297   -24.896  3.365  19 1 4 1 2 4 8 861.728 865.240
 25   -54.755    14.368  2.919  14 1 4 1 2 4 8 532.963 536.680
 26   -49.329    33.374  3.342   6 1 4 1 2 4 8 856.660 860.169
 27    57.404    23.822  3.426  16 1 4 1 2 4 8 672.040 675.745
 28   -22.754    55.408  2.880   9 1 4 1 2 4 8 519.106 522.760
 29   -56.622    73.340  3.284  20 1 4 1 2 4 8 243.228 246.781
 30   -38.562    -3.705  3.016  13 1 4 1 2 4 8 387.486 391.299
 31   -16.779    19.537  3.157  10 1 4 1 2 4 8 582.561 586.180
 32   -11.560    11.615  3.364  16 1 4 1 2 4 8 617.502 620.980
 33   -46.545    97.974  3.062  19 1 4 1 2 4 8 689.005 692.477
 34    16.229     9.320  3.099  22 1 4 1 2 4 8 840.903 844.697
 35     1.294     7.349  3.295  14 1 4 1 2 4 8 240.849 244.435
 36   -26.404    29.529  2.945  10 1 4 1 2 4 8 758.162 761.824
 37     4.352    14.685  3.379  11 1 4 1 2 4 8 338.375 342.112
 38   -50.665   -23.126  3.423  15 1 4 1 2 4 8 635.757 639.505
 39   -22.833    -9.814  2.961  13 1 4 1 2 4 8 644.544 648.047
 40   -71.100   -18.616  3.106  15 1 4 1 2 4 8 721.068 724.613
 41    -7.849    32.074  2.989   8 1 4 1 2 4 8 215.697 219.183
 42    11.877   -24.933  3.043  22 1 4 1 2 4 8 857.031 860.818
 43   -18.927   -23.730  3.079  24 1 4 1 2 4 8 477.047 480.711
 44   -11.920    11.755  2.986   3 1 4 1 2 4 8 92.818 96.367
 45    29.840    11.633  3.271  25 1 4 1 2 4 8 671.843 675.511
 46    12.268   -55.811  3.327  19 1 4 1 2 4 8 725.964 729.478
 47   -37.933   -21.613  2.938  21 1 4 1 2 4 8 253.551 257.237
 48    42.883    -2.966  3.039  10 1 4 1 2 4 8 446.247 449.768
 49     4.163    13.559 0.000   0 0 0 0.000 956.420
 50    21.387    17.105 0.000   0 0 0 0.000 956.420
 51   -36.118    49.097 0.000   0 0 0 0.000 956.420
 52   -31.201     0.235 0.000   0 0 0 0.000 956.420
