6 2 96 4
0 195
0 195
0 195
0 195
  1    33.588    30.750  2.777   4 1 4 1 2 4 8 463.683 466.946
  2    48.828    65.314  2.677  12 1 4 1 2 4 8 138.916 142.286
  3    86.176    59.344  2.808   3 1 4 1 2 4 8 268.005 271.383
  4    39.270   -33.057  3.125  15 1 4 1 2 4 8 239.562 242.883
  5   -23.370    86.853  2.641  13 1 4 1 2 4 8 331.015 334.454
  6    48.132    95.593  3.116  20 1 4 1 2 4 8 188.369 191.532
  7   -16.357    93.311  2.776  21 1 4 1 2 4 8 278.915 282.182
  8   -57.703   -65.601  3.116   4 1 4 1 2 4 8 226.438 229.688
  9     7.147    32.684  2.654  25 1 4 1 2 4 8 808.382 811.640
 10    42.950    68.701  2.701  21 1 4 1 2 4 8 532.098 535.522
 11    37.085    -2.112  3.091   7 1 4 1 2 4 8 444.462 447.932
 12    77.759    55.817  2.819   3 1 4 1 2 4 8 433.573 436.932
 13   -17.462   -56.567  2.997   9 1 4 1 2 4 8 479.771 482.946
 14    58.575    59.888  2.785   5 1 4 1 2 4 8 625.996 629.387
 15    57.776    15.344  3.139  20 1 4 1 2 4 8 661.153 664.460
 16   -22.327    36.072  2.876  21 1 4 1 2 4 8 490.517 493.785
 17    -7.080    30.493  3.003  19 1 4 1 2 4 8 486.376 489.687
 18    55.658    60.425  3.053   2 1 4 1 2 4 8 205.808 208.984
 19   -14.307    11.456  2.985  16 1 4 1 2 4 8 713.718 717.009
 20   -29.724    24.268  2.984  18 1 4 1 2 4 8 410.916 414.326
 21    43.219     0.739  2.663  24 1 4 1 2 4 8 420.760 424.172
 22    45.184    35.474  3.131  24 1 4 1 2 4 8 60.724 63.894
 23    64.484     2.240  2.972   8 1 4 1 2 4 8 336.373 339.594
 24    55.078    72.241  2.866  16 1 4 1 2 4 8 113.043 116.245
 25    16.925    15.741  2.694  19 1 4 1 2 4 8 803.532 806.929
 26    45.038    -3.723  2.747  12 1 4 1 2 4 8 489.700 493.166
 27   -76.782     5.939  2.852   9 1 4 1 2 4 8 194.679 198.010
 28    36.169     0.256  2.823   3 1 4 1 2 4 8 589.131 592.295
 29    29.218     8.936  2.768  15 1 4 1 2 4 8 135.959 139.180
 30    65.057     5.225  3.154   4 1 4 1 2 4 8 429.003 432.219
 31    42.175   -22.284  2.693  24 1 4 1 2 4 8 506.658 509.838
 32    25.574    31.726  2.757  22 1 4 1 2 4 8 529.422 532.659
 33    31.561    37.262  2.758  14 1 4 1 2 4 8 218.697 222.132
 34    66.498   -54.169  3.070  11 1 4 1 2 4 8 256.177 259.447
 35    46.576   -17.938  3.154  20 1 4 1 2 4 8 588.858 592.186
 36    65.063    40.875  2.960   5 1 4 1 2 4 8 138.525 142.030
 37    -2.716    24.768  2.774  11 1 4 1 2 4 8 479.637 482.917
 38   -40.002     3.870  2.658  12 1 4 1 2 4 8 611.776 615.134
 39   -73.505    57.043  2.894   7 1 4 1 2 4 8 505.015 508.311
 40    81.146   -25.714  3.068   1 1 4 1 2 4 8 182.844 186.334
 41    12.006    -7.965  3.040  23 1 4 1 2 4 8 620.401 623.668
 42    42.761    38.092  3.157  13 1 4 1 2 4 8 356.446 359.757
 43     3.857   -23.181  3.054   4 1 4 1 2 4 8 115.305 118.661
 44    -7.367    24.390  3.021  23 1 4 1 2 4 8 782.345 785.676
 45    35.944   -11.835  2.709  17 1 4 1 2 4 8 243.242 246.404
 46    52.075     9.692  2.996  13 1 4 1 2 4 8 380.084 383.420
 47    30.725    30.701  2.848   9 1 4 1 2 4 8 480.904 484.181
 48    41.223    77.924  2.859  10 1 4 1 2 4 8 682.142 685.547
 49    68.884   -40.546  2.664  22 1 4 1 2 4 8 468.775 472.052
 50    76.312    86.670  2.726  21 1 4 1 2 4 8 165.293 168.665
 51    63.934    78.540  2.887  13 1 4 1 2 4 8 415.377 418.816
 52    29.150    -9.961  2.765  25 1 4 1 2 4 8 382.706 386.023
 53    85.522    39.954  2.983   8 1 4 1 2 4 8 618.558 621.751
 54    31.775     3.870  2.929  20 1 4 1 2 4 8 690.494 693.810
 55   -20.544    19.086  2.846   3 1 4 1 2 4 8 296.224 299.500
 56    55.353    43.817  3.068   4 1 4 1 2 4 8 594.975 598.460
 57    35.406    10.278  3.145  13 1 4 1 2 4 8 252.583 255.849
 58    25.464    -0.287  2.689  18 1 4 1 2 4 8 111.856 115.177
 59    12.396     0.244  2.894   1 1 4 1 2 4 8 430.166 433.531
 60    18.359    20.917  2.698  10 1 4 1 2 4 8 259.195 262.580
 61    27.960   -15.039  2.890  16 1 4 1 2 4 8 690.223 693.607
 62    -3.192    19.879  2.735   9 1 4 1 2 4 8 72.978 76.324
 63     9.332   -41.351  2.737  13 1 4 1 2 4 8 639.153 642.635
 64   -20.581    38.177  2.918  23 1 4 1 2 4 8 630.846 634.061
 65    27.820    28.729  3.035  14 1 4 1 2 4 8 374.995 378.466
 66    59.027    42.310  2.916   5 1 4 1 2 4 8 141.771 145.261
 67    56.311    58.734  3.054   1 1 4 1 2 4 8 537.633 540.967
 68   -51.654    -0.342  3.146   6 1 4 1 2 4 8 282.592 286.077
 69     2.576    32.721  2.949  20 1 4 1 2 4 8 212.383 215.870
 70    15.131    -3.046  3.050  10 1 4 1 2 4 8 709.454 712.892
 71    66.595    34.937  3.138  19 1 4 1 2 4 8 520.083 523.258
 72    19.476    20.142  2.898  24 1 4 1 2 4 8 205.170 208.633
 73    -1.172    20.648  2.990   3 1 4 1 2 4 8 690.742 694.015
 74   -21.204    13.660  2.934   5 1 4 1 2 4 8 608.170 611.542
 75    98.846     1.257  2.724  13 1 4 1 2 4 8 579.774 583.278
 76    82.593    72.003  2.654   5 1 4 1 2 4 8 628.342 631.648
 77    30.017   -30.896  3.102   4 1 4 1 2 4 8 511.520 514.991
 78    33.228    41.663  2.770  12 1 4 1 2 4 8 345.603 349.098
 79    39.490    -8.539  3.131  11 1 4 1 2 4 8 202.700 206.179
 80    54.498    70.813  2.640  20 1 4 1 2 4 8 312.302 315.620
 81     3.058    10.248  3.075  13 1 4 1 2 4 8 223.891 227.278
 82    51.831   -16.870  3.096   1 1 4 1 2 4 8 234.643 237.953
 83    76.416    11.346  2.707   3 1 4 1 2 4 8 173.102 176.582
 84     5.243     0.238  2.971   2 1 4 1 2 4 8 724.063 727.447
 85    50.592    34.247  3.055  23 1 4 1 2 4 8 254.914 258.221
 86    -5.231    -2.081  2.964   8 1 4 1 2 4 8 249.022 252.507
 87    24.194    25.836  2.856  25 1 4 1 2 4 8 475.550 478.981
 88    33.630    37.585  2.636  18 1 4 1 2 4 8 67.363 70.852
 89    31.445    -7.001  2.969   4 1 4 1 2 4 8 330.265 333.587
 90    30.707   -28.168  2.996   5 1 4 1 2 4 8 172.926 176.257
 91    49.860     1.038  2.690  21 1 4 1 2 4 8 597.239 600.547
 92   -35.767    14.142  3.134  23 1 4 1 2 4 8 310.467 313.667
 93   -29.309     4.889  3.055  19 1 4 1 2 4 8 398.999 402.386
 94    19.049    41.974  2.711   2 1 4 1 2 4 8 578.719 582.048
 95    27.600    13.934  2.916  21 1 4 1 2 4 8 195.106 198.267
 96    52.832    50.684  2.972  10 1 4 1 2 4 8 768.581 771.874
 97     6.229    10.590 0.000   0 0 0 0.000 878.140
 98    32.663    44.730 0.000   0 0 0 0.000 878.140
 99    48.807    48.792 0.000   0 0 0 0.000 878.140
100    33.179    -4.968 0.000   0 0 0 0.000 878.140
