6 3 144 4
0 190
0 190
0 190
0 190
  1   -55.280   -24.371  3.170   9 1 4 1 2 4 8 454.725 458.258
  2   -48.297    53.314  3.296  22 1 4 1 2 4 8 134.413 138.151
  3   -49.072   -38.489  3.211  10 1 4 1 2 4 8 830.427 833.834
  4    25.311   -18.561  3.309  24 1 4 1 2 4 8 623.104 626.623
  5   -24.469    -3.815  3.155  25 1 4 1 2 4 8 486.479 490.022
  6    24.591   -17.896  3.265   6 1 4 1 2 4 8 116.694 120.373
  7   -10.419    60.364  2.951  22 1 4 1 2 4 8 203.269 206.936
  8    38.177   -35.175  3.036   1 1 4 1 2 4 8 805.626 809.130
  9   -68.280    93.073  3.178  19 1 4 1 2 4 8 756.470 759.890
 10   -30.792   -57.336  3.336  19 1 4 1 2 4 8 547.606 551.035
 11   -37.061   -12.122  2.822   5 1 4 1 2 4 8 129.356 132.779
 12   -15.741   -47.638  3.270   9 1 4 1 2 4 8 585.434 588.829
 13   -63.379   -22.919  2.977   8 1 4 1 2 4 8 410.131 413.700
 14   -43.109   -43.439  2.968  14 1 4 1 2 4 8 109.517 113.033
 15   -25.623    13.599  2.914   4 1 4 1 2 4 8 702.401 706.144
 16    -2.625    16.632  2.975   7 1 4 1 2 4 8 795.343 798.766
 17   -41.577   -28.497  3.204  10 1 4 1 2 4 8 575.245 578.623
 18     2.081    12.885  3.263  22 1 4 1 2 4 8 583.479 586.936
 19     3.925   -47.845  3.136  17 1 4 1 2 4 8 300.583 304.143
 20   -83.295    26.324  3.138  10 1 4 1 2 4 8 524.305 528.022
 21    -6.458    26.355  3.082   8 1 4 1 2 4 8 567.005 570.462
 22     3.290     6.732  2.968  14 1 4 1 2 4 8 589.929 593.319
 23   -34.869    30.426  3.180  12 1 4 1 2 4 8 390.812 394.296
 24    15.546   -36.273  3.176  17 1 4 1 2 4 8 155.018 158.496
 25    12.842     5.127  3.149  19 1 4 1 2 4 8 367.619 371.103
 26   -48.450   -24.426  3.018  25 1 4 1 2 4 8 90.766 94.431
 27   -88.538   -10.461  3.059  25 1 4 1 2 4 8 330.444 334.015
 28   -29.773     0.995  3.226   6 1 4 1 2 4 8 353.739 357.460
 29     9.827    38.416  2.843  21 1 4 1 2 4 8 525.365 528.948
 30     1.410    92.938  3.217   3 1 4 1 2 4 8 314.592 318.058
 31   -79.303    15.381  2.907  19 1 4 1 2 4 8 507.724 511.186
 32   -30.652    40.063  3.203  16 1 4 1 2 4 8 410.312 414.017
 33    18.927    21.637  3.320  21 1 4 1 2 4 8 724.870 728.620
 34    45.087   -59.906  3.103  17 1 4 1 2 4 8 574.183 577.755
 35   -34.949    -3.815  3.027  19 1 4 1 2 4 8 499.961 503.679
 36    81.201   -74.744  3.269   6 1 4 1 2 4 8 630.012 633.473
 37    15.594   -28.455  3.219  10 1 4 1 2 4 8 648.444 651.966
 38   -72.192    29.547  3.340  22 1 4 1 2 4 8 187.721 191.328
 39   -42.914   -22.675  3.097  17 1 4 1 2 4 8 635.312 638.736
 40   -76.392   -57.489  3.350  16 1 4 1 2 4 8 680.166 683.765
 41   -28.540    12.073  3.228   5 1 4 1 2 4 8 375.110 378.851
 42   -61.389    26.526  3.073   1 1 4 1 2 4 8 333.022 336.751
 43    -8.472    12.616  2.902  21 1 4 1 2 4 8 656.032 659.436
 44   -61.475    33.392  3.045  20 1 4 1 2 4 8 181.596 185.181
 45   -34.674   -27.588  3.113   6 1 4 1 2 4 8 773.918 777.374
 46    10.315   -12.518  3.134   1 1 4 1 2 4 8 641.039 644.587
 47   -83.014    77.002  3.075  11 1 4 1 2 4 8 221.641 225.061
 48   -40.417    49.988  3.099  22 1 4 1 2 4 8 573.287 576.665
 49    83.832    33.905  2.846  25 1 4 1 2 4 8 417.402 420.806
 50   -20.563   -75.830  2.862  18 1 4 1 2 4 8 644.658 648.343
 51    15.442   -18.719  2.826   9 1 4 1 2 4 8 302.390 305.957
 52   -59.937   -65.802  3.096  23 1 4 1 2 4 8 505.950 509.405
 53     5.151    47.815  3.157  17 1 4 1 2 4 8 616.603 620.003
 54    46.008    14.990  3.065   4 1 4 1 2 4 8 675.321 678.974
 55    82.977    -1.660  3.354   1 1 4 1 2 4 8 774.750 778.140
 56    39.893   -38.916  3.234  14 1 4 1 2 4 8 795.781 799.514
 57    90.839   -83.539  3.340  11 1 4 1 2 4 8 403.598 407.097
 58     7.068     0.067  2.872   7 1 4 1 2 4 8 139.242 142.929
 59    18.958    40.088  2.905  21 1 4 1 2 4 8 104.272 107.892
 60   -80.487    58.209  3.316   3 1 4 1 2 4 8 600.268 603.783
 61    64.459   -62.946  3.137  18 1 4 1 2 4 8 460.325 463.845
 62   -43.616   -26.117  3.202   5 1 4 1 2 4 8 497.361 500.954
 63   -18.408    10.303  2.924   6 1 4 1 2 4 8 223.556 227.161
 64   -43.921    63.251  2.832  22 1 4 1 2 4 8 581.697 585.133
 65    11.353    26.221  3.296  13 1 4 1 2 4 8 600.053 603.441
 66    -6.995    38.239  2.831  17 1 4 1 2 4 8 88.295 91.825
 67    74.084   -34.216  3.077   5 1 4 1 2 4 8 197.678 201.221
 68    14.301    -0.800  2.947   7 1 4 1 2 4 8 799.616 803.207
 69   -94.141   -48.779  3.374   1 1 4 1 2 4 8 220.418 223.812
 70    15.332   -42.169  3.025   3 1 4 1 2 4 8 638.805 642.317
 71   -46.637   -16.461  3.008  10 1 4 1 2 4 8 139.283 142.989
 72    -0.958   -81.000  3.099   5 1 4 1 2 4 8 799.201 802.662
 73   -37.445   -42.505  2.963   1 1 4 1 2 4 8 315.413 319.119
 74    -3.680   -69.073  2.821  17 1 4 1 2 4 8 621.883 625.576
 75    34.894   -20.898  3.327  14 1 4 1 2 4 8 409.130 412.751
 76    45.544    51.410  2.961   4 1 4 1 2 4 8 672.708 676.161
 77   -31.927    88.239  3.257  10 1 4 1 2 4 8 255.018 258.694
 78   -13.580   -26.959  3.068  25 1 4 1 2 4 8 88.880 92.467
 79    12.653   -48.340  3.019  11 1 4 1 2 4 8 821.396 824.989
 80   -46.179   -38.269  2.983  16 1 4 1 2 4 8 192.562 196.007
 81   -29.620    35.083  3.027  25 1 4 1 2 4 8 166.059 169.649
 82    13.696    43.988  2.828  20 1 4 1 2 4 8 488.840 492.247
 83    38.342   -46.338  3.265   3 1 4 1 2 4 8 256.527 259.978
 84   -26.227    24.506  3.213   7 1 4 1 2 4 8 747.600 751.156
 85    90.009   -43.640  3.333   2 1 4 1 2 4 8 751.210 754.853
 86    -6.995    22.522  3.044   6 1 4 1 2 4 8 144.027 147.524
 87   -29.993   -28.851  3.188  14 1 4 1 2 4 8 725.527 729.025
 88   -56.268   -64.740  3.195  14 1 4 1 2 4 8 205.250 208.638
 89   -87.415    90.796  3.004   2 1 4 1 2 4 8 512.882 516.423
 90    -5.762    54.034  2.909  15 1 4 1 2 4 8 208.506 212.256
 91   -34.845   -27.185  2.943  22 1 4 1 2 4 8 131.588 135.267
 92   -16.479    16.180  3.000   4 1 4 1 2 4 8 342.481 346.147
 93    23.712    29.492  2.869  22 1 4 1 2 4 8 224.352 227.940
 94   -40.991    46.594  3.129  19 1 4 1 2 4 8 386.782 390.265
 95   -53.516   -21.619  3.209   5 1 4 1 2 4 8 184.104 187.653
 96   -17.560    37.494  2.939  10 1 4 1 2 4 8 572.609 576.001
 97   -37.311    56.836  3.245   4 1 4 1 2 4 8 220.856 224.415
 98    71.515    22.510  3.018   7 1 4 1 2 4 8 496.046 499.747
 99   -41.864    27.710  2.831  11 1 4 1 2 4 8 539.136 542.614
100    14.819   -82.117  2.912  14 1 4 1 2 4 8 498.580 502.117
101    30.316   -55.322  3.166   2 1 4 1 2 4 8 125.106 128.743
102   -39.172    47.998  2.958  12 1 4 1 2 4 8 735.588 739.006
103   -94.415    15.192  2.990  12 1 4 1 2 4 8 776.935 780.604
104    -7.806    11.273  3.304  24 1 4 1 2 4 8 311.010 314.688
105    28.571   -49.908  3.062   8 1 4 1 2 4 8 790.827 794.395
106   -20.654    24.554  3.052   4 1 4 1 2 4 8 826.162 829.638
107   -30.963   -18.903  2.820  25 1 4 1 2 4 8 421.850 425.248
108     1.721   -20.447  3.231   6 1 4 1 2 4 8 308.165 311.849
109   -31.012   -21.106  2.849   9 1 4 1 2 4 8 458.676 462.229
110   -85.718   -28.015  3.209  23 1 4 1 2 4 8 306.332 309.718
111    58.826   -63.043  2.989  15 1 4 1 2 4 8 741.060 744.653
112   -15.753   -52.686  2.938   7 1 4 1 2 4 8 539.315 542.934
113   -71.661    51.184  3.041   6 1 4 1 2 4 8 702.757 706.355
114   -92.633    -6.598  3.181   5 1 4 1 2 4 8 732.440 735.974
115    33.508   -49.255  3.322  12 1 4 1 2 4 8 443.245 446.729
116    59.314    54.095  3.365   3 1 4 1 2 4 8 215.476 219.000
117    30.737   -28.436  2.849  22 1 4 1 2 4 8 295.950 299.649
118   -55.896    18.457  3.020  18 1 4 1 2 4 8 648.848 652.405
119   -89.960   -39.532  3.202  16 1 4 1 2 4 8 184.805 188.515
120    36.438    20.819  3.170   5 1 4 1 2 4 8 719.388 723.028
121   -53.674   -56.427  3.287   1 1 4 1 2 4 8 444.768 448.430
122   -31.866    32.538  3.167   8 1 4 1 2 4 8 567.196 570.865
123     5.658    12.756  3.087  20 1 4 1 2 4 8 520.309 524.048
124   -52.905    42.804  2.843  17 1 4 1 2 4 8 483.148 486.656
125    47.131   -45.465  3.111  11 1 4 1 2 4 8 738.403 741.864
126    30.792     9.869  3.240   8 1 4 1 2 4 8 770.895 774.403
127   -45.209   -56.293  3.215  15 1 4 1 2 4 8 623.598 627.053
128    10.919    13.306  3.066  16 1 4 1 2 4 8 301.904 305.296
129   -32.990   -34.003  2.867   6 1 4 1 2 4 8 195.572 199.149
130   -40.869    30.579  3.324  24 1 4 1 2 4 8 526.499 529.939
131   -69.348    80.408  2.984  10 1 4 1 2 4 8 450.550 454.136
132   -58.966   -29.541  3.061   4 1 4 1 2 4 8 757.648 761.241
133   -36.847   -33.710  3.048  10 1 4 1 2 4 8 221.555 225.297
134   -21.820    65.369  3.307  17 1 4 1 2 4 8 680.652 684.273
135    22.980   -41.010  3.151   5 1 4 1 2 4 8 323.176 326.721
136   -77.557    59.814  3.306  14 1 4 1 2 4 8 659.256 662.946
137   -47.205    67.725  2.917  16 1 4 1 2 4 8 601.628 605.336
138   -21.606    35.168  3.169  11 1 4 1 2 4 8 459.235 462.944
139   -55.676   -31.384  3.067  25 1 4 1 2 4 8 606.218 609.797
140   -85.229    88.788  3.147   4 1 4 1 2 4 8 351.203 354.682
141    -3.918   -63.525  3.212  12 1 4 1 2 4 8 192.250 195.640
142   -58.557    59.375  2.849  19 1 4 1 2 4 8 227.908 231.369
143   -24.542    14.935  2.816   6 1 4 1 2 4 8 486.800 490.178
144   -48.779    16.968  3.024  23 1 4 1 2 4 8 268.179 271.903
145   -40.082   -24.780 0.000   0 0 0 0.000 937.440
146    24.292   -27.704 0.000   0 0 0 0.000 937.440
147   -45.877    41.092 0.000   0 0 0 0.000 937.440
148   -11.896    15.875 0.000   0 0 0 0.000 937.440
