6 4 192 4
0 185
0 185
0 185
0 185
  1   -44.629   -55.640  3.055  11 1 4 1 2 4 8 372.940 376.414
  2    36.096    64.935  3.166  11 1 4 1 2 4 8 291.578 295.287
  3   -25.470    44.580  2.931  23 1 4 1 2 4 8 864.884 868.407
  4   -33.954   -73.059  3.410  16 1 4 1 2 4 8 612.824 616.464
  5    45.654    35.730  3.282  16 1 4 1 2 4 8 392.074 395.598
  6    14.954   -36.719  3.164   2 1 4 1 2 4 8 211.181 214.877
  7    -1.477    47.205  3.216   1 1 4 1 2 4 8 788.877 792.701
  8     2.155   -40.912  3.063  25 1 4 1 2 4 8 359.882 363.426
  9    22.992     1.398  3.353  24 1 4 1 2 4 8 362.860 366.527
 10   -28.857     5.957  3.300  14 1 4 1 2 4 8 167.589 171.389
 11   -48.120    94.116  3.064   6 1 4 1 2 4 8 657.823 661.512
 12     7.239    17.322  3.354  20 1 4 1 2 4 8 56.551 60.326
 13     4.614    27.051  3.023  10 1 4 1 2 4 8 183.340 187.059
 14   -13.971    28.198  3.105  11 1 4 1 2 4 8 271.046 274.553
 15    12.946   -11.688  3.323   2 1 4 1 2 4 8 111.175 114.899
 16   -36.670    23.102  3.223  22 1 4 1 2 4 8 340.455 344.305
 17    -4.224   -49.310  3.393   2 1 4 1 2 4 8 534.544 538.157
 18     1.093    -7.135  2.949  12 1 4 1 2 4 8 178.238 181.965
 19   -56.958    27.905  3.309   9 1 4 1 2 4 8 746.749 750.292
 20   -80.994   -77.686  3.450  21 1 4 1 2 4 8 575.053 578.590
 21    72.260    59.027  3.325  10 1 4 1 2 4 8 228.564 232.149
 22   -21.655     1.636  3.085  13 1 4 1 2 4 8 443.130 446.709
 23   -20.154   -62.415  2.994  25 1 4 1 2 4 8 543.521 547.140
 24   -48.157     6.287  3.386   9 1 4 1 2 4 8 804.234 808.041
 25    -5.078    61.597  3.350  19 1 4 1 2 4 8 469.956 473.538
 26    17.145   -47.046  2.916  22 1 4 1 2 4 8 470.824 474.646
 27   -16.064     8.557  3.062   4 1 4 1 2 4 8 569.658 573.345
 28     6.683   -27.069  3.123   4 1 4 1 2 4 8 112.185 115.795
 29    15.027   -34.979  3.341   7 1 4 1 2 4 8 155.805 159.600
 30    37.946    73.914  3.410  20 1 4 1 2 4 8 631.821 635.434
 31   -41.199   -43.018  3.188  17 1 4 1 2 4 8 301.336 305.096
 32    32.538    11.786  3.080  19 1 4 1 2 4 8 683.971 687.587
 33   -20.306   -20.239  3.327  12 1 4 1 2 4 8 325.077 328.775
 34   -35.480    19.135  3.299   2 1 4 1 2 4 8 157.006 160.595
 35    58.038    56.659  3.335  13 1 4 1 2 4 8 635.379 639.014
 36   -36.694    -6.256  3.058  24 1 4 1 2 4 8 399.141 402.749
 37     0.446   -46.735  3.290  22 1 4 1 2 4 8 794.560 798.077
 38   -19.690    38.977  2.917  17 1 4 1 2 4 8 833.344 837.179
 39   -47.339    20.911  3.186  19 1 4 1 2 4 8 445.994 449.556
 40   -79.236   -57.678  3.181   4 1 4 1 2 4 8 613.853 617.326
 41     5.597   -34.076  2.960  12 1 4 1 2 4 8 776.503 780.137
 42    34.454    -8.289  3.403  22 1 4 1 2 4 8 149.287 153.079
 43    18.500   -51.154  3.023   2 1 4 1 2 4 8 703.785 707.474
 44    -4.346   -44.525  2.911  19 1 4 1 2 4 8 245.422 249.056
 45   -14.148   -74.164  3.335   3 1 4 1 2 4 8 528.417 532.175
 46    19.867    77.515  3.376   5 1 4 1 2 4 8 125.079 128.872
 47   -50.079    17.871  3.379  22 1 4 1 2 4 8 449.645 453.352
 48    42.786   -79.883  2.913   6 1 4 1 2 4 8 379.174 382.648
 49     1.520   -29.034  3.186   9 1 4 1 2 4 8 103.052 106.881
 50    14.728    -3.436  3.032   8 1 4 1 2 4 8 782.543 786.104
 51   -26.166   -48.999  3.196  24 1 4 1 2 4 8 486.075 489.684
 52   -63.873    -5.273  3.303  15 1 4 1 2 4 8 668.541 672.201
 53   -54.138     7.086  3.027  16 1 4 1 2 4 8 329.823 333.470
 54    17.932   -34.094  3.182   9 1 4 1 2 4 8 96.824 100.396
 55   -98.706    34.552  3.099   1 1 4 1 2 4 8 661.730 665.524
 56    28.802    -8.582  3.397  18 1 4 1 2 4 8 875.795 879.313
 57     2.716    90.594  3.157  17 1 4 1 2 4 8 170.454 174.281
 58   -31.024    48.938  3.082  18 1 4 1 2 4 8 769.307 772.942
 59   -46.545    42.316  3.439   2 1 4 1 2 4 8 144.945 148.767
 60    27.289    58.179  3.449  25 1 4 1 2 4 8 750.335 753.832
 61    28.815   -28.027  2.953  21 1 4 1 2 4 8 578.146 581.920
 62   -26.099    11.328  3.285  19 1 4 1 2 4 8 491.132 494.716
 63     0.537   -26.221  3.306  10 1 4 1 2 4 8 119.541 123.085
 64   -50.458     7.812  3.365   2 1 4 1 2 4 8 332.378 336.106
 65    30.005    19.092  3.033  21 1 4 1 2 4 8 885.274 888.816
 66   -12.604    22.058  2.982  20 1 4 1 2 4 8 580.839 584.636
 67    22.009    -8.636  3.386  21 1 4 1 2 4 8 107.153 110.668
 68     8.942     2.875  3.315   2 1 4 1 2 4 8 368.476 372.066
 69   -19.812     0.922  3.319   6 1 4 1 2 4 8 584.919 588.536
 70    -4.230    31.250  3.380   2 1 4 1 2 4 8 510.023 513.609
 71    17.975    -0.409  3.186  12 1 4 1 2 4 8 823.754 827.442
 72    -2.350    42.938  3.369  12 1 4 1 2 4 8 449.845 453.588
 73   -16.516    68.085  3.443   5 1 4 1 2 4 8 844.528 848.335
 74    -1.190    42.023  3.161   5 1 4 1 2 4 8 273.283 277.088
 75    56.635   -44.019  3.380   8 1 4 1 2 4 8 665.546 669.192
 76    57.483    35.504  3.382  15 1 4 1 2 4 8 756.752 760.602
 77   -26.099     7.477  3.460   8 1 4 1 2 4 8 528.466 532.054
 78     7.489   -57.239  3.256   7 1 4 1 2 4 8 172.008 175.702
 79   -22.095    55.780  3.019  14 1 4 1 2 4 8 622.181 625.772
 80    19.867    38.824  3.332  18 1 4 1 2 4 8 818.978 822.666
 81     5.310    49.219  3.377  17 1 4 1 2 4 8 137.336 140.869
 82    15.155     6.299  3.386   5 1 4 1 2 4 8 634.476 638.243
 83     5.481   -31.500  3.232   6 1 4 1 2 4 8 216.782 220.607
 84     7.959   -28.662  3.344   9 1 4 1 2 4 8 681.760 685.564
 85   -75.812     4.010  3.435  24 1 4 1 2 4 8 135.069 138.771
 86   -43.671   -61.646  3.004  13 1 4 1 2 4 8 758.163 761.910
 87    -2.576   -62.140  2.932   5 1 4 1 2 4 8 158.292 162.122
 88   -18.842   -36.884  3.118   4 1 4 1 2 4 8 337.797 341.579
 89    20.844    21.167  3.190  22 1 4 1 2 4 8 411.259 415.086
 90     3.137   -19.220  3.143  24 1 4 1 2 4 8 245.984 249.691
 91   -20.361    18.878  3.461  25 1 4 1 2 4 8 795.180 798.914
 92    -0.897   -54.938  3.307   9 1 4 1 2 4 8 584.063 587.869
 93   -29.553     9.277  3.467   8 1 4 1 2 4 8 85.591 89.137
 94     5.048   -35.046  3.210   8 1 4 1 2 4 8 124.096 127.779
 95    27.759    48.712  2.961  25 1 4 1 2 4 8 268.117 271.932
 96    12.079   -42.346  3.155   7 1 4 1 2 4 8 707.923 711.576
 97   -51.270    41.144  3.006  24 1 4 1 2 4 8 509.699 513.458
 98   -29.077     4.291  3.387  16 1 4 1 2 4 8 536.725 540.336
 99   -18.555   -14.819  3.435  15 1 4 1 2 4 8 435.354 439.045
100     7.855   -49.451  3.352   7 1 4 1 2 4 8 548.093 551.705
101   -19.116   -32.086  2.968  17 1 4 1 2 4 8 755.928 759.506
102    17.651   -52.271  3.423   9 1 4 1 2 4 8 148.286 152.075
103    16.907   -62.964  3.089  14 1 4 1 2 4 8 697.385 701.008
104    18.988     6.219  3.118  20 1 4 1 2 4 8 819.976 823.567
105   -68.878   -64.539  3.344   6 1 4 1 2 4 8 630.161 633.900
106   -13.361    20.264  2.920  17 1 4 1 2 4 8 703.060 706.718
107   -44.440    63.721  3.051  23 1 4 1 2 4 8 553.554 557.055
108    -6.500    71.436  2.907  14 1 4 1 2 4 8 339.896 343.666
109   -51.978    25.409  3.218  19 1 4 1 2 4 8 844.013 847.697
110    -0.739    59.491  2.893  21 1 4 1 2 4 8 852.633 856.428
111   -64.679    83.038  2.903   6 1 4 1 2 4 8 245.223 248.788
112   -11.273   -35.944  3.122   1 1 4 1 2 4 8 452.695 456.206
113   -16.864     7.776  3.414  22 1 4 1 2 4 8 642.972 646.654
114    19.843   -49.805  3.278   7 1 4 1 2 4 8 636.503 640.110
115   -16.284    -2.936  3.401  14 1 4 1 2 4 8 674.791 678.321
116     8.356    67.041  2.993   7 1 4 1 2 4 8 800.246 803.833
117    30.878    24.316  3.008  25 1 4 1 2 4 8 551.525 555.055
118    93.524   -20.233  2.969  17 1 4 1 2 4 8 212.740 216.568
119    -9.332   -56.177  3.256  10 1 4 1 2 4 8 112.895 116.451
120   -34.442   -63.312  3.303  23 1 4 1 2 4 8 488.952 492.793
121    20.941    -5.646  3.064  22 1 4 1 2 4 8 495.698 499.189
122    -3.418    89.594  3.241   3 1 4 1 2 4 8 275.321 279.133
123   -18.738    45.227  2.965  14 1 4 1 2 4 8 581.907 585.522
124     2.435   -30.524  3.410  14 1 4 1 2 4 8 783.490 787.008
125   -28.864    56.616  3.110   2 1 4 1 2 4 8 796.103 799.774
126    76.880   -29.901  3.195   2 1 4 1 2 4 8 171.808 175.364
127   -90.466    10.278  3.262  21 1 4 1 2 4 8 567.821 571.530
128   -35.101    46.545  3.383  10 1 4 1 2 4 8 808.839 812.592
129   -48.395    43.854  3.009  10 1 4 1 2 4 8 425.308 429.141
130   -40.997    26.703  2.940   5 1 4 1 2 4 8 265.132 268.965
131    13.696    34.607  3.316   9 1 4 1 2 4 8 253.974 257.749
132   -71.472    11.450  3.309  15 1 4 1 2 4 8 705.941 709.662
133   -36.230    51.904  3.245  19 1 4 1 2 4 8 712.995 716.474
134   -39.465     4.907  3.457   7 1 4 1 2 4 8 568.427 572.240
135   -16.565    23.773  3.455  11 1 4 1 2 4 8 197.791 201.301
136    10.754   -28.552  3.299   2 1 4 1 2 4 8 107.122 110.930
137   -23.029    47.015  3.328  25 1 4 1 2 4 8 177.240 180.807
138    -8.807    21.216  2.986  14 1 4 1 2 4 8 876.171 879.696
139   -40.039    27.435  3.277  15 1 4 1 2 4 8 132.772 136.546
140   -37.445   -41.040  3.452  12 1 4 1 2 4 8 415.622 419.327
141    48.224     0.085  3.304  11 1 4 1 2 4 8 779.939 783.598
142    -0.323    68.237  3.267  17 1 4 1 2 4 8 567.869 571.400
143   -14.294   -33.423  3.031   4 1 4 1 2 4 8 803.028 806.858
144    -1.440   -34.814  2.949  24 1 4 1 2 4 8 188.375 191.965
145   -34.454    42.346  3.027   8 1 4 1 2 4 8 706.978 710.684
146     8.679   -66.180  3.187  20 1 4 1 2 4 8 448.505 452.177
147   -61.249   -51.367  3.040  12 1 4 1 2 4 8 233.834 237.687
148    -1.093     9.912  3.205  10 1 4 1 2 4 8 438.855 442.669
149   -16.565    66.547  3.119  12 1 4 1 2 4 8 511.604 515.428
150     8.435    52.838  3.039   9 1 4 1 2 4 8 89.697 93.283
151   -22.034   -36.896  3.290  16 1 4 1 2 4 8 496.796 500.519
152    15.765    17.322  3.204  23 1 4 1 2 4 8 310.456 314.076
153     9.003   -18.695  2.973  15 1 4 1 2 4 8 640.529 644.035
154    -4.584     3.491  3.234  10 1 4 1 2 4 8 526.924 530.491
155     8.875    40.662  3.140  21 1 4 1 2 4 8 306.945 310.680
156    26.093   -33.966  2.991   2 1 4 1 2 4 8 342.805 346.409
157   -32.501    39.526  3.265  16 1 4 1 2 4 8 441.236 444.771
158   -32.629   -82.581  3.263  15 1 4 1 2 4 8 504.068 507.905
159   -98.486    22.021  3.076  11 1 4 1 2 4 8 750.296 754.081
160   -59.052     4.163  3.311  11 1 4 1 2 4 8 168.856 172.494
161     7.428    -2.570  3.287  17 1 4 1 2 4 8 106.502 110.038
162   -59.601    12.469  3.157   3 1 4 1 2 4 8 849.597 853.439
163   -11.224   -31.830  2.978   9 1 4 1 2 4 8 752.310 756.012
164   -16.809   -35.040  3.070   1 1 4 1 2 4 8 831.881 835.628
165    21.863    18.140  2.978  13 1 4 1 2 4 8 281.823 285.469
166    45.038   -61.316  2.979   1 1 4 1 2 4 8 138.722 142.204
167   -48.816    25.568  3.469   2 1 4 1 2 4 8 379.653 383.286
168   -32.184   -16.736  3.442  22 1 4 1 2 4 8 315.415 319.113
169    12.439   -41.492  3.160  10 1 4 1 2 4 8 821.172 824.876
170   -21.082   -77.075  3.446   4 1 4 1 2 4 8 758.578 762.413
171   -17.822   -18.518  3.102   9 1 4 1 2 4 8 860.916 864.454
172    48.334    93.518  3.244  11 1 4 1 2 4 8 721.894 725.425
173   -18.677    49.005  2.915   3 1 4 1 2 4 8 425.572 429.350
174    12.140    30.042  3.322  19 1 4 1 2 4 8 518.716 522.289
175     3.113   -40.302  3.461  19 1 4 1 2 4 8 835.347 839.063
176    17.133    37.079  3.320   4 1 4 1 2 4 8 687.960 691.790
177    22.577     0.836  2.954  19 1 4 1 2 4 8 78.946 82.557
178   -30.426    52.942  3.167  15 1 4 1 2 4 8 823.624 827.176
179    33.765   -67.108  2.995  21 1 4 1 2 4 8 629.687 633.358
180     5.414     1.532  3.352  25 1 4 1 2 4 8 193.944 197.463
181    72.156    30.103  3.133   4 1 4 1 2 4 8 284.017 287.664
182   -24.109   -34.625  3.137   3 1 4 1 2 4 8 376.128 379.619
183    17.413    75.146  3.109   6 1 4 1 2 4 8 490.107 493.753
184    10.638   -60.052  3.245   6 1 4 1 2 4 8 168.417 172.109
185    -5.176   -48.999  2.953  21 1 4 1 2 4 8 339.793 343.398
186   -19.342    21.118  3.070  25 1 4 1 2 4 8 378.312 381.831
187   -46.802   -14.661  3.345  10 1 4 1 2 4 8 451.950 455.795
188   -16.779    43.439  3.159  25 1 4 1 2 4 8 444.880 448.678
189    14.093   -13.605  3.125  19 1 4 1 2 4 8 874.542 878.178
190   -21.063    26.019  3.117  19 1 4 1 2 4 8 410.313 413.942
191    39.813   -40.668  3.257  22 1 4 1 2 4 8 681.293 684.994
192    52.057    30.334  3.229   5 1 4 1 2 4 8 855.248 858.916
193    -0.140     7.266 0.000   0 0 0 0.000 964.110
194   -23.138    48.450 0.000   0 0 0 0.000 964.110
195   -26.102    16.809 0.000   0 0 0 0.000 964.110
196     0.244   -35.892 0.000   0 0 0 0.000 964.110
