6 5 240 4
0 180
0 180
0 180
0 180
  1    65.991   -49.829  3.038  10 1 4 1 2 4 8 780.954 784.670
  2   -36.938   -36.743  3.189  25 1 4 1 2 4 8 706.404 709.843
  3    -2.734    18.774  3.329  18 1 4 1 2 4 8 463.975 467.596
  4    31.116   -35.907  3.159  16 1 4 1 2 4 8 799.636 803.170
  5     2.789     8.008  2.963  14 1 4 1 2 4 8 816.673 820.385
  6    31.152    43.665  2.894   7 1 4 1 2 4 8 481.822 485.315
  7   -36.304   -21.307  3.036   9 1 4 1 2 4 8 319.217 322.803
  8    52.814    35.046  2.864  16 1 4 1 2 4 8 207.018 210.772
  9    11.267    20.660  3.280  24 1 4 1 2 4 8 798.312 801.952
 10    -0.623    23.114  2.944   6 1 4 1 2 4 8 70.154 73.805
 11    43.091   -12.360  3.032  22 1 4 1 2 4 8 270.412 273.881
 12     6.854    19.073  3.265  11 1 4 1 2 4 8 623.767 627.415
 13    -6.848    25.317  3.150  19 1 4 1 2 4 8 603.592 607.380
 14   -27.930   -23.712  3.170  20 1 4 1 2 4 8 71.302 75.022
 15    33.240   -30.487  3.123  20 1 4 1 2 4 8 617.010 620.735
 16    63.885   -52.881  3.288  16 1 4 1 2 4 8 94.308 98.084
 17   -13.672   -43.945  3.170   5 1 4 1 2 4 8 161.333 164.958
 18    -0.647   -27.502  3.242  21 1 4 1 2 4 8 550.028 553.636
 19    59.406   -49.261  3.248  19 1 4 1 2 4 8 620.085 623.799
 20    27.167    -5.713  3.049  18 1 4 1 2 4 8 607.367 611.124
 21    70.001   -20.844  3.098  22 1 4 1 2 4 8 501.624 505.362
 22    35.327   -65.167  2.879  19 1 4 1 2 4 8 418.367 421.890
 23   -14.386   -42.236  3.031  15 1 4 1 2 4 8 637.992 641.729
 24    19.366    30.273  3.236  24 1 4 1 2 4 8 415.389 419.095
 25   -39.789    10.101  3.015  20 1 4 1 2 4 8 241.144 244.657
 26   -15.753   -40.204  2.898  17 1 4 1 2 4 8 698.131 701.699
 27   -28.418   -40.503  3.020  20 1 4 1 2 4 8 406.571 410.074
 28    27.081     9.735  3.125  12 1 4 1 2 4 8 671.963 675.713
 29    22.205    -9.216  3.283  23 1 4 1 2 4 8 258.142 261.809
 30    -0.830    -6.525  2.969  15 1 4 1 2 4 8 408.300 411.831
 31    10.217    75.531  2.905  19 1 4 1 2 4 8 670.264 674.007
 32     7.446    18.500  3.133  23 1 4 1 2 4 8 571.754 575.391
 33    48.914   -20.294  3.136   9 1 4 1 2 4 8 257.642 261.203
 34   -18.958   -29.675  3.390  21 1 4 1 2 4 8 219.390 223.174
 35    16.815    -6.659  2.877  17 1 4 1 2 4 8 476.216 479.917
 36     2.509   -30.420  3.125   6 1 4 1 2 4 8 296.500 300.226
 37    15.424     4.913  3.186  10 1 4 1 2 4 8 593.063 596.590
 38    60.315    89.801  3.129   9 1 4 1 2 4 8 484.083 487.789
 39    40.405   -45.367  3.355  19 1 4 1 2 4 8 507.357 510.978
 40   -26.837   -54.272  2.878  17 1 4 1 2 4 8 708.997 712.740
 41    69.171    72.577  3.393  22 1 4 1 2 4 8 170.759 174.253
 42   -22.815    46.173  3.253   8 1 4 1 2 4 8 172.356 175.794
 43   -14.258   -30.249  3.274  25 1 4 1 2 4 8 858.068 861.756
 44    76.050    12.073  3.035  13 1 4 1 2 4 8 141.421 145.196
 45    63.043    60.022  3.307   1 1 4 1 2 4 8 116.715 120.259
 46   -20.239   -81.970  3.326  15 1 4 1 2 4 8 655.422 658.996
 47   -41.168   -42.023  3.245  16 1 4 1 2 4 8 613.558 617.252
 48    79.199   -29.016  3.045  20 1 4 1 2 4 8 220.739 224.177
 49   -20.728    -7.068  3.160  14 1 4 1 2 4 8 241.677 245.131
 50    -4.163   -53.497  2.981   2 1 4 1 2 4 8 693.611 697.300
 51    39.594   -40.460  3.411   5 1 4 1 2 4 8 301.965 305.691
 52   -47.125   -77.850  3.068  16 1 4 1 2 4 8 690.448 693.952
 53    -1.233    49.182  3.075  12 1 4 1 2 4 8 471.773 475.396
 54    -0.372   -27.264  3.038   1 1 4 1 2 4 8 535.841 539.472
 55    31.537    -8.722  3.229  15 1 4 1 2 4 8 163.028 166.706
 56    -0.134   -20.264  2.891   5 1 4 1 2 4 8 620.916 624.430
 57    66.394   -26.691  3.059   9 1 4 1 2 4 8 663.327 667.019
 58     6.104   -64.093  2.960   8 1 4 1 2 4 8 248.220 251.898
 59    13.544   -20.874  3.338   2 1 4 1 2 4 8 377.351 380.835
 60    54.211    -6.537  3.065  10 1 4 1 2 4 8 512.456 516.113
 61    22.046   -34.137  3.216  25 1 4 1 2 4 8 819.968 823.675
 62    -9.723     4.706  3.204  24 1 4 1 2 4 8 312.536 316.138
 63   -11.584   -46.857  3.141   7 1 4 1 2 4 8 78.049 81.636
 64    -2.905    -0.305  3.221  14 1 4 1 2 4 8 362.059 365.603
 65    13.837   -44.452  3.138   3 1 4 1 2 4 8 210.200 213.673
 66    17.480    27.747  3.042  23 1 4 1 2 4 8 249.460 252.983
 67     2.972   -43.689  2.964  21 1 4 1 2 4 8 615.182 618.904
 68   -44.354   -38.202  3.316  13 1 4 1 2 4 8 806.340 809.814
 69   -59.399     1.514  3.060  15 1 4 1 2 4 8 160.916 164.393
 70   -13.452   -75.531  2.891  14 1 4 1 2 4 8 130.443 134.060
 71    -5.518   -51.947  3.391   7 1 4 1 2 4 8 260.534 264.333
 72    -9.589   -26.880  3.115  20 1 4 1 2 4 8 753.638 757.298
 73    19.318    29.498  3.150   6 1 4 1 2 4 8 88.050 91.597
 74    26.245    36.743  3.097  24 1 4 1 2 4 8 856.450 859.989
 75    43.707   -28.033  2.880  17 1 4 1 2 4 8 597.995 601.643
 76   -52.026   -35.339  3.153   3 1 4 1 2 4 8 575.679 579.190
 77    -8.435    -0.116  3.174  15 1 4 1 2 4 8 170.070 173.781
 78    89.111    62.122  3.393   6 1 4 1 2 4 8 799.579 803.369
 79     6.067   -16.132  2.893  21 1 4 1 2 4 8 496.926 500.657
 80    27.094    -5.103  3.411  25 1 4 1 2 4 8 456.989 460.713
 81    27.527   -15.344  2.962  18 1 4 1 2 4 8 611.359 614.854
 82    42.511    32.056  3.043   1 1 4 1 2 4 8 482.736 486.238
 83    25.311    12.689  3.126  19 1 4 1 2 4 8 400.557 404.087
 84    47.778   -12.769  3.364  17 1 4 1 2 4 8 153.977 157.695
 85    -3.143   -13.837  3.321  20 1 4 1 2 4 8 827.995 831.423
 86    12.482   -78.101  2.908   1 1 4 1 2 4 8 194.890 198.674
 87   -21.039    -3.430  3.345  13 1 4 1 2 4 8 654.440 658.204
 88    -3.149   -55.432  3.143  25 1 4 1 2 4 8 357.648 361.385
 89    53.009    84.900  3.271  16 1 4 1 2 4 8 791.803 795.367
 90    35.638   -47.552  2.879   5 1 4 1 2 4 8 500.242 503.794
 91    43.427   -18.439  3.378  18 1 4 1 2 4 8 215.491 219.057
 92     6.598   -54.578  3.371  17 1 4 1 2 4 8 427.292 430.903
 93    87.952    94.012  2.974  15 1 4 1 2 4 8 671.198 674.663
 94    39.105   -48.743  3.224  13 1 4 1 2 4 8 274.035 277.558
 95   -48.340   -26.477  3.347  15 1 4 1 2 4 8 474.372 478.053
 96    72.003    -9.253  2.861   2 1 4 1 2 4 8 350.568 354.147
 97   -37.732     3.351  2.952   1 1 4 1 2 4 8 863.750 867.460
 98   -65.967   -36.749  3.284   9 1 4 1 2 4 8 448.333 451.959
 99   -16.669   -35.284  2.889  16 1 4 1 2 4 8 249.551 253.200
100    10.742    -4.669  3.349   6 1 4 1 2 4 8 330.707 334.331
101    15.594    -5.817  3.367  18 1 4 1 2 4 8 170.740 174.168
102    21.606   -18.109  3.249  24 1 4 1 2 4 8 349.658 353.311
103     9.784    49.280  3.232  24 1 4 1 2 4 8 153.149 156.949
104    94.147    -4.492  3.253   9 1 4 1 2 4 8 642.346 646.060
105    10.382   -16.302  3.258  19 1 4 1 2 4 8 492.401 496.082
106    -1.453    -0.861  2.901  12 1 4 1 2 4 8 303.361 306.829
107    -6.219    25.305  3.091  22 1 4 1 2 4 8 179.464 183.087
108    -6.250    10.217  2.989  13 1 4 1 2 4 8 797.323 800.979
109   -17.444   -70.795  3.387  20 1 4 1 2 4 8 207.971 211.589
110   -55.090   -43.854  3.055  25 1 4 1 2 4 8 246.629 250.283
111    -9.442    23.724  3.049   1 1 4 1 2 4 8 376.217 379.738
112     8.978    35.406  3.241  24 1 4 1 2 4 8 725.441 728.881
113   -16.754    -0.812  3.189  10 1 4 1 2 4 8 139.674 143.315
114    66.852   -37.842  3.369  22 1 4 1 2 4 8 212.578 216.123
115    14.716   -23.724  2.968  14 1 4 1 2 4 8 226.242 229.685
116    33.472    20.026  3.344  12 1 4 1 2 4 8 180.298 183.999
117    66.394   -70.111  3.194  23 1 4 1 2 4 8 427.749 431.199
118    -5.664     8.881  2.917  14 1 4 1 2 4 8 501.514 505.125
119    -5.103   -46.729  3.304  23 1 4 1 2 4 8 483.377 486.874
120    -8.826    55.743  3.133  25 1 4 1 2 4 8 376.339 379.890
121     5.847    -3.186  3.380   5 1 4 1 2 4 8 883.219 886.995
122   -25.726   -37.695  3.196   7 1 4 1 2 4 8 251.924 255.382
123   -15.363   -24.548  3.383  25 1 4 1 2 4 8 304.211 307.639
124    43.793   -11.102  3.313  11 1 4 1 2 4 8 326.295 330.101
125    17.664   -25.604  2.936  18 1 4 1 2 4 8 41.598 45.097
126   -39.624    54.883  2.855  18 1 4 1 2 4 8 413.136 416.867
127   -24.554   -43.225  3.343   1 1 4 1 2 4 8 419.298 422.845
128   -26.892   -12.738  3.348   7 1 4 1 2 4 8 755.349 759.051
129    34.155   -38.458  3.130  22 1 4 1 2 4 8 471.026 474.766
130   -47.314   -29.468  3.321   7 1 4 1 2 4 8 677.560 681.164
131    49.365   -25.592  3.325   3 1 4 1 2 4 8 357.118 360.905
132     3.705   -16.449  2.993  18 1 4 1 2 4 8 841.584 845.084
133    22.430   -23.273  2.873   8 1 4 1 2 4 8 513.764 517.483
134   -37.549   -29.608  3.358   6 1 4 1 2 4 8 114.559 118.229
135    25.549     3.674  3.143   7 1 4 1 2 4 8 900.184 903.699
136   -15.216     3.284  2.930  20 1 4 1 2 4 8 170.410 174.179
137   -12.939    -7.495  3.262  10 1 4 1 2 4 8 162.038 165.828
138   -22.107    26.434  2.999   2 1 4 1 2 4 8 770.436 774.117
139   -17.944     7.733  3.291   3 1 4 1 2 4 8 455.647 459.092
140   -21.234    14.490  2.910  10 1 4 1 2 4 8 527.463 530.976
141     3.503   -19.708  2.913   5 1 4 1 2 4 8 451.165 454.942
142    32.599   -14.935  3.345  25 1 4 1 2 4 8 417.406 421.170
143    -5.737   -28.296  2.872  23 1 4 1 2 4 8 298.760 302.397
144    -6.128   -39.624  2.859  21 1 4 1 2 4 8 118.513 122.225
145    -2.460    12.817  2.942  13 1 4 1 2 4 8 870.918 874.634
146    -6.470     8.466  3.181   1 1 4 1 2 4 8 137.102 140.868
147   -37.891   -36.115  2.895  11 1 4 1 2 4 8 260.671 264.186
148    10.852   -18.750  3.226   6 1 4 1 2 4 8 442.946 446.605
149    50.104     8.636  3.303   9 1 4 1 2 4 8 164.068 167.826
150    46.844     4.712  2.903  17 1 4 1 2 4 8 725.027 728.532
151    19.598   -10.406  2.938  13 1 4 1 2 4 8 345.684 349.381
152   -38.947    52.942  2.948  23 1 4 1 2 4 8 590.290 593.964
153    -0.641   -21.289  3.223  19 1 4 1 2 4 8 332.436 335.875
154    40.906   -33.765  3.383  11 1 4 1 2 4 8 496.499 500.168
155    -0.574   -62.299  3.259  12 1 4 1 2 4 8 461.960 465.548
156    -9.778    26.794  2.984  18 1 4 1 2 4 8 655.374 659.097
157    34.265   -23.895  3.021  25 1 4 1 2 4 8 572.580 576.110
158    29.572   -24.561  2.972  13 1 4 1 2 4 8 215.510 219.259
159    16.376   -58.887  2.873  24 1 4 1 2 4 8 486.522 490.028
160    61.877   -15.167  3.414   5 1 4 1 2 4 8 713.684 717.487
161    40.088    -9.625  3.189  14 1 4 1 2 4 8 127.142 130.807
162     0.122    -4.645  3.399  18 1 4 1 2 4 8 228.984 232.674
163    -8.929   -43.903  3.287  25 1 4 1 2 4 8 205.830 209.402
164    -7.135   -57.434  3.338  11 1 4 1 2 4 8 167.800 171.272
165     7.550   -21.210  3.321  18 1 4 1 2 4 8 278.596 282.232
166     3.949     7.300  3.335  23 1 4 1 2 4 8 772.532 776.240
167   -15.118    92.023  3.079  22 1 4 1 2 4 8 674.743 678.315
168    84.821   -24.518  3.394  20 1 4 1 2 4 8 690.034 693.799
169   -52.325    30.682  3.241  11 1 4 1 2 4 8 458.248 461.681
170     7.538    13.818  3.112  11 1 4 1 2 4 8 143.500 146.986
171   -21.484    30.359  3.040  19 1 4 1 2 4 8 183.985 187.748
172    36.047    29.883  2.931  13 1 4 1 2 4 8 373.339 376.842
173    12.781   -40.942  3.099  24 1 4 1 2 4 8 766.330 769.833
174   -17.291   -10.254  3.308   6 1 4 1 2 4 8 871.715 875.275
175   -10.541    12.402  2.951   5 1 4 1 2 4 8 672.791 676.315
176   -15.845   -59.460  2.972  24 1 4 1 2 4 8 777.517 781.090
177    29.266    -2.222  3.142   7 1 4 1 2 4 8 479.764 483.313
178   -12.598   -58.929  3.231  13 1 4 1 2 4 8 538.498 542.050
179   -17.303   -35.297  2.905  25 1 4 1 2 4 8 354.687 358.339
180    57.050   -50.354  3.008  15 1 4 1 2 4 8 545.341 549.117
181    26.941    17.444  3.379  15 1 4 1 2 4 8 127.803 131.322
182    -6.195    -8.881  3.119  16 1 4 1 2 4 8 138.869 142.560
183    16.980   -16.321  3.290   5 1 4 1 2 4 8 459.500 462.952
184    83.710   -32.520  2.993  15 1 4 1 2 4 8 226.710 230.478
185    12.451    34.589  2.882  24 1 4 1 2 4 8 682.691 686.424
186    15.057    67.004  2.901  15 1 4 1 2 4 8 813.571 817.204
187    25.818    -5.835  3.324   9 1 4 1 2 4 8 362.768 366.351
188    13.666   -14.832  3.317  19 1 4 1 2 4 8 260.168 263.687
189    48.322    -5.164  3.066  15 1 4 1 2 4 8 490.786 494.489
190    13.489    19.739  3.268   2 1 4 1 2 4 8 767.683 771.422
191   -18.512    65.405  2.892   3 1 4 1 2 4 8 295.841 299.441
192    17.554    38.379  3.240  18 1 4 1 2 4 8 704.759 708.417
193    37.775   -16.003  2.876  20 1 4 1 2 4 8 306.016 309.635
194    47.968   -30.310  3.054  14 1 4 1 2 4 8 837.191 840.874
195    38.806    36.243  3.169  10 1 4 1 2 4 8 444.942 448.368
196   -16.089   -42.841  3.201   6 1 4 1 2 4 8 134.978 138.467
197    28.656    -1.990  3.406  17 1 4 1 2 4 8 543.536 547.176
198    -5.859    -1.862  3.174  20 1 4 1 2 4 8 746.805 750.315
199    60.516    63.416  3.412   3 1 4 1 2 4 8 245.640 249.431
200    63.196   -47.766  3.312  14 1 4 1 2 4 8 361.404 365.115
201   -15.308   -23.285  3.334  12 1 4 1 2 4 8 163.508 166.961
202    -2.875     0.787  3.287   2 1 4 1 2 4 8 567.074 570.734
203    32.056   -10.175  3.035  11 1 4 1 2 4 8 182.130 185.894
204   -18.634   -25.665  3.041  16 1 4 1 2 4 8 535.757 539.241
205    -3.632    25.433  3.237  18 1 4 1 2 4 8 609.337 613.035
206    10.480    22.888  3.361  14 1 4 1 2 4 8 398.370 401.844
207     1.819    -3.009  3.359   6 1 4 1 2 4 8 544.430 548.214
208   -25.275   -12.183  3.287  12 1 4 1 2 4 8 813.398 817.047
209    56.927   -75.507  3.049  21 1 4 1 2 4 8 496.347 499.829
210    13.885   -36.230  2.918   1 1 4 1 2 4 8 189.400 192.905
211    32.520   -29.523  3.211  18 1 4 1 2 4 8 213.350 216.797
212     4.803    -7.288  3.218  17 1 4 1 2 4 8 181.232 184.736
213    11.365    -8.344  3.033  15 1 4 1 2 4 8 269.420 272.947
214    17.126   -24.646  3.377   4 1 4 1 2 4 8 43.600 47.113
215   -33.661   -41.241  3.053  18 1 4 1 2 4 8 348.377 351.968
216   -32.391   -50.885  2.995  22 1 4 1 2 4 8 145.982 149.436
217    23.041   -14.496  2.868  16 1 4 1 2 4 8 78.245 81.860
218   -21.857   -39.502  2.917  14 1 4 1 2 4 8 852.886 856.498
219    32.013    77.332  2.985  25 1 4 1 2 4 8 570.096 573.615
220    13.831   -76.190  3.379  15 1 4 1 2 4 8 153.354 156.997
221    -8.051   -21.179  3.248   6 1 4 1 2 4 8 461.122 464.627
222    25.391    46.613  2.937   7 1 4 1 2 4 8 152.381 156.048
223    49.536   -54.639  2.997  21 1 4 1 2 4 8 584.086 587.880
224    63.416    -8.636  2.996   3 1 4 1 2 4 8 246.216 249.679
225     2.301    -5.536  3.003  15 1 4 1 2 4 8 762.626 766.416
226    52.423    29.895  3.068  24 1 4 1 2 4 8 125.623 129.273
227     9.296   -16.254  2.928   2 1 4 1 2 4 8 821.490 825.116
228    34.845   -96.185  2.969  17 1 4 1 2 4 8 401.391 405.188
229   -21.063   -41.498  3.036   2 1 4 1 2 4 8 174.277 177.819
230    28.448    10.242  3.333  25 1 4 1 2 4 8 513.990 517.727
231    16.254   -22.583  2.934  15 1 4 1 2 4 8 148.817 152.250
232   -36.639   -34.033  3.343   3 1 4 1 2 4 8 842.658 846.398
233   -27.356   -50.177  2.995   1 1 4 1 2 4 8 788.051 791.502
234   -53.705    11.334  2.951   1 1 4 1 2 4 8 297.151 300.784
235    26.276    -5.994  2.866  20 1 4 1 2 4 8 553.851 557.631
236   -31.519    34.589  3.115  19 1 4 1 2 4 8 325.753 329.362
237   -14.612   -31.506  3.404   2 1 4 1 2 4 8 453.320 457.096
238    -4.242   -30.865  3.216   9 1 4 1 2 4 8 686.163 689.895
239   -18.524   -29.486  3.158   4 1 4 1 2 4 8 211.902 215.529
240   -17.133   -19.397  3.253  16 1 4 1 2 4 8 792.554 796.214
241    34.430   -17.151 0.000   0 0 0 0.000 951.660
242     0.269    -8.154 0.000   0 0 0 0.000 951.660
243     3.140    13.297 0.000   0 0 0 0.000 951.660
244    -3.113   -29.745 0.000   0 0 0 0.000 951.660
