6 6 288 4
0 175
0 175
0 175
0 175
  1   -66.174   -37.811  3.382  19 1 4 1 2 4 8 631.437 635.210
  2     2.673   -35.223  3.362  21 1 4 1 2 4 8 823.486 827.178
  3    38.751     8.618  3.140  17 1 4 1 2 4 8 480.544 484.138
  4    62.653    20.667  3.118   6 1 4 1 2 4 8 144.047 147.878
  5    60.974    -6.110  3.448   6 1 4 1 2 4 8 570.099 573.697
  6   -98.535   -39.532  3.345  19 1 4 1 2 4 8 643.355 647.134
  7     8.411   -81.274  3.412  17 1 4 1 2 4 8 391.279 394.973
  8   -14.569    26.056  3.046  19 1 4 1 2 4 8 822.162 825.979
  9   -34.186   -76.697  3.151   2 1 4 1 2 4 8 147.269 150.865
 10    55.145   -33.911  3.018   3 1 4 1 2 4 8 667.175 670.790
 11    15.869     8.716  3.423  24 1 4 1 2 4 8 343.187 347.082
 12   -63.416   -20.282  3.056   5 1 4 1 2 4 8 622.377 626.040
 13    -9.357   -42.212  2.987   9 1 4 1 2 4 8 748.400 752.195
 14   -53.619     3.729  3.018  20 1 4 1 2 4 8 271.592 275.347
 15    53.491    -3.308  2.968  19 1 4 1 2 4 8 618.219 621.804
 16   -22.614   -32.794  3.197  20 1 4 1 2 4 8 590.146 593.783
 17    39.612    -1.550  3.515   4 1 4 1 2 4 8 509.062 512.737
 18    16.705   -22.748  3.270   3 1 4 1 2 4 8 575.052 578.949
 19   -51.245   -13.757  3.505   2 1 4 1 2 4 8 434.698 438.401
 20   -29.907    14.380  2.993  23 1 4 1 2 4 8 686.158 689.755
 21   -70.441   -27.911  3.178   6 1 4 1 2 4 8 419.957 423.680
 22   -75.385   -30.811  3.127  17 1 4 1 2 4 8 264.012 267.608
 23    10.590   -28.931  3.340  17 1 4 1 2 4 8 681.609 685.267
 24    86.340   -45.935  3.400   3 1 4 1 2 4 8 342.511 346.380
 25     3.864    34.583  3.476  16 1 4 1 2 4 8 554.837 558.745
 26   -37.598   -42.114  3.398  15 1 4 1 2 4 8 632.331 636.028
 27    69.440     1.379  3.278  23 1 4 1 2 4 8 716.755 720.585
 28   -13.818     1.245  3.285  15 1 4 1 2 4 8 749.562 753.291
 29   -27.124   -38.037  2.967  12 1 4 1 2 4 8 287.400 291.100
 30   -69.348   -14.734  2.985  19 1 4 1 2 4 8 790.371 793.996
 31    58.575    29.346  2.980  23 1 4 1 2 4 8 186.474 190.280
 32    58.105    31.702  3.326  10 1 4 1 2 4 8 697.047 700.907
 33   -62.250   -16.425  3.251  23 1 4 1 2 4 8 344.219 348.058
 34   -66.382    13.586  2.964  22 1 4 1 2 4 8 341.517 345.323
 35    68.030   -12.482  3.041   4 1 4 1 2 4 8 569.657 573.514
 36   -30.701   -41.681  3.245   5 1 4 1 2 4 8 618.381 622.239
 37   -55.389   -51.050  2.941   1 1 4 1 2 4 8 302.228 305.845
 38    36.237    -2.655  3.360  11 1 4 1 2 4 8 100.959 104.730
 39    -1.215     5.591  3.110  20 1 4 1 2 4 8 136.295 140.154
 40    10.278   -23.950  3.461  25 1 4 1 2 4 8 215.294 219.062
 41    -7.159    36.859  3.079  18 1 4 1 2 4 8 236.640 240.217
 42   -90.204    61.169  3.371   4 1 4 1 2 4 8 207.813 211.514
 43    46.368    65.082  3.419  10 1 4 1 2 4 8 841.703 845.299
 44    13.348    31.372  3.243  17 1 4 1 2 4 8 779.181 782.838
 45   -73.566   -28.839  3.033   7 1 4 1 2 4 8 144.468 148.021
 46   -41.528   -37.097  3.331   4 1 4 1 2 4 8 771.956 775.862
 47   -60.938   -27.246  3.294   3 1 4 1 2 4 8 226.238 230.055
 48    38.312    54.376  3.193  12 1 4 1 2 4 8 493.265 496.902
 49    26.306    11.975  3.059  13 1 4 1 2 4 8 798.695 802.397
 50    10.297   -48.346  3.508  24 1 4 1 2 4 8 495.463 499.151
 51    52.417   -28.363  2.998  16 1 4 1 2 4 8 575.465 579.365
 52   -43.756   -39.343  3.056   2 1 4 1 2 4 8 374.352 378.111
 53    49.316    11.395  3.339   7 1 4 1 2 4 8 614.594 618.282
 54    45.593     4.346  3.440  15 1 4 1 2 4 8 201.165 204.782
 55   -25.989   -15.814  3.263  12 1 4 1 2 4 8 61.342 64.906
 56    65.253   -59.631  3.245  15 1 4 1 2 4 8 135.740 139.400
 57    12.109   -34.387  3.018  17 1 4 1 2 4 8 65.030 68.720
 58    12.390   -16.254  3.309  16 1 4 1 2 4 8 242.009 245.855
 59     0.525    69.611  3.097   1 1 4 1 2 4 8 117.383 121.070
 60    -8.679     7.770  3.475   9 1 4 1 2 4 8 919.130 922.863
 61    41.467   -35.016  3.114   4 1 4 1 2 4 8 706.463 710.355
 62    11.859   -34.973  3.311   3 1 4 1 2 4 8 199.215 202.962
 63    -1.306   -58.063  3.345   1 1 4 1 2 4 8 858.095 861.766
 64     6.024   -31.018  3.444   4 1 4 1 2 4 8 107.501 111.245
 65     1.788   -32.544  3.004   6 1 4 1 2 4 8 625.733 629.644
 66    29.272    -6.494  3.338   1 1 4 1 2 4 8 612.296 615.883
 67    23.950    10.742  3.176  19 1 4 1 2 4 8 837.086 840.969
 68   -65.887    40.912  3.492   1 1 4 1 2 4 8 357.077 360.701
 69   -10.095    26.257  3.030   2 1 4 1 2 4 8 298.631 302.235
 70    58.093    67.352  3.505  25 1 4 1 2 4 8 644.093 647.798
 71    90.015     9.485  3.017   4 1 4 1 2 4 8 591.865 595.727
 72    -6.622    15.216  3.067   4 1 4 1 2 4 8 680.050 683.700
 73    -2.875   -42.841  3.208  13 1 4 1 2 4 8 146.324 149.897
 74   -37.714    -7.306  3.210  18 1 4 1 2 4 8 593.290 597.030
 75    44.171   -11.224  3.005   9 1 4 1 2 4 8 433.024 436.549
 76   -58.704    -2.808  3.036   5 1 4 1 2 4 8 210.220 213.968
 77    -3.912    10.071  3.098  12 1 4 1 2 4 8 351.550 355.235
 78   -41.370    -1.495  3.223  22 1 4 1 2 4 8 261.667 265.339
 79    58.179    27.563  3.338   9 1 4 1 2 4 8 447.512 451.183
 80   -63.861    26.147  3.230  11 1 4 1 2 4 8 769.790 773.474
 81   -56.793   -15.918  3.457   6 1 4 1 2 4 8 869.414 873.324
 82    22.217   -27.509  3.061  19 1 4 1 2 4 8 479.082 482.652
 83    -1.031   -14.838  2.986  10 1 4 1 2 4 8 556.817 560.497
 84   -57.703   -10.480  3.126   1 1 4 1 2 4 8 180.063 183.604
 85    80.847     6.299  3.044  10 1 4 1 2 4 8 447.307 451.011
 86     2.887    10.822  3.339  20 1 4 1 2 4 8 806.990 810.770
 87   -37.390    -7.800  3.059  18 1 4 1 2 4 8 72.780 76.320
 88   -33.600   -26.740  3.355   1 1 4 1 2 4 8 466.857 470.767
 89    95.197    24.231  3.358  11 1 4 1 2 4 8 553.960 557.633
 90   -13.904    29.327  3.185  20 1 4 1 2 4 8 193.303 196.881
 91   -53.461     9.296  3.282  12 1 4 1 2 4 8 652.872 656.658
 92    67.578    13.007  3.367  17 1 4 1 2 4 8 267.186 270.876
 93   -83.881   -53.265  2.959  16 1 4 1 2 4 8 494.405 498.083
 94    30.255   -72.430  3.389   3 1 4 1 2 4 8 404.240 407.773
 95   -22.333   -20.538  3.431  14 1 4 1 2 4 8 620.290 623.989
 96     3.741   -35.461  3.149  12 1 4 1 2 4 8 185.298 188.912
 97   -20.093   -43.982  3.077   9 1 4 1 2 4 8 175.271 178.851
 98   -47.687   -21.100  3.082   1 1 4 1 2 4 8 427.877 431.401
 99   -20.447   -13.849  3.276   7 1 4 1 2 4 8 744.895 748.555
100    34.515     3.967  3.215   7 1 4 1 2 4 8 870.997 874.813
101    20.514   -11.884  3.363   5 1 4 1 2 4 8 424.395 428.204
102   -46.039   -22.565  3.437   9 1 4 1 2 4 8 817.045 820.619
103   -39.630    25.385  3.518  15 1 4 1 2 4 8 473.848 477.390
104    -1.025    50.433  3.519   4 1 4 1 2 4 8 630.974 634.636
105   -28.632    23.486  3.139  10 1 4 1 2 4 8 879.292 882.917
106   -52.997   -16.248  3.391  21 1 4 1 2 4 8 667.822 671.588
107    -3.345   -22.955  3.388   2 1 4 1 2 4 8 609.820 613.510
108   -62.640   -26.349  3.129   6 1 4 1 2 4 8 788.992 792.879
109    25.403     0.531  3.294   1 1 4 1 2 4 8 422.398 426.239
110   -29.895    72.919  2.957  23 1 4 1 2 4 8 215.752 219.312
111    26.630     1.971  3.288  24 1 4 1 2 4 8 586.976 590.540
112    -9.814    35.004  3.044  16 1 4 1 2 4 8 692.414 696.182
113    -7.758   -42.426  3.185  18 1 4 1 2 4 8 725.295 729.099
114    28.918    -7.117  3.249   1 1 4 1 2 4 8 412.998 416.796
115    47.693    36.108  3.416   1 1 4 1 2 4 8 651.760 655.442
116   -53.168     5.206  3.080  21 1 4 1 2 4 8 491.953 495.868
117    17.560    13.214  3.247   8 1 4 1 2 4 8 703.651 707.422
118     6.836    -2.496  3.121  22 1 4 1 2 4 8 224.554 228.106
119   -17.322    97.260  3.270  23 1 4 1 2 4 8 186.274 190.179
120    22.406    26.532  3.113  11 1 4 1 2 4 8 441.523 445.422
121   -73.090   -13.251  3.246  15 1 4 1 2 4 8 378.312 382.118
122   -64.996    -4.578  3.171  14 1 4 1 2 4 8 138.270 142.104
123   -34.906   -43.903  3.131  16 1 4 1 2 4 8 239.478 243.072
124   -92.346    -4.517  3.246  25 1 4 1 2 4 8 163.348 167.000
125     0.647    -8.496  3.331  12 1 4 1 2 4 8 916.285 919.908
126     5.048   -37.323  3.162   9 1 4 1 2 4 8 585.404 589.194
127   -19.080   -14.178  3.378  20 1 4 1 2 4 8 838.688 842.279
128   -71.704   -11.450  3.522  22 1 4 1 2 4 8 627.342 631.059
129   -45.581   -28.717  3.047  13 1 4 1 2 4 8 632.410 636.151
130   -28.351   -23.914  3.150  24 1 4 1 2 4 8 499.671 503.246
131   -16.486    30.920  3.335  13 1 4 1 2 4 8 903.435 907.215
132   -83.423   -20.935  2.997   4 1 4 1 2 4 8 426.451 430.223
133   -12.054   -20.612  3.036  22 1 4 1 2 4 8 491.699 495.325
134    -7.184   -63.721  3.278  18 1 4 1 2 4 8 187.711 191.613
135    34.546    -8.881  3.333  25 1 4 1 2 4 8 414.786 418.663
136    -4.865    73.694  3.435  19 1 4 1 2 4 8 229.212 232.851
137   -36.005    -3.876  2.950   8 1 4 1 2 4 8 317.302 321.018
138   -28.400   -21.820  2.995  13 1 4 1 2 4 8 427.322 431.115
139   -56.281   -15.112  3.120   1 1 4 1 2 4 8 426.817 430.361
140   -11.017    42.151  3.507   1 1 4 1 2 4 8 111.572 115.439
141   -63.092   -62.573  3.012   5 1 4 1 2 4 8 338.127 341.783
142    29.486    79.944  2.992   2 1 4 1 2 4 8 265.913 269.587
143   -65.674    -0.238  3.281  22 1 4 1 2 4 8 227.985 231.545
144    46.130   -20.416  3.055   3 1 4 1 2 4 8 267.382 271.090
145     1.575   -16.364  3.032   2 1 4 1 2 4 8 211.959 215.501
146    40.277    -1.379  3.363   6 1 4 1 2 4 8 545.764 549.477
147   -15.271    42.249  2.956  19 1 4 1 2 4 8 330.445 334.040
148    33.215   -16.614  3.259   5 1 4 1 2 4 8 240.969 244.867
149   -72.388    13.074  3.376  25 1 4 1 2 4 8 757.762 761.557
150   -24.487     5.273  2.944   9 1 4 1 2 4 8 674.218 677.816
151    -6.598   -30.957  3.209  20 1 4 1 2 4 8 67.226 70.800
152    31.287    21.332  3.471  11 1 4 1 2 4 8 373.036 376.785
153    20.557     0.378  3.303  18 1 4 1 2 4 8 834.440 838.057
154   -67.200   -41.339  3.156  25 1 4 1 2 4 8 411.360 415.013
155    22.168   -40.375  3.375  22 1 4 1 2 4 8 852.819 856.611
156    31.165     2.222  2.945  25 1 4 1 2 4 8 116.192 120.020
157    74.634    30.219  3.036  14 1 4 1 2 4 8 808.356 812.183
158    60.699    81.116  3.514  21 1 4 1 2 4 8 389.577 393.431
159   -60.736    24.133  3.231   1 1 4 1 2 4 8 113.454 117.036
160     1.978    17.517  3.164   9 1 4 1 2 4 8 340.052 343.859
161   -80.566   -38.196  2.939   2 1 4 1 2 4 8 277.308 280.837
162   -49.927   -36.713  3.216   2 1 4 1 2 4 8 739.068 742.692
163   -60.449   -27.820  2.996   4 1 4 1 2 4 8 306.503 310.402
164   -78.748   -44.226  3.189  15 1 4 1 2 4 8 645.775 649.499
165    54.260    -9.259  3.119  11 1 4 1 2 4 8 658.665 662.565
166   -42.059   -26.636  3.048  15 1 4 1 2 4 8 256.057 259.793
167   -57.336   -16.718  3.255  15 1 4 1 2 4 8 618.048 621.761
168    -1.276   -13.330  3.425  16 1 4 1 2 4 8 720.951 724.691
169   -24.158    39.197  3.102  14 1 4 1 2 4 8 334.088 337.779
170    17.908   -40.442  3.008  25 1 4 1 2 4 8 864.147 868.058
171    59.833    -3.674  3.090   9 1 4 1 2 4 8 651.734 655.537
172    -3.510     6.256  3.430  23 1 4 1 2 4 8 381.621 385.329
173    40.167     8.594  3.141  16 1 4 1 2 4 8 731.998 735.898
174    -1.691   -54.376  3.282  10 1 4 1 2 4 8 613.422 617.300
175   -36.035   -17.065  3.139   4 1 4 1 2 4 8 73.779 77.365
176     7.275    -4.144  3.116  25 1 4 1 2 4 8 562.859 566.718
177    30.219    -6.830  2.974  20 1 4 1 2 4 8 834.431 837.971
178   -26.379   -63.055  3.023   5 1 4 1 2 4 8 874.094 877.952
179    28.772    -0.031  3.135  19 1 4 1 2 4 8 728.293 731.819
180     2.625     5.072  3.153   2 1 4 1 2 4 8 860.576 864.268
181     3.595   -21.600  3.018  13 1 4 1 2 4 8 559.552 563.117
182   -64.948   -10.956  3.413  19 1 4 1 2 4 8 794.048 797.777
183    18.671   -41.010  3.278   2 1 4 1 2 4 8 419.483 423.300
184    29.291    12.799  3.011  16 1 4 1 2 4 8 113.663 117.464
185     4.529    26.654  3.172   2 1 4 1 2 4 8 273.228 276.882
186    25.360    29.718  3.234   6 1 4 1 2 4 8 629.986 633.741
187    57.349   -15.405  3.313   3 1 4 1 2 4 8 523.391 527.136
188   -11.566   -19.012  2.942  20 1 4 1 2 4 8 556.113 559.656
189   -45.441   -71.808  2.967  13 1 4 1 2 4 8 674.506 678.248
190     2.197    -3.564  3.502   9 1 4 1 2 4 8 826.086 829.823
191    -1.855   -24.475  3.429   5 1 4 1 2 4 8 235.577 239.276
192   -59.851   -48.938  3.437  15 1 4 1 2 4 8 614.863 618.508
193    70.081   -17.816  3.014  22 1 4 1 2 4 8 269.562 273.341
194    -4.932    28.754  3.367  18 1 4 1 2 4 8 317.116 320.848
195   -46.625   -23.529  3.150  21 1 4 1 2 4 8 537.506 541.159
196   -49.872   -35.339  2.993  16 1 4 1 2 4 8 587.860 591.688
197   -67.499     8.142  3.417  22 1 4 1 2 4 8 401.275 404.841
198    31.195   -18.243  3.105  23 1 4 1 2 4 8 507.761 511.529
199   -42.139   -52.704  3.239   1 1 4 1 2 4 8 572.958 576.587
200   -15.094    18.933  3.229   1 1 4 1 2 4 8 116.565 120.149
201   -78.625   -24.341  3.330  13 1 4 1 2 4 8 840.671 844.305
202    51.471    -9.607  3.401  14 1 4 1 2 4 8 544.484 548.387
203    29.987   -31.061  3.190  18 1 4 1 2 4 8 189.791 193.705
204    46.741     1.453  3.194   5 1 4 1 2 4 8 584.411 588.113
205   -52.954    31.738  3.305  24 1 4 1 2 4 8 414.073 417.989
206    10.535   -61.432  2.959  11 1 4 1 2 4 8 708.580 712.300
207   -15.948   -56.012  3.009   5 1 4 1 2 4 8 108.590 112.373
208    -7.776   -54.730  2.989   1 1 4 1 2 4 8 558.435 562.198
209    11.047   -20.905  3.360  21 1 4 1 2 4 8 682.867 686.394
210   -24.359   -23.047  3.169   6 1 4 1 2 4 8 381.194 384.928
211     2.948   -20.398  3.133   6 1 4 1 2 4 8 160.659 164.379
212   -82.654    24.323  2.990   5 1 4 1 2 4 8 554.039 557.644
213   -12.134    42.065  3.411  23 1 4 1 2 4 8 594.563 598.178
214   -98.035   -36.359  3.096  16 1 4 1 2 4 8 382.150 385.696
215   -61.102   -13.477  3.190  18 1 4 1 2 4 8 143.323 146.869
216   -39.136     6.287  3.290  10 1 4 1 2 4 8 546.315 549.986
217    41.180     7.971  3.447   9 1 4 1 2 4 8 102.235 106.007
218     4.254    19.830  3.359  18 1 4 1 2 4 8 219.455 223.075
219   -34.143   -37.915  3.380  22 1 4 1 2 4 8 388.156 391.847
220    -4.559    23.566  3.425  24 1 4 1 2 4 8 867.505 871.243
221    37.891    -1.947  3.037  15 1 4 1 2 4 8 653.434 657.089
222    78.259    15.936  3.058   6 1 4 1 2 4 8 518.757 522.404
223    -8.661   -25.110  3.249  12 1 4 1 2 4 8 666.439 670.157
224    10.071    37.164  3.513  19 1 4 1 2 4 8 462.928 466.809
225   -42.621   -46.985  3.450  19 1 4 1 2 4 8 178.831 182.678
226    92.157   -94.183  3.419  17 1 4 1 2 4 8 489.948 493.546
227    32.202   -39.844  3.387  22 1 4 1 2 4 8 757.127 760.970
228   -55.231   -15.027  3.330  25 1 4 1 2 4 8 474.953 478.840
229   -26.746   -21.490  3.039  11 1 4 1 2 4 8 447.777 451.324
230   -75.513    -0.708  3.055  23 1 4 1 2 4 8 328.198 331.807
231    34.021    12.665  3.439  10 1 4 1 2 4 8 416.297 419.958
232    -2.643   -20.831  3.050  17 1 4 1 2 4 8 468.229 471.866
233    53.369    13.770  3.119   6 1 4 1 2 4 8 711.934 715.623
234   -14.948   -40.259  3.509  20 1 4 1 2 4 8 478.727 482.318
235    67.828     5.750  3.264   6 1 4 1 2 4 8 129.513 133.258
236   -13.220   -26.031  3.451   4 1 4 1 2 4 8 535.979 539.553
237     4.169   -32.617  3.027  25 1 4 1 2 4 8 202.656 206.459
238   -26.050   -33.313  3.059   7 1 4 1 2 4 8 849.129 852.835
239    31.964   -45.703  3.124  11 1 4 1 2 4 8 797.394 801.262
240    96.820    26.208  2.991  14 1 4 1 2 4 8 479.256 482.935
241   -44.696   -37.854  3.076  14 1 4 1 2 4 8 754.457 758.363
242    33.417    11.792  3.209  15 1 4 1 2 4 8 103.996 107.698
243   -35.187    19.226  3.204   2 1 4 1 2 4 8 120.815 124.564
244   -14.233   -74.988  3.308  14 1 4 1 2 4 8 766.171 769.714
245    37.158    -0.836  3.502  17 1 4 1 2 4 8 538.673 542.290
246   -51.697   -26.447  2.973  24 1 4 1 2 4 8 204.927 208.747
247    23.535     5.896  3.363  10 1 4 1 2 4 8 137.855 141.691
248   -18.433    53.711  3.127  20 1 4 1 2 4 8 385.148 389.015
249   -11.340   -17.621  2.949  11 1 4 1 2 4 8 205.340 208.952
250    -7.812   -35.895  3.490  16 1 4 1 2 4 8 64.428 68.157
251     3.522    26.941  3.269   3 1 4 1 2 4 8 654.825 658.392
252   -46.588   -22.266  3.240  11 1 4 1 2 4 8 104.896 108.789
253    -2.997    -0.549  2.962  10 1 4 1 2 4 8 848.593 852.157
254    32.147    17.151  3.520  18 1 4 1 2 4 8 338.233 341.825
255    32.019    13.007  3.473  20 1 4 1 2 4 8 550.523 554.261
256    -6.628    29.889  2.998  24 1 4 1 2 4 8 790.557 794.153
257    77.777   -25.397  3.305  16 1 4 1 2 4 8 804.051 807.802
258    30.707    65.704  3.308   2 1 4 1 2 4 8 675.717 679.389
259   -43.811   -43.036  3.253  14 1 4 1 2 4 8 644.191 647.873
260    49.561    16.827  3.339  10 1 4 1 2 4 8 514.390 518.084
261   -28.931    -0.439  3.061  22 1 4 1 2 4 8 360.559 364.140
262    40.363    16.382  3.008  14 1 4 1 2 4 8 552.727 556.357
263    22.748    40.674  3.497  15 1 4 1 2 4 8 552.742 556.608
264    -1.471     6.567  3.452   7 1 4 1 2 4 8 744.827 748.661
265    -1.190    16.864  3.213  20 1 4 1 2 4 8 723.400 727.268
266     8.032    41.821  3.351   1 1 4 1 2 4 8 571.644 575.411
267   -44.019   -22.784  3.348  24 1 4 1 2 4 8 120.244 124.031
268    12.366   -11.353  2.982  22 1 4 1 2 4 8 169.998 173.898
269    33.276    15.881  3.102  23 1 4 1 2 4 8 450.946 454.506
270   -34.790   -15.045  3.404  20 1 4 1 2 4 8 875.741 879.578
271   -96.857   -19.391  3.192  15 1 4 1 2 4 8 326.451 330.193
272    38.434    -5.353  3.382  14 1 4 1 2 4 8 346.786 350.348
273   -25.391     0.220  3.288  12 1 4 1 2 4 8 147.039 150.676
274     0.848   -31.860  2.986   4 1 4 1 2 4 8 303.040 306.922
275   -24.023    95.691  3.361  15 1 4 1 2 4 8 762.633 766.370
276    -4.272    35.468  3.069  12 1 4 1 2 4 8 496.719 500.406
277    -6.927     1.855  3.036   8 1 4 1 2 4 8 617.795 621.703
278   -70.953    -3.217  3.518   2 1 4 1 2 4 8 123.965 127.742
279   -32.648   -16.522  3.228  24 1 4 1 2 4 8 450.458 454.225
280    42.859   -21.680  3.398   5 1 4 1 2 4 8 416.804 420.492
281     5.182     6.403  3.238   8 1 4 1 2 4 8 316.081 319.851
282    36.920    -4.987  3.110  21 1 4 1 2 4 8 515.349 519.072
283    49.591    27.783  3.068   5 1 4 1 2 4 8 181.645 185.227
284    45.038    10.785  2.938  16 1 4 1 2 4 8 704.234 708.133
285     7.690    14.056  3.207   8 1 4 1 2 4 8 751.894 755.464
286   -60.907    18.640  3.433  24 1 4 1 2 4 8 538.466 542.156
287   -64.496     8.923  3.052  23 1 4 1 2 4 8 497.796 501.368
288    37.158   -14.990  3.518   6 1 4 1 2 4 8 864.661 868.355
289     2.277     7.840 0.000   0 0 0 0.000 978.975
290    32.883    -1.779 0.000   0 0 0 0.000 978.975
291   -49.554   -17.828 0.000   0 0 0 0.000 978.975
292     3.690   -26.099 0.000   0 0 0 0.000 978.975
