6 1 72 6
0 200
0 200
0 200
0 200
0 200
0 200
  1   -92.700   -59.180  2.877  20 1 6 1 2 4 8 16 32 236.149 239.503
  2    71.179    12.543  3.003   6 1 6 1 2 4 8 16 32 576.640 580.050
  3    31.537    66.638  2.600  19 1 6 1 2 4 8 16 32 303.497 306.934
  4    -4.694    25.537  2.725  10 1 6 1 2 4 8 16 32 147.005 150.223
  5   -30.194    67.773  2.959  18 1 6 1 2 4 8 16 32 566.420 569.539
  6    12.677   -57.471  2.622   1 1 6 1 2 4 8 16 32 361.844 365.089
  7   -32.355   -20.966  3.089  15 1 6 1 2 4 8 16 32 115.935 119.244
  8    19.910    48.975  2.984  23 1 6 1 2 4 8 16 32 528.061 531.352
  9    13.202   -19.135  2.720  13 1 6 1 2 4 8 16 32 307.551 310.936
 10    54.877   -41.168  2.757  12 1 6 1 2 4 8 16 32 361.331 364.508
 11    15.063   -25.171  2.869   7 1 6 1 2 4 8 16 32 676.777 679.941
 12   -50.598   -16.418  2.644  25 1 6 1 2 4 8 16 32 293.446 296.836
 13   -29.730    17.078  3.061   5 1 6 1 2 4 8 16 32 647.966 651.401
 14    17.542     1.575  2.633   1 1 6 1 2 4 8 16 32 409.892 413.322
 15    11.127    77.216  2.959  25 1 6 1 2 4 8 16 32 518.447 521.716
 16    33.752    71.259  2.731  10 1 6 1 2 4 8 16 32 682.401 685.688
 17   -56.012   -10.394  2.964   2 1 6 1 2 4 8 16 32 248.832 252.023
 18    57.874   -16.290  3.078   7 1 6 1 2 4 8 16 32 111.880 115.066
 19    10.718   -18.787  2.825  11 1 6 1 2 4 8 16 32 464.647 467.807
 20    53.088   -18.750  3.037   4 1 6 1 2 4 8 16 32 140.499 143.827
 21     1.569     7.532  2.592   6 1 6 1 2 4 8 16 32 71.325 74.742
 22    31.531    48.944  2.951  15 1 6 1 2 4 8 16 32 475.873 479.143
 23   -66.833   -37.854  2.998   7 1 6 1 2 4 8 16 32 375.573 378.813
 24   -70.740    62.244  2.861   8 1 6 1 2 4 8 16 32 322.973 326.293
 25    32.538    23.096  2.667  10 1 6 1 2 4 8 16 32 752.533 755.856
 26   -51.453   -36.444  2.721   9 1 6 1 2 4 8 16 32 646.223 649.512
 27    36.456   -22.638  2.741   4 1 6 1 2 4 8 16 32 538.547 541.968
 28   -31.207    43.494  3.019   6 1 6 1 2 4 8 16 32 161.648 164.898
 29   -10.388    34.491  3.018  22 1 6 1 2 4 8 16 32 354.766 358.112
 30    14.722   -10.834  2.920  17 1 6 1 2 4 8 16 32 204.861 208.153
 31    47.095   -21.387  3.022   9 1 6 1 2 4 8 16 32 303.267 306.437
 32    43.781    34.766  2.598  25 1 6 1 2 4 8 16 32 194.041 197.496
 33    53.546   -67.487  3.014  10 1 6 1 2 4 8 16 32 282.956 286.281
 34    26.801    46.515  2.611  18 1 6 1 2 4 8 16 32 459.208 462.435
 35    63.385    11.981  2.952  21 1 6 1 2 4 8 16 32 273.523 276.707
 36    47.192    -5.475  3.018  10 1 6 1 2 4 8 16 32 608.107 611.243
 37   -16.315   -11.267  3.006  23 1 6 1 2 4 8 16 32 773.861 776.976
 38    78.900    17.651  2.796  23 1 6 1 2 4 8 16 32 363.042 366.240
 39    79.822    22.272  3.032  11 1 6 1 2 4 8 16 32 448.227 451.569
 40    12.878    16.919  2.997   1 1 6 1 2 4 8 16 32 455.538 458.754
 41   -67.981    -3.754  3.000  23 1 6 1 2 4 8 16 32 280.721 284.105
 42     9.198   -18.597  2.840  16 1 6 1 2 4 8 16 32 715.448 718.569
 43   -35.950   -19.141  2.808  10 1 6 1 2 4 8 16 32 202.761 206.007
 44    28.766    45.276  2.959  12 1 6 1 2 4 8 16 32 143.827 147.054
 45    11.469    68.231  2.983  12 1 6 1 2 4 8 16 32 640.412 643.777
 46   -22.760    45.496  3.058   3 1 6 1 2 4 8 16 32 444.912 448.357
 47   -65.674   -23.120  2.718  22 1 6 1 2 4 8 16 32 227.335 230.664
 48     7.239     1.599  2.766  21 1 6 1 2 4 8 16 32 804.763 808.168
 49   -29.785   -11.285  2.754  13 1 6 1 2 4 8 16 32 117.497 120.842
 50   -89.050    16.211  3.001  15 1 6 1 2 4 8 16 32 690.994 694.335
 51   -46.887    -3.363  2.648  13 1 6 1 2 4 8 16 32 123.283 126.530
 52   -14.972    30.621  2.853  20 1 6 1 2 4 8 16 32 363.696 366.992
 53   -17.035    49.774  2.760  10 1 6 1 2 4 8 16 32 150.611 154.054
 54    31.635    53.619  2.798  25 1 6 1 2 4 8 16 32 353.056 356.507
 55    -3.577    13.342  2.953   7 1 6 1 2 4 8 16 32 131.994 135.325
 56    33.008    58.960  2.765  15 1 6 1 2 4 8 16 32 498.213 501.601
 57   -92.950    63.263  3.063   2 1 6 1 2 4 8 16 32 473.397 476.632
 58    -9.137   -22.931  2.935  23 1 6 1 2 4 8 16 32 300.053 303.270
 59   -39.960     6.195  3.009   5 1 6 1 2 4 8 16 32 540.679 543.994
 60    28.430   -19.214  2.713  25 1 6 1 2 4 8 16 32 510.767 513.932
 61   -28.540    -3.485  2.956   9 1 6 1 2 4 8 16 32 409.399 412.797
 62    31.415    36.859  2.633   2 1 6 1 2 4 8 16 32 293.294 296.498
 63   -49.426    60.602  2.623  24 1 6 1 2 4 8 16 32 310.231 313.522
 64   -72.827   -27.765  2.967  13 1 6 1 2 4 8 16 32 272.729 275.912
 65    60.083   -45.905  2.932  20 1 6 1 2 4 8 16 32 464.256 467.438
 66    10.870    -3.900  3.026  13 1 6 1 2 4 8 16 32 727.015 730.240
 67    25.122     7.672  2.763  15 1 6 1 2 4 8 16 32 298.676 302.030
 68   -46.997   -17.474  2.670   4 1 6 1 2 4 8 16 32 382.136 385.249
 69    16.058    33.020  2.993  20 1 6 1 2 4 8 16 32 697.991 701.178
 70    25.409   -11.700  2.929   8 1 6 1 2 4 8 16 32 683.018 686.465
 71    68.323    -5.145  2.915  19 1 6 1 2 4 8 16 32 435.512 438.859
 72   -13.104    62.158  2.856  20 1 6 1 2 4 8 16 32 328.944 332.153
 73    42.395    -8.344 0.000   0 0 0 0.000 863.860
 74   -42.175   -14.554 0.000   0 0 0 0.000 863.860
 75    16.034    40.726 0.000   0 0 0 0.000 863.860
 76   -14.639    29.633 0.000   0 0 0 0.000 863.860
 77    16.049    -3.934 0.000   0 0 0 0.000 863.860
 78    46.112    12.430 0.000   0 0 0 0.000 863.860
