6 2 144 6
0 190
0 190
0 190
0 190
0 190
0 190
  1   -40.289   -42.303  2.977  20 1 6 1 2 4 8 16 32 356.997 360.245
  2   -64.709   -17.389  2.908  10 1 6 1 2 4 8 16 32 456.313 459.763
  3     5.060   -14.349  2.794   8 1 6 1 2 4 8 16 32 425.049 428.509
  4    72.095    20.233  2.720   6 1 6 1 2 4 8 16 32 463.937 467.293
  5     2.594   -15.002  2.871   1 1 6 1 2 4 8 16 32 660.864 664.084
  6   -24.176   -72.894  3.033  19 1 6 1 2 4 8 16 32 595.606 598.953
  7   -13.190    66.498  3.045  13 1 6 1 2 4 8 16 32 185.542 188.719
  8    33.191    13.690  2.726  24 1 6 1 2 4 8 16 32 254.208 257.476
  9    66.827   -30.554  2.748  15 1 6 1 2 4 8 16 32 207.039 210.515
 10    19.934    35.883  2.698  13 1 6 1 2 4 8 16 32 145.965 149.423
 11   -27.771    32.269  2.660  10 1 6 1 2 4 8 16 32 626.017 629.298
 12    51.154   -16.827  2.841   4 1 6 1 2 4 8 16 32 255.130 258.360
 13   -19.214    23.749  2.999  12 1 6 1 2 4 8 16 32 478.848 482.078
 14   -46.643   -52.954  2.982  21 1 6 1 2 4 8 16 32 673.519 676.767
 15   -10.590   -16.626  3.009   2 1 6 1 2 4 8 16 32 711.037 714.282
 16    35.150    12.622  2.890  10 1 6 1 2 4 8 16 32 411.896 415.382
 17   -37.378    12.256  2.797  20 1 6 1 2 4 8 16 32 805.328 808.533
 18    82.794    25.836  2.787   9 1 6 1 2 4 8 16 32 205.698 208.923
 19     8.936    -3.723  2.943  24 1 6 1 2 4 8 16 32 611.587 615.057
 20   -56.659    25.555  3.047  19 1 6 1 2 4 8 16 32 801.038 804.291
 21   -52.020   -40.137  2.911  13 1 6 1 2 4 8 16 32 444.639 447.846
 22    39.270    12.787  3.111  14 1 6 1 2 4 8 16 32 144.385 147.886
 23    19.757    21.228  2.826  17 1 6 1 2 4 8 16 32 632.359 635.546
 24   -23.071   -12.659  2.903  25 1 6 1 2 4 8 16 32 87.298 90.809
 25    15.686    52.374  2.866   1 1 6 1 2 4 8 16 32 311.109 314.466
 26    58.771    -7.056  2.806   9 1 6 1 2 4 8 16 32 464.256 467.525
 27   -33.087    72.266  2.645  12 1 6 1 2 4 8 16 32 209.040 212.221
 28     2.551    46.851  3.026  22 1 6 1 2 4 8 16 32 277.148 280.347
 29   -18.719    73.126  2.836   2 1 6 1 2 4 8 16 32 330.558 333.882
 30   -67.627   -20.679  2.967  21 1 6 1 2 4 8 16 32 523.210 526.449
 31   -76.862   -11.365  3.120   8 1 6 1 2 4 8 16 32 389.819 393.104
 32   -24.194   -38.263  2.863  19 1 6 1 2 4 8 16 32 213.393 216.619
 33   -20.374   -31.903  3.071  24 1 6 1 2 4 8 16 32 745.536 749.018
 34     9.290    39.618  2.950  24 1 6 1 2 4 8 16 32 464.949 468.256
 35    26.044    35.974  3.072   2 1 6 1 2 4 8 16 32 346.202 349.635
 36   -57.385   -45.264  2.985  20 1 6 1 2 4 8 16 32 395.539 398.909
 37     1.489   -62.592  3.123  20 1 6 1 2 4 8 16 32 642.065 645.530
 38    34.937    13.672  2.784   5 1 6 1 2 4 8 16 32 724.868 728.165
 39   -22.290    45.648  3.102  17 1 6 1 2 4 8 16 32 443.403 446.870
 40    -5.920    44.061  3.086   4 1 6 1 2 4 8 16 32 535.379 538.548
 41   -38.446   -23.541  2.653  21 1 6 1 2 4 8 16 32 372.667 375.945
 42    28.894    33.936  2.814   3 1 6 1 2 4 8 16 32 468.802 472.268
 43   -35.388    -5.341  2.658  16 1 6 1 2 4 8 16 32 379.633 383.093
 44   -19.501    13.519  2.763  14 1 6 1 2 4 8 16 32 453.181 456.414
 45    -9.216   -30.988  2.724   6 1 6 1 2 4 8 16 32 501.810 505.216
 46   -22.131   -17.065  2.880   5 1 6 1 2 4 8 16 32 760.290 763.465
 47   -22.827    36.810  2.833  12 1 6 1 2 4 8 16 32 686.865 690.161
 48   -61.365   -18.463  3.136  23 1 6 1 2 4 8 16 32 604.302 607.763
 49    50.128   -66.046  2.702  12 1 6 1 2 4 8 16 32 594.749 598.100
 50    25.647    24.139  2.853  18 1 6 1 2 4 8 16 32 271.106 274.512
 51    65.521    42.810  2.864  24 1 6 1 2 4 8 16 32 360.399 363.616
 52   -60.956   -47.925  2.958   3 1 6 1 2 4 8 16 32 730.541 733.987
 53    -9.070    42.798  3.003   3 1 6 1 2 4 8 16 32 655.956 659.436
 54   -19.061     4.480  2.687  25 1 6 1 2 4 8 16 32 225.352 228.593
 55   -54.071    -3.870  3.079  22 1 6 1 2 4 8 16 32 796.074 799.344
 56   -25.598   -18.866  3.042  25 1 6 1 2 4 8 16 32 330.147 333.592
 57   -18.707    84.296  2.801  15 1 6 1 2 4 8 16 32 328.042 331.351
 58   -70.184   -39.166  2.768  18 1 6 1 2 4 8 16 32 141.255 144.439
 59   -14.636    -0.446  2.788   8 1 6 1 2 4 8 16 32 492.399 495.662
 60   -76.465   -38.922  2.675  20 1 6 1 2 4 8 16 32 651.388 654.750
 61    44.092    12.433  2.853  18 1 6 1 2 4 8 16 32 212.818 216.022
 62   -22.772   -50.867  2.659   5 1 6 1 2 4 8 16 32 289.585 293.058
 63    19.104    44.672  3.021  25 1 6 1 2 4 8 16 32 280.757 284.083
 64   -44.019   -39.935  2.647  16 1 6 1 2 4 8 16 32 535.306 538.727
 65    -2.972    -4.059  2.665  14 1 6 1 2 4 8 16 32 393.029 396.390
 66   -24.261    35.907  2.813   1 1 6 1 2 4 8 16 32 308.783 312.112
 67   -61.877   -73.901  2.998  15 1 6 1 2 4 8 16 32 229.646 233.084
 68    -5.640   -26.721  2.798  22 1 6 1 2 4 8 16 32 609.655 612.831
 69    45.844   -36.835  2.803   6 1 6 1 2 4 8 16 32 399.938 403.158
 70   -51.746   -79.840  3.154  24 1 6 1 2 4 8 16 32 575.972 579.425
 71   -33.008    10.992  2.967  19 1 6 1 2 4 8 16 32 805.557 808.753
 72   -25.653    -0.372  2.709  12 1 6 1 2 4 8 16 32 95.398 98.681
 73   -21.497    61.487  2.971  13 1 6 1 2 4 8 16 32 737.324 740.703
 74     2.032    26.727  2.956  10 1 6 1 2 4 8 16 32 219.126 222.591
 75   -26.758    14.807  3.037  12 1 6 1 2 4 8 16 32 705.946 709.267
 76   -37.256   -44.861  2.678  13 1 6 1 2 4 8 16 32 529.545 532.888
 77    -0.861   -16.418  2.801  25 1 6 1 2 4 8 16 32 410.651 413.891
 78   -51.160    34.967  2.774  12 1 6 1 2 4 8 16 32 672.724 675.921
 79   -41.266   -76.886  2.911   2 1 6 1 2 4 8 16 32 332.641 335.953
 80   -30.255    74.701  2.911  11 1 6 1 2 4 8 16 32 338.973 342.150
 81   -46.368    -1.514  2.762  10 1 6 1 2 4 8 16 32 391.223 394.564
 82   -71.619    73.077  2.663   9 1 6 1 2 4 8 16 32 669.501 672.899
 83   -46.606   -39.948  2.892  21 1 6 1 2 4 8 16 32 159.743 162.921
 84   -30.243    67.102  2.673  14 1 6 1 2 4 8 16 32 204.449 207.700
 85   -40.997   -43.036  2.820  15 1 6 1 2 4 8 16 32 755.592 758.962
 86   -74.286   -52.307  2.662   6 1 6 1 2 4 8 16 32 180.823 184.100
 87   -17.609   -71.851  3.151  25 1 6 1 2 4 8 16 32 643.157 646.526
 88     2.350   -81.805  2.671  14 1 6 1 2 4 8 16 32 180.576 184.078
 89   -85.486   -54.059  2.769  17 1 6 1 2 4 8 16 32 669.539 672.954
 90    23.822    10.571  3.069   8 1 6 1 2 4 8 16 32 615.319 618.792
 91   -24.530   -31.726  2.700   4 1 6 1 2 4 8 16 32 167.269 170.723
 92   -42.474   -15.009  2.684  17 1 6 1 2 4 8 16 32 532.455 535.734
 93   -33.624    50.330  2.824  23 1 6 1 2 4 8 16 32 695.514 698.923
 94   -81.458   -41.565  2.644   4 1 6 1 2 4 8 16 32 405.374 408.710
 95   -73.505   -48.279  2.792   4 1 6 1 2 4 8 16 32 370.849 374.213
 96    -3.052    70.898  2.708   9 1 6 1 2 4 8 16 32 198.139 201.351
 97     0.946    25.458  2.714   9 1 6 1 2 4 8 16 32 675.100 678.404
 98   -54.144    13.525  2.805  19 1 6 1 2 4 8 16 32 241.107 244.372
 99   -30.634     7.526  2.674  12 1 6 1 2 4 8 16 32 602.930 606.369
100   -68.335   -34.277  3.046  25 1 6 1 2 4 8 16 32 624.340 627.767
101     7.178    57.935  2.966   8 1 6 1 2 4 8 16 32 616.695 619.993
102     4.712    48.669  3.108  13 1 6 1 2 4 8 16 32 371.852 375.092
103    58.087    26.379  2.836   3 1 6 1 2 4 8 16 32 726.350 729.867
104    18.347    34.784  3.151   6 1 6 1 2 4 8 16 32 655.112 658.594
105   -44.629   -61.975  2.904  11 1 6 1 2 4 8 16 32 495.738 499.136
106     5.231    26.068  2.944  24 1 6 1 2 4 8 16 32 719.749 723.086
107   -48.065   -36.755  3.122  16 1 6 1 2 4 8 16 32 223.469 226.926
108    -3.589   -27.734  2.895  21 1 6 1 2 4 8 16 32 187.590 190.981
109     9.808    36.896  2.818  25 1 6 1 2 4 8 16 32 260.648 263.917
110    59.460     1.233  3.063  10 1 6 1 2 4 8 16 32 202.151 205.468
111   -47.522    19.873  2.983   2 1 6 1 2 4 8 16 32 684.591 688.060
112   -48.431   -50.317  2.705  13 1 6 1 2 4 8 16 32 705.996 709.469
113    44.666    20.953  2.993  14 1 6 1 2 4 8 16 32 652.370 655.742
114   -19.226    32.770  2.923  19 1 6 1 2 4 8 16 32 194.570 197.980
115   -15.662    17.462  3.094  16 1 6 1 2 4 8 16 32 219.247 222.505
116   -91.669    77.722  3.007  23 1 6 1 2 4 8 16 32 155.738 159.108
117   -30.035   -78.284  3.066  13 1 6 1 2 4 8 16 32 401.828 405.137
118    73.663    32.941  2.796  24 1 6 1 2 4 8 16 32 432.354 435.815
119    22.400   -60.083  3.046  17 1 6 1 2 4 8 16 32 683.476 686.936
120    61.206   -13.501  2.902   8 1 6 1 2 4 8 16 32 472.053 475.492
121    22.131   -50.012  2.890  12 1 6 1 2 4 8 16 32 409.279 412.674
122    -6.317    56.665  3.140   6 1 6 1 2 4 8 16 32 633.915 637.292
123   -20.471    12.885  2.838  20 1 6 1 2 4 8 16 32 804.078 807.578
124   -61.084   -44.769  3.073  20 1 6 1 2 4 8 16 32 413.746 417.091
125    -9.576   -19.366  2.783  24 1 6 1 2 4 8 16 32 705.182 708.579
126     5.627   -88.501  2.803  10 1 6 1 2 4 8 16 32 154.759 158.275
127    -2.618    22.131  2.816  18 1 6 1 2 4 8 16 32 361.244 364.500
128    40.497    32.343  2.950  10 1 6 1 2 4 8 16 32 691.823 695.245
129    -3.296    36.774  2.739  15 1 6 1 2 4 8 16 32 229.678 232.847
130   -50.995    19.781  2.913  12 1 6 1 2 4 8 16 32 658.712 662.053
131   -70.520    -3.809  2.968  22 1 6 1 2 4 8 16 32 217.703 220.929
132     4.205     0.812  2.930  11 1 6 1 2 4 8 16 32 223.903 227.114
133     9.955    26.337  3.144  14 1 6 1 2 4 8 16 32 493.494 496.834
134    13.538   -21.313  3.002   9 1 6 1 2 4 8 16 32 659.633 662.829
135   -21.869   -18.768  3.160   6 1 6 1 2 4 8 16 32 608.367 611.586
136   -37.158   -30.768  2.878  23 1 6 1 2 4 8 16 32 275.848 279.288
137   -86.975    10.345  2.893   8 1 6 1 2 4 8 16 32 575.000 578.346
138   -47.272   -46.326  2.664  22 1 6 1 2 4 8 16 32 623.174 626.352
139     4.095   -19.354  2.725   7 1 6 1 2 4 8 16 32 661.679 665.042
140     4.205    30.292  2.885  15 1 6 1 2 4 8 16 32 268.931 272.194
141   -42.017    53.986  3.113  22 1 6 1 2 4 8 16 32 402.669 406.083
142    35.095   -10.895  3.008   7 1 6 1 2 4 8 16 32 540.237 543.752
143    61.188   -59.875  3.006  14 1 6 1 2 4 8 16 32 675.201 678.578
144   -34.674    -1.337  3.146  21 1 6 1 2 4 8 16 32 128.334 131.571
145    -3.799    44.290 0.000   0 0 0 0.000 879.825
146    14.233    21.173 0.000   0 0 0 0.000 879.825
147   -23.334   -28.397 0.000   0 0 0 0.000 879.825
148    10.065     1.822 0.000   0 0 0 0.000 879.825
149   -49.115   -43.549 0.000   0 0 0 0.000 879.825
150   -21.054     4.144 0.000   0 0 0 0.000 879.825
