6 3 216 6
0 180
0 180
0 180
0 180
0 180
0 180
  1   -41.235   -66.357  2.998   3 1 6 1 2 4 8 16 32 410.371 414.208
  2    34.064   -59.357  3.338  16 1 6 1 2 4 8 16 32 688.742 692.442
  3    20.917   -52.582  3.361   8 1 6 1 2 4 8 16 32 820.742 824.565
  4   -38.538   -37.396  3.232  15 1 6 1 2 4 8 16 32 129.687 133.490
  5    41.058    22.931  3.440  12 1 6 1 2 4 8 16 32 225.227 228.709
  6   -54.034   -53.131  3.270  13 1 6 1 2 4 8 16 32 680.160 683.743
  7     8.099    80.725  3.100   8 1 6 1 2 4 8 16 32 274.330 277.971
  8    81.299    13.409  3.003  24 1 6 1 2 4 8 16 32 512.707 516.500
  9    14.459    -2.972  3.377  14 1 6 1 2 4 8 16 32 701.483 704.950
 10   -52.539    60.107  3.406  17 1 6 1 2 4 8 16 32 656.253 659.721
 11   -57.202   -34.229  3.317   8 1 6 1 2 4 8 16 32 668.831 672.390
 12   -65.552   -40.222  3.232  11 1 6 1 2 4 8 16 32 430.111 433.662
 13   -19.751   -10.278  3.287   8 1 6 1 2 4 8 16 32 548.393 551.932
 14   -26.965   -87.012  3.193  17 1 6 1 2 4 8 16 32 337.014 340.780
 15     3.192   -88.654  3.090  19 1 6 1 2 4 8 16 32 655.140 658.639
 16    34.521    32.837  3.099  13 1 6 1 2 4 8 16 32 267.838 271.541
 17    80.035     5.273  3.377   2 1 6 1 2 4 8 16 32 172.032 175.709
 18   -39.838   -67.731  2.889   8 1 6 1 2 4 8 16 32 237.373 240.984
 19    14.600    11.365  2.908  21 1 6 1 2 4 8 16 32 448.898 452.368
 20   -20.990   -80.511  2.968  13 1 6 1 2 4 8 16 32 175.287 178.770
 21    48.242    47.284  3.390  17 1 6 1 2 4 8 16 32 675.376 679.067
 22    59.338   -31.860  3.421   4 1 6 1 2 4 8 16 32 642.228 645.951
 23   -13.995   -45.624  3.163  22 1 6 1 2 4 8 16 32 112.203 116.006
 24    32.397   -32.532  3.137  24 1 6 1 2 4 8 16 32 278.653 282.236
 25     2.826    50.824  3.026  11 1 6 1 2 4 8 16 32 639.791 643.337
 26   -66.077   -34.686  3.027   6 1 6 1 2 4 8 16 32 162.474 166.116
 27   -13.660    18.640  3.306  19 1 6 1 2 4 8 16 32 497.059 500.557
 28   -59.344    12.769  3.177  11 1 6 1 2 4 8 16 32 635.247 638.831
 29    -5.133   -18.463  2.931  23 1 6 1 2 4 8 16 32 627.029 630.646
 30   -22.961   -21.729  3.106   4 1 6 1 2 4 8 16 32 264.382 267.947
 31    58.130    46.606  3.052   5 1 6 1 2 4 8 16 32 299.715 303.315
 32   -49.603   -76.624  3.195  16 1 6 1 2 4 8 16 32 621.437 625.226
 33    -4.803    43.036  2.888   2 1 6 1 2 4 8 16 32 286.619 290.320
 34    68.616   -19.623  3.200  13 1 6 1 2 4 8 16 32 145.966 149.719
 35    37.915    63.599  3.441  11 1 6 1 2 4 8 16 32 285.203 288.865
 36     1.251   -26.550  3.397   9 1 6 1 2 4 8 16 32 85.905 89.539
 37   -37.952     1.685  3.420  18 1 6 1 2 4 8 16 32 730.408 734.137
 38   -40.503     8.038  3.041   7 1 6 1 2 4 8 16 32 385.369 389.162
 39    -8.392   -38.678  3.422  24 1 6 1 2 4 8 16 32 392.980 396.741
 40   -36.725    25.494  3.203   5 1 6 1 2 4 8 16 32 412.982 416.732
 41   -47.754   -50.073  3.270   2 1 6 1 2 4 8 16 32 389.070 392.559
 42    22.595   -28.357  3.267   5 1 6 1 2 4 8 16 32 515.311 518.842
 43   -36.365   -48.163  3.180   5 1 6 1 2 4 8 16 32 726.642 730.338
 44    75.452   -13.422  3.255   3 1 6 1 2 4 8 16 32 183.077 186.673
 45   -64.520   -13.232  3.051  13 1 6 1 2 4 8 16 32 205.186 209.004
 46     1.257    29.156  3.016   2 1 6 1 2 4 8 16 32 246.997 250.460
 47    -1.569   -35.974  3.172  10 1 6 1 2 4 8 16 32 764.737 768.549
 48    46.747     6.696  3.314  12 1 6 1 2 4 8 16 32 125.084 128.627
 49    82.080    27.057  3.363  24 1 6 1 2 4 8 16 32 524.183 527.972
 50    74.695    19.366  2.927  21 1 6 1 2 4 8 16 32 387.115 390.782
 51    47.015     9.338  3.138  18 1 6 1 2 4 8 16 32 666.960 670.585
 52   -62.036   -21.326  2.904   5 1 6 1 2 4 8 16 32 281.474 284.932
 53     9.192    20.038  3.143  15 1 6 1 2 4 8 16 32 224.324 227.920
 54    -3.094    21.582  3.367  11 1 6 1 2 4 8 16 32 173.672 177.489
 55   -75.446    13.086  3.043   7 1 6 1 2 4 8 16 32 209.457 212.967
 56    10.034   -63.739  3.182   3 1 6 1 2 4 8 16 32 539.401 543.128
 57    71.814    26.501  3.261  17 1 6 1 2 4 8 16 32 558.900 562.628
 58    18.842   -38.019  3.048  14 1 6 1 2 4 8 16 32 646.175 649.654
 59   -10.541   -31.305  3.237  14 1 6 1 2 4 8 16 32 456.378 459.905
 60     8.252   -91.150  3.345   7 1 6 1 2 4 8 16 32 499.963 503.699
 61    72.821   -38.916  3.302  12 1 6 1 2 4 8 16 32 392.244 395.851
 62   -30.157    38.776  3.238   5 1 6 1 2 4 8 16 32 865.448 869.122
 63   -56.256    -5.548  2.915  11 1 6 1 2 4 8 16 32 246.452 250.195
 64    -8.398   -37.604  3.233  17 1 6 1 2 4 8 16 32 247.320 250.808
 65    15.021    13.708  3.338   3 1 6 1 2 4 8 16 32 412.476 415.976
 66   -60.199    24.292  3.268   7 1 6 1 2 4 8 16 32 355.589 359.366
 67   -13.794   -27.106  2.961  13 1 6 1 2 4 8 16 32 381.496 385.040
 68   -34.796   -22.205  3.386  20 1 6 1 2 4 8 16 32 381.253 384.960
 69    69.641    83.057  2.974  13 1 6 1 2 4 8 16 32 196.384 199.986
 70   -44.440    30.090  3.029   4 1 6 1 2 4 8 16 32 318.211 321.867
 71    48.633     3.021  3.071   3 1 6 1 2 4 8 16 32 409.534 413.102
 72   -15.314    51.709  3.286  24 1 6 1 2 4 8 16 32 535.471 538.986
 73    36.261    26.782  2.965  23 1 6 1 2 4 8 16 32 764.147 767.875
 74    59.961    24.310  3.102  21 1 6 1 2 4 8 16 32 280.060 283.722
 75    55.304     6.628  3.011  23 1 6 1 2 4 8 16 32 500.170 503.992
 76    39.960    48.297  3.097  10 1 6 1 2 4 8 16 32 468.530 472.003
 77   -48.895   -71.100  3.130  21 1 6 1 2 4 8 16 32 242.203 245.910
 78    -2.338   -62.909  2.981  24 1 6 1 2 4 8 16 32 820.963 824.670
 79     9.491   -41.901  3.223   9 1 6 1 2 4 8 16 32 103.949 107.712
 80   -54.675   -18.439  3.283  22 1 6 1 2 4 8 16 32 500.014 503.844
 81    10.980    -7.605  3.196   3 1 6 1 2 4 8 16 32 531.504 535.253
 82   -69.824   -50.354  3.084   6 1 6 1 2 4 8 16 32 268.996 272.687
 83   -40.308    -7.452  3.001  11 1 6 1 2 4 8 16 32 113.116 116.869
 84    62.244    43.628  2.944  10 1 6 1 2 4 8 16 32 805.356 808.979
 85    29.077    63.116  3.072  15 1 6 1 2 4 8 16 32 745.197 748.940
 86   -12.067   -21.509  3.349   9 1 6 1 2 4 8 16 32 101.650 105.393
 87    14.728    28.906  3.305  20 1 6 1 2 4 8 16 32 242.405 245.870
 88   -63.086   -60.114  2.902  19 1 6 1 2 4 8 16 32 425.232 428.843
 89    33.655    -0.928  3.008  19 1 6 1 2 4 8 16 32 783.734 787.269
 90   -12.225    14.148  3.081  19 1 6 1 2 4 8 16 32 607.378 611.107
 91   -89.966    51.514  2.913  20 1 6 1 2 4 8 16 32 676.809 680.270
 92    -0.763    41.339  2.931   1 1 6 1 2 4 8 16 32 258.782 262.265
 93    80.695    32.983  3.198  15 1 6 1 2 4 8 16 32 775.133 778.737
 94   -53.394   -14.240  3.417  18 1 6 1 2 4 8 16 32 367.579 371.112
 95   -53.284   -64.136  2.994   2 1 6 1 2 4 8 16 32 211.179 214.888
 96    73.260    10.669  3.034  25 1 6 1 2 4 8 16 32 224.209 228.026
 97    59.613    13.452  3.312  20 1 6 1 2 4 8 16 32 267.744 271.504
 98   -37.012     6.476  3.004  18 1 6 1 2 4 8 16 32 418.019 421.767
 99   -53.656    21.692  2.963   8 1 6 1 2 4 8 16 32 541.308 544.913
100   -36.890    18.372  3.302   3 1 6 1 2 4 8 16 32 438.757 442.222
101    -4.608   -13.806  3.012   2 1 6 1 2 4 8 16 32 890.830 894.654
102    53.802    36.993  3.343  15 1 6 1 2 4 8 16 32 194.051 197.887
103    48.468   -66.040  2.988  21 1 6 1 2 4 8 16 32 269.488 273.143
104   -46.393   -20.929  3.384   6 1 6 1 2 4 8 16 32 661.796 665.471
105   -15.045   -40.845  3.073  24 1 6 1 2 4 8 16 32 239.974 243.805
106   -73.621    -9.552  3.292  19 1 6 1 2 4 8 16 32 488.503 492.335
107    92.847    45.587  3.338  23 1 6 1 2 4 8 16 32 259.577 263.107
108    33.557    28.064  3.325  16 1 6 1 2 4 8 16 32 360.341 363.916
109    47.321    24.414  3.292  16 1 6 1 2 4 8 16 32 607.775 611.305
110    -6.610   -30.157  3.064   9 1 6 1 2 4 8 16 32 626.781 630.431
111    12.103    23.840  3.150   1 1 6 1 2 4 8 16 32 384.692 388.330
112   -61.963    26.239  3.255  10 1 6 1 2 4 8 16 32 141.452 145.121
113    23.877     9.808  2.928  14 1 6 1 2 4 8 16 32 839.432 843.006
114    49.780     6.866  3.137  11 1 6 1 2 4 8 16 32 692.492 696.208
115   -53.021   -21.484  3.124   4 1 6 1 2 4 8 16 32 282.030 285.794
116    54.962     2.985  2.957  23 1 6 1 2 4 8 16 32 285.778 289.515
117     4.865   -69.586  3.290  23 1 6 1 2 4 8 16 32 113.289 116.833
118    33.948    45.209  2.985  22 1 6 1 2 4 8 16 32 695.878 699.696
119   -32.166   -23.621  3.259  11 1 6 1 2 4 8 16 32 680.605 684.175
120   -17.548   -46.765  2.955  14 1 6 1 2 4 8 16 32 279.432 282.900
121    31.744    33.972  3.285  12 1 6 1 2 4 8 16 32 635.847 639.393
122    45.374    22.131  2.974  13 1 6 1 2 4 8 16 32 243.950 247.675
123    -5.219   -23.114  3.341  11 1 6 1 2 4 8 16 32 214.007 217.768
124   -51.056   -46.545  3.373   9 1 6 1 2 4 8 16 32 627.269 630.878
125    11.774    11.133  2.935   6 1 6 1 2 4 8 16 32 88.860 92.546
126   -39.758   -13.019  2.969  25 1 6 1 2 4 8 16 32 595.620 599.320
127    27.930    29.321  2.896  21 1 6 1 2 4 8 16 32 768.089 771.768
128    33.740    66.595  3.444  13 1 6 1 2 4 8 16 32 561.133 564.957
129   -91.815    29.858  3.201  23 1 6 1 2 4 8 16 32 552.747 556.355
130   -24.628   -68.701  3.232   8 1 6 1 2 4 8 16 32 734.865 738.540
131    44.659    20.465  3.401   7 1 6 1 2 4 8 16 32 578.068 581.648
132    45.447   -21.069  3.293   8 1 6 1 2 4 8 16 32 526.222 529.807
133   -37.366   -12.097  3.023   9 1 6 1 2 4 8 16 32 558.022 561.543
134    41.998     0.153  3.387   2 1 6 1 2 4 8 16 32 211.591 215.052
135   -42.822   -30.170  3.340  24 1 6 1 2 4 8 16 32 850.881 854.419
136    34.906    -4.578  3.453   7 1 6 1 2 4 8 16 32 146.102 149.876
137   -65.137   -43.079  3.031  23 1 6 1 2 4 8 16 32 534.042 537.748
138    20.270    -4.999  3.454  21 1 6 1 2 4 8 16 32 793.600 797.363
139   -36.731    -8.929  3.434  12 1 6 1 2 4 8 16 32 635.098 638.628
140   -26.984   -19.568  3.039  23 1 6 1 2 4 8 16 32 645.935 649.588
141   -31.299   -83.813  2.918  18 1 6 1 2 4 8 16 32 406.736 410.469
142   -26.794    12.506  3.026   5 1 6 1 2 4 8 16 32 194.107 197.867
143   -39.362   -58.521  3.384  15 1 6 1 2 4 8 16 32 176.993 180.527
144   -34.369     0.610  2.888  11 1 6 1 2 4 8 16 32 842.362 845.973
145    43.372     4.187  3.072   8 1 6 1 2 4 8 16 32 510.475 514.206
146   -38.226    -9.448  3.404   2 1 6 1 2 4 8 16 32 717.216 720.960
147   -25.610   -99.237  2.961   6 1 6 1 2 4 8 16 32 583.007 586.578
148    48.059    29.517  3.221  23 1 6 1 2 4 8 16 32 465.144 468.632
149   -43.628   -32.318  3.096   9 1 6 1 2 4 8 16 32 774.960 778.788
150   -16.602   -29.327  3.080   1 1 6 1 2 4 8 16 32 780.828 784.640
151   -29.810   -12.408  2.903  12 1 6 1 2 4 8 16 32 804.432 807.954
152   -51.910   -28.711  3.020  17 1 6 1 2 4 8 16 32 150.703 154.232
153    -1.801   -18.671  3.017   2 1 6 1 2 4 8 16 32 348.403 352.120
154    18.738    21.399  3.273   5 1 6 1 2 4 8 16 32 699.053 702.555
155    60.120     7.788  3.079   1 1 6 1 2 4 8 16 32 492.797 496.443
156    43.079    42.017  3.433  20 1 6 1 2 4 8 16 32 629.265 632.832
157   -39.435    -5.902  3.052  19 1 6 1 2 4 8 16 32 451.541 455.235
158   -35.889   -16.034  3.112  13 1 6 1 2 4 8 16 32 264.259 267.905
159   -41.827    38.995  3.106  10 1 6 1 2 4 8 16 32 769.379 772.977
160    84.497    29.822  3.417   9 1 6 1 2 4 8 16 32 157.565 161.212
161   -17.560   -10.480  3.357  14 1 6 1 2 4 8 16 32 453.421 456.969
162   -48.383   -48.920  3.224   4 1 6 1 2 4 8 16 32 365.989 369.449
163   -49.335   -17.969  2.898  20 1 6 1 2 4 8 16 32 609.159 612.804
164    16.095    -2.490  3.211  17 1 6 1 2 4 8 16 32 334.061 337.523
165    65.527    14.026  3.426  19 1 6 1 2 4 8 16 32 200.588 204.248
166    -2.930    13.220  3.428  19 1 6 1 2 4 8 16 32 564.127 567.823
167   -18.768   -23.663  3.350  16 1 6 1 2 4 8 16 32 822.602 826.411
168   -91.095   -80.737  3.390   4 1 6 1 2 4 8 16 32 715.648 719.404
169   -21.088   -13.293  3.005   1 1 6 1 2 4 8 16 32 676.452 679.984
170    46.985    17.224  3.327  21 1 6 1 2 4 8 16 32 555.320 559.065
171   -61.957   -33.038  3.141   9 1 6 1 2 4 8 16 32 126.218 130.048
172    -9.003   -25.452  3.421   2 1 6 1 2 4 8 16 32 351.186 354.717
173    33.661    -7.666  3.325  24 1 6 1 2 4 8 16 32 295.643 299.160
174   -25.592   -10.840  3.293   1 1 6 1 2 4 8 16 32 607.585 611.163
175    36.560    -2.441  3.375  21 1 6 1 2 4 8 16 32 755.321 758.870
176     7.141    24.817  3.297  13 1 6 1 2 4 8 16 32 117.065 120.586
177   -43.170   -30.487  3.021  15 1 6 1 2 4 8 16 32 656.896 660.643
178   -21.228     0.751  3.367   4 1 6 1 2 4 8 16 32 792.785 796.463
179    19.696    10.767  2.921  10 1 6 1 2 4 8 16 32 505.298 509.115
180    -6.494   -29.425  3.173  19 1 6 1 2 4 8 16 32 855.476 858.980
181    54.388     8.630  2.964   1 1 6 1 2 4 8 16 32 523.528 527.249
182    64.203    77.612  3.072  25 1 6 1 2 4 8 16 32 516.258 520.077
183    40.381     1.611  3.169   3 1 6 1 2 4 8 16 32 655.819 659.516
184   -41.711    -5.133  2.998  21 1 6 1 2 4 8 16 32 490.095 493.634
185    74.274   -19.922  3.065   7 1 6 1 2 4 8 16 32 214.304 217.852
186   -73.999   -54.626  3.171  18 1 6 1 2 4 8 16 32 488.027 491.525
187    29.706    15.454  3.229   3 1 6 1 2 4 8 16 32 153.762 157.380
188    23.785    12.177  3.041   1 1 6 1 2 4 8 16 32 380.676 384.345
189    42.578    45.325  3.120   2 1 6 1 2 4 8 16 32 189.622 193.278
190   -16.730   -16.559  3.158   8 1 6 1 2 4 8 16 32 624.562 628.062
191   -14.697    -0.116  3.044  10 1 6 1 2 4 8 16 32 103.380 107.033
192   -19.769     8.392  3.260  19 1 6 1 2 4 8 16 32 761.894 765.552
193   -30.267    14.893  3.121  17 1 6 1 2 4 8 16 32 669.351 672.979
194   -63.116   -67.462  3.143  19 1 6 1 2 4 8 16 32 557.146 560.721
195    86.029    38.916  3.209  24 1 6 1 2 4 8 16 32 162.377 165.956
196    79.480   -24.866  3.054  24 1 6 1 2 4 8 16 32 296.211 299.732
197    35.144    14.734  3.238   6 1 6 1 2 4 8 16 32 821.834 825.565
198   -49.365    -9.052  3.340   2 1 6 1 2 4 8 16 32 301.862 305.630
199   -49.475   -17.578  3.295   7 1 6 1 2 4 8 16 32 719.529 723.110
200    57.501    16.327  3.164  10 1 6 1 2 4 8 16 32 378.953 382.625
201    54.889    12.024  3.293  13 1 6 1 2 4 8 16 32 400.801 404.407
202   -53.027   -33.179  3.413  20 1 6 1 2 4 8 16 32 359.133 362.740
203    -0.415    16.644  3.145   1 1 6 1 2 4 8 16 32 311.968 315.482
204    21.594    16.144  3.393  17 1 6 1 2 4 8 16 32 347.443 351.125
205   -46.924   -49.261  3.165  17 1 6 1 2 4 8 16 32 245.060 248.559
206    18.457    19.733  2.912  16 1 6 1 2 4 8 16 32 408.128 411.878
207    35.822    19.763  3.003   9 1 6 1 2 4 8 16 32 752.601 756.418
208    71.869    29.034  2.971  25 1 6 1 2 4 8 16 32 450.120 453.700
209   -56.378   -42.755  3.150   1 1 6 1 2 4 8 16 32 499.773 503.568
210   -25.800    25.159  3.316  23 1 6 1 2 4 8 16 32 565.354 568.918
211    -5.676    33.850  2.930  10 1 6 1 2 4 8 16 32 164.454 168.189
212    54.041    -5.292  3.310  15 1 6 1 2 4 8 16 32 415.329 419.149
213   -63.074    27.380  3.432  25 1 6 1 2 4 8 16 32 268.508 272.033
214   -16.864   -49.768  3.166  25 1 6 1 2 4 8 16 32 117.950 121.686
215    47.919    13.629  3.328  16 1 6 1 2 4 8 16 32 504.927 508.627
216   -10.724    -2.075  3.238   1 1 6 1 2 4 8 16 32 251.565 255.242
217   -15.067   -23.950 0.000   0 0 0 0.000 960.420
218    38.791    22.443 0.000   0 0 0 0.000 960.420
219   -41.833   -35.361 0.000   0 0 0 0.000 960.420
220   -29.523    -4.843 0.000   0 0 0 0.000 960.420
221    49.725    11.990 0.000   0 0 0 0.000 960.420
222    21.133    14.142 0.000   0 0 0 0.000 960.420
