6 4 288 6
0 170
0 170
0 170
0 170
0 170
0 170
  1    12.805     1.886  3.178  10 1 6 1 2 4 8 16 32 196.297 200.101
  2    18.213     1.373  3.299  21 1 6 1 2 4 8 16 32 828.975 832.766
  3    57.947   -48.779  3.373   8 1 6 1 2 4 8 16 32 198.842 202.560
  4   -52.429   -84.088  3.282  23 1 6 1 2 4 8 16 32 812.103 815.739
  5    60.797   -32.593  3.501  10 1 6 1 2 4 8 16 32 439.340 443.223
  6    23.151     4.205  3.093   9 1 6 1 2 4 8 16 32 274.485 278.301
  7    25.385    22.986  3.478  21 1 6 1 2 4 8 16 32 692.932 696.547
  8    25.513   -52.985  3.039  16 1 6 1 2 4 8 16 32 321.610 325.381
  9   -49.261   -41.718  3.188  21 1 6 1 2 4 8 16 32 772.829 776.482
 10   -37.561   -41.730  3.406   3 1 6 1 2 4 8 16 32 528.440 532.242
 11   -14.520    48.962  3.438  24 1 6 1 2 4 8 16 32 530.958 534.650
 12    41.229   -24.500  3.246   2 1 6 1 2 4 8 16 32 528.683 532.275
 13   -21.863     0.916  2.983   4 1 6 1 2 4 8 16 32 65.218 69.028
 14   -48.181   -16.284  2.982  18 1 6 1 2 4 8 16 32 818.187 822.087
 15    -7.776    44.348  3.080   5 1 6 1 2 4 8 16 32 733.519 737.393
 16    20.801    10.760  3.543  13 1 6 1 2 4 8 16 32 768.017 771.800
 17   -29.712   -46.326  3.321  13 1 6 1 2 4 8 16 32 231.794 235.532
 18   -20.203   -59.564  3.309  14 1 6 1 2 4 8 16 32 593.481 597.121
 19   -87.079   -52.899  3.505  10 1 6 1 2 4 8 16 32 230.352 233.942
 20     3.046    -6.305  3.195   3 1 6 1 2 4 8 16 32 361.241 364.969
 21    11.865     5.261  3.449   1 1 6 1 2 4 8 16 32 383.206 386.808
 22   -24.072   -55.927  2.972  11 1 6 1 2 4 8 16 32 591.895 595.536
 23   -22.803     5.658  3.357  16 1 6 1 2 4 8 16 32 800.272 804.219
 24   -51.904     9.412  3.528   6 1 6 1 2 4 8 16 32 304.645 308.453
 25    12.732   -40.967  2.976  18 1 6 1 2 4 8 16 32 271.958 275.666
 26   -30.988     7.654  3.305  11 1 6 1 2 4 8 16 32 97.892 101.618
 27    37.512     0.458  3.072  15 1 6 1 2 4 8 16 32 695.548 699.356
 28     2.954    -8.563  3.487  17 1 6 1 2 4 8 16 32 330.976 334.905
 29     0.549     3.644  3.534  17 1 6 1 2 4 8 16 32 206.285 209.911
 30   -52.484     9.711  3.218   1 1 6 1 2 4 8 16 32 169.044 172.910
 31    33.936   -48.718  3.278   1 1 6 1 2 4 8 16 32 627.027 630.771
 32   -13.129   -53.601  3.197  18 1 6 1 2 4 8 16 32 276.750 280.422
 33   -99.591    23.303  3.271   3 1 6 1 2 4 8 16 32 615.676 619.398
 34     6.439    -3.516  3.283  21 1 6 1 2 4 8 16 32 719.254 723.081
 35   -14.032   -19.818  3.420  22 1 6 1 2 4 8 16 32 358.832 362.466
 36   -24.677    16.608  3.321  14 1 6 1 2 4 8 16 32 306.108 310.040
 37   -10.260   -81.769  3.084   4 1 6 1 2 4 8 16 32 548.472 552.275
 38    35.858     5.597  3.114  17 1 6 1 2 4 8 16 32 480.925 484.554
 39   -11.603    42.908  3.407  16 1 6 1 2 4 8 16 32 813.531 817.195
 40   -34.662   -15.466  3.546   8 1 6 1 2 4 8 16 32 897.649 901.215
 41    66.852     1.135  3.548  14 1 6 1 2 4 8 16 32 822.447 826.145
 42     6.866    -1.416  3.083  23 1 6 1 2 4 8 16 32 915.071 918.868
 43     1.660    -2.234  3.187   1 1 6 1 2 4 8 16 32 712.090 715.762
 44    37.561    11.450  3.348  21 1 6 1 2 4 8 16 32 368.866 372.616
 45    51.672   -26.343  3.073  10 1 6 1 2 4 8 16 32 538.836 542.420
 46    19.025   -10.889  3.200  19 1 6 1 2 4 8 16 32 376.610 380.197
 47   -37.982    -6.360  3.486   6 1 6 1 2 4 8 16 32 306.275 310.229
 48   -56.537   -42.334  3.286   4 1 6 1 2 4 8 16 32 160.959 164.808
 49     1.099   -14.624  3.069  18 1 6 1 2 4 8 16 32 157.513 161.410
 50   -56.238    -3.076  3.436  23 1 6 1 2 4 8 16 32 628.142 632.056
 51   -23.669   -15.289  3.462  25 1 6 1 2 4 8 16 32 538.595 542.541
 52   -34.277    -1.410  3.214  17 1 6 1 2 4 8 16 32 677.309 681.136
 53   -64.178    63.812  3.144  11 1 6 1 2 4 8 16 32 411.816 415.670
 54   -47.083   -20.386  3.288  20 1 6 1 2 4 8 16 32 781.163 784.977
 55   -33.710     8.380  3.461   9 1 6 1 2 4 8 16 32 388.211 391.938
 56    34.290    26.031  3.248  23 1 6 1 2 4 8 16 32 112.794 116.477
 57   -38.861    42.114  3.129  14 1 6 1 2 4 8 16 32 674.056 677.625
 58   -92.731    44.885  3.343   7 1 6 1 2 4 8 16 32 566.810 570.470
 59    23.633    27.643  3.099  15 1 6 1 2 4 8 16 32 765.157 768.904
 60   -67.139   -67.078  3.467  22 1 6 1 2 4 8 16 32 623.151 626.961
 61    25.726   -25.836  3.072   4 1 6 1 2 4 8 16 32 400.236 404.040
 62   -40.985   -16.895  3.068  14 1 6 1 2 4 8 16 32 229.570 233.174
 63    77.008    -6.097  3.286  24 1 6 1 2 4 8 16 32 146.191 149.846
 64   -54.810    -1.935  3.402  13 1 6 1 2 4 8 16 32 209.333 213.267
 65   -53.943   -29.663  3.016   9 1 6 1 2 4 8 16 32 186.965 190.726
 66    16.089   -27.887  3.475   3 1 6 1 2 4 8 16 32 289.743 293.469
 67   -59.436    36.487  3.530  23 1 6 1 2 4 8 16 32 872.657 876.338
 68    34.473    25.391  2.979   2 1 6 1 2 4 8 16 32 754.044 757.904
 69    -9.283    -6.689  3.485  23 1 6 1 2 4 8 16 32 281.322 284.931
 70   -85.559   -20.477  3.204   8 1 6 1 2 4 8 16 32 330.385 334.327
 71    29.523    18.347  3.336  23 1 6 1 2 4 8 16 32 160.838 164.702
 72    27.814     6.512  3.367  13 1 6 1 2 4 8 16 32 744.374 748.233
 73    42.151   -25.580  3.026  25 1 6 1 2 4 8 16 32 478.555 482.362
 74    82.202    85.828  3.298  25 1 6 1 2 4 8 16 32 628.245 632.176
 75   -47.766   -35.590  3.426  20 1 6 1 2 4 8 16 32 386.734 390.612
 76    22.015   -20.349  3.265   9 1 6 1 2 4 8 16 32 397.644 401.501
 77   -55.756   -33.490  3.316  15 1 6 1 2 4 8 16 32 768.495 772.121
 78    62.006    -1.453  3.113   4 1 6 1 2 4 8 16 32 748.399 752.301
 79    25.549    -3.796  3.420   1 1 6 1 2 4 8 16 32 672.957 676.705
 80   -43.372    -7.379  3.066   7 1 6 1 2 4 8 16 32 724.243 727.883
 81    60.297    52.637  3.340  12 1 6 1 2 4 8 16 32 662.525 666.290
 82   -96.155    34.100  3.542   5 1 6 1 2 4 8 16 32 548.290 552.086
 83   -32.806    -3.845  2.999   8 1 6 1 2 4 8 16 32 205.349 209.268
 84   -47.827   -45.203  3.434   1 1 6 1 2 4 8 16 32 698.062 701.856
 85   -31.128   -93.848  3.497  24 1 6 1 2 4 8 16 32 477.052 480.712
 86   -17.010   -21.857  3.281  23 1 6 1 2 4 8 16 32 525.684 529.400
 87    -8.386    -2.264  3.055  12 1 6 1 2 4 8 16 32 72.197 76.038
 88    35.834    13.147  3.143   2 1 6 1 2 4 8 16 32 565.063 568.919
 89    29.315    54.468  3.264  22 1 6 1 2 4 8 16 32 316.878 320.720
 90    48.352    -8.783  3.137   3 1 6 1 2 4 8 16 32 632.698 636.362
 91    -2.930    27.039  3.437  12 1 6 1 2 4 8 16 32 411.987 415.800
 92   -16.620   -55.389  3.205  16 1 6 1 2 4 8 16 32 186.396 190.111
 93   -40.851   -47.742  3.054   8 1 6 1 2 4 8 16 32 625.081 628.867
 94   -12.878    -2.039  3.453  25 1 6 1 2 4 8 16 32 563.843 567.434
 95   -51.776     7.281  3.153   6 1 6 1 2 4 8 16 32 131.224 135.140
 96   -32.922    23.828  3.256  24 1 6 1 2 4 8 16 32 680.111 683.946
 97    13.983   -34.521  3.345  16 1 6 1 2 4 8 16 32 379.409 383.018
 98   -35.834   -23.834  3.507   7 1 6 1 2 4 8 16 32 249.801 253.616
 99    91.858     5.542  3.481   9 1 6 1 2 4 8 16 32 719.166 723.041
100   -28.442   -34.180  3.318  23 1 6 1 2 4 8 16 32 169.706 173.426
101    33.844    27.875  3.245  24 1 6 1 2 4 8 16 32 696.308 700.019
102    98.431    31.348  3.542  19 1 6 1 2 4 8 16 32 782.806 786.395
103   -57.751   -27.753  3.528   9 1 6 1 2 4 8 16 32 837.510 841.454
104   -43.890    13.007  3.398  10 1 6 1 2 4 8 16 32 345.761 349.584
105    37.585    49.768  2.980  23 1 6 1 2 4 8 16 32 334.790 338.699
106    -3.687     7.373  3.020   2 1 6 1 2 4 8 16 32 913.174 917.022
107   -98.242    61.658  3.200   5 1 6 1 2 4 8 16 32 612.847 616.445
108   -23.560   -32.520  3.019  25 1 6 1 2 4 8 16 32 185.524 189.386
109    22.980   -18.109  3.234  17 1 6 1 2 4 8 16 32 898.822 902.702
110    43.915    -2.985  3.291  23 1 6 1 2 4 8 16 32 373.972 377.791
111    71.509    11.652  3.129  23 1 6 1 2 4 8 16 32 222.350 226.145
112   -43.011   -38.702  3.004  13 1 6 1 2 4 8 16 32 274.060 277.742
113   -83.954     2.179  3.428   2 1 6 1 2 4 8 16 32 434.373 438.146
114    11.090   -40.942  3.041  24 1 6 1 2 4 8 16 32 120.695 124.309
115    27.173   -13.330  3.548  22 1 6 1 2 4 8 16 32 363.817 367.669
116   -86.102   -59.808  3.403  20 1 6 1 2 4 8 16 32 718.020 721.799
117   -22.345   -78.278  3.368  15 1 6 1 2 4 8 16 32 115.055 118.630
118   -38.727   -33.588  3.404  12 1 6 1 2 4 8 16 32 573.741 577.467
119    -1.227   -28.668  3.378  17 1 6 1 2 4 8 16 32 521.886 525.591
120    81.329   -44.244  3.361  21 1 6 1 2 4 8 16 32 806.373 810.064
121    51.904    19.891  3.296  10 1 6 1 2 4 8 16 32 374.973 378.753
122   -34.973   -27.856  3.130   4 1 6 1 2 4 8 16 32 688.980 692.805
123   -51.483   -23.248  3.076  21 1 6 1 2 4 8 16 32 505.265 509.152
124    -0.647   -46.057  3.210   3 1 6 1 2 4 8 16 32 607.323 611.022
125    68.219   -66.986  3.552  17 1 6 1 2 4 8 16 32 773.103 776.787
126   -15.149   -25.482  3.071  19 1 6 1 2 4 8 16 32 550.607 554.192
127    22.412   -34.375  3.553  10 1 6 1 2 4 8 16 32 530.776 534.616
128    36.176   -10.431  3.224  21 1 6 1 2 4 8 16 32 341.228 345.102
129   -23.639   -47.681  2.992  21 1 6 1 2 4 8 16 32 578.920 582.704
130   -14.722    32.684  3.262   6 1 6 1 2 4 8 16 32 156.339 160.035
131    16.821   -12.720  3.287   8 1 6 1 2 4 8 16 32 423.364 427.113
132    93.378    23.004  3.440   8 1 6 1 2 4 8 16 32 208.722 212.402
133    40.344   -24.176  3.302  13 1 6 1 2 4 8 16 32 223.340 226.992
134     5.530    -4.901  3.405   7 1 6 1 2 4 8 16 32 908.940 912.889
135   -78.015     1.270  3.091  11 1 6 1 2 4 8 16 32 628.970 632.725
136    51.569   -45.673  3.122  18 1 6 1 2 4 8 16 32 139.649 143.303
137    49.249   -30.896  3.493  10 1 6 1 2 4 8 16 32 327.526 331.183
138   -62.195   -21.399  3.298  25 1 6 1 2 4 8 16 32 744.014 747.591
139    -5.048     7.306  3.025   7 1 6 1 2 4 8 16 32 710.027 713.595
140     1.727   -70.221  3.497  17 1 6 1 2 4 8 16 32 78.201 81.996
141     1.361    -3.564  3.199  20 1 6 1 2 4 8 16 32 537.599 541.492
142   -15.521    16.425  3.223  18 1 6 1 2 4 8 16 32 89.096 92.678
143   -31.604   -60.938  3.526  21 1 6 1 2 4 8 16 32 521.290 524.871
144   -46.997   -55.560  3.062  14 1 6 1 2 4 8 16 32 211.391 215.213
145     2.301     5.536  2.993   2 1 6 1 2 4 8 16 32 546.348 550.128
146   -30.328    -0.580  3.249  18 1 6 1 2 4 8 16 32 358.381 362.054
147   -16.821    17.664  3.195  10 1 6 1 2 4 8 16 32 289.395 293.328
148    52.655    29.034  3.398   5 1 6 1 2 4 8 16 32 642.632 646.433
149   -11.993   -83.771  3.154  15 1 6 1 2 4 8 16 32 604.629 608.358
150    41.632    43.048  3.040  17 1 6 1 2 4 8 16 32 815.723 819.316
151     8.508    -2.539  3.301  12 1 6 1 2 4 8 16 32 910.123 913.784
152    31.512    -8.978  3.387  14 1 6 1 2 4 8 16 32 395.777 399.659
153    -3.339   -36.243  3.224   3 1 6 1 2 4 8 16 32 882.989 886.621
154   -26.379    13.776  3.022   7 1 6 1 2 4 8 16 32 380.170 383.891
155    28.430    10.571  3.478  21 1 6 1 2 4 8 16 32 650.407 654.099
156     5.975    27.289  3.411   7 1 6 1 2 4 8 16 32 268.282 271.876
157   -32.135   -45.068  3.080   5 1 6 1 2 4 8 16 32 151.157 154.896
158    31.097    -7.916  3.173  24 1 6 1 2 4 8 16 32 812.025 815.681
159    28.198   -29.755  3.157  13 1 6 1 2 4 8 16 32 384.348 388.070
160   -39.612   -33.594  3.515  18 1 6 1 2 4 8 16 32 188.796 192.498
161   -19.220    -5.133  2.984  19 1 6 1 2 4 8 16 32 856.845 860.698
162   -10.114    69.977  3.498  22 1 6 1 2 4 8 16 32 566.449 570.228
163    22.894   -44.348  3.193  13 1 6 1 2 4 8 16 32 149.312 153.161
164   -34.741     0.580  3.259  10 1 6 1 2 4 8 16 32 253.328 256.983
165   -44.952   -77.734  3.401   4 1 6 1 2 4 8 16 32 477.887 481.789
166   -23.749   -56.012  3.349  17 1 6 1 2 4 8 16 32 755.910 759.809
167    69.073   -97.125  3.536   2 1 6 1 2 4 8 16 32 459.559 463.169
168    12.170   -59.869  3.250  18 1 6 1 2 4 8 16 32 519.519 523.326
169    47.339    17.365  3.075   2 1 6 1 2 4 8 16 32 513.685 517.425
170    -4.706    14.056  3.178  18 1 6 1 2 4 8 16 32 417.279 421.047
171   -52.374   -50.244  3.528  13 1 6 1 2 4 8 16 32 854.070 857.931
172    39.215   -29.773  3.343  24 1 6 1 2 4 8 16 32 190.166 193.785
173   -42.316   -60.602  3.169  25 1 6 1 2 4 8 16 32 551.196 555.060
174    19.135    41.150  3.321   2 1 6 1 2 4 8 16 32 829.247 832.919
175   -54.706   -17.596  3.306   2 1 6 1 2 4 8 16 32 782.221 786.055
176    11.737   -83.173  3.086   7 1 6 1 2 4 8 16 32 251.996 255.747
177   -40.582   -53.247  3.258  23 1 6 1 2 4 8 16 32 460.019 463.618
178    -6.421    21.967  3.521  21 1 6 1 2 4 8 16 32 228.834 232.745
179   -31.268   -34.613  3.445  18 1 6 1 2 4 8 16 32 780.790 784.418
180    -3.668   -26.868  3.442  21 1 6 1 2 4 8 16 32 709.690 713.333
181    13.409   -22.302  3.187  23 1 6 1 2 4 8 16 32 530.245 533.829
182   -95.892   -86.322  3.225  16 1 6 1 2 4 8 16 32 508.477 512.085
183    88.983   -53.387  3.367  22 1 6 1 2 4 8 16 32 767.229 771.059
184   -55.048   -32.538  3.168  11 1 6 1 2 4 8 16 32 728.600 732.551
185    27.850   -10.028  3.212  22 1 6 1 2 4 8 16 32 711.493 715.210
186    40.918   -36.090  3.107  10 1 6 1 2 4 8 16 32 592.737 596.391
187   -58.350    15.814  3.327  15 1 6 1 2 4 8 16 32 234.902 238.613
188   -52.161   -74.725  3.382  23 1 6 1 2 4 8 16 32 568.889 572.599
189   -66.772   -34.943  3.372   7 1 6 1 2 4 8 16 32 875.928 879.676
190   -33.374   -62.024  3.016   1 1 6 1 2 4 8 16 32 856.617 860.193
191    -8.649    31.708  3.311  21 1 6 1 2 4 8 16 32 734.044 737.773
192   -26.166   -56.152  3.545  11 1 6 1 2 4 8 16 32 190.360 194.268
193   -39.874   -53.375  3.133   2 1 6 1 2 4 8 16 32 360.346 364.288
194    71.643   -36.981  2.989  24 1 6 1 2 4 8 16 32 411.594 415.413
195   -96.924     8.411  3.500  25 1 6 1 2 4 8 16 32 502.378 506.116
196    -2.911    36.200  3.041  17 1 6 1 2 4 8 16 32 534.596 538.385
197   -53.253    14.099  3.506  10 1 6 1 2 4 8 16 32 859.031 862.714
198    67.316   -39.734  3.068  18 1 6 1 2 4 8 16 32 824.580 828.519
199    -6.525    11.975  3.376   2 1 6 1 2 4 8 16 32 384.940 388.725
200    16.425    33.221  3.011  12 1 6 1 2 4 8 16 32 563.707 567.274
201   -19.061   -56.921  3.109   4 1 6 1 2 4 8 16 32 130.311 133.917
202    25.189   -21.045  3.135   1 1 6 1 2 4 8 16 32 715.884 719.733
203    37.854    -5.524  3.375   1 1 6 1 2 4 8 16 32 736.265 740.032
204   -16.479    48.657  3.003   6 1 6 1 2 4 8 16 32 406.557 410.474
205     2.344   -16.516  3.475  22 1 6 1 2 4 8 16 32 849.315 853.076
206   -48.621   -12.390  3.261  25 1 6 1 2 4 8 16 32 111.312 114.948
207   -42.621   -50.006  3.555  21 1 6 1 2 4 8 16 32 768.457 772.364
208    16.016    11.169  3.215  18 1 6 1 2 4 8 16 32 792.176 795.775
209   -80.408   -60.583  3.433  14 1 6 1 2 4 8 16 32 840.054 843.965
210   -95.068    44.293  3.379  21 1 6 1 2 4 8 16 32 561.209 564.976
211    -6.885    24.884  3.437   4 1 6 1 2 4 8 16 32 98.007 101.779
212    -4.803    21.674  3.222   1 1 6 1 2 4 8 16 32 454.883 458.454
213     7.037   -45.337  3.425  18 1 6 1 2 4 8 16 32 209.783 213.503
214    31.293   -39.905  3.294   4 1 6 1 2 4 8 16 32 417.496 421.293
215    14.984    26.172  3.467   4 1 6 1 2 4 8 16 32 751.200 754.790
216    33.203   -52.289  3.211   5 1 6 1 2 4 8 16 32 649.963 653.876
217   -59.277    39.667  3.127  15 1 6 1 2 4 8 16 32 653.803 657.620
218    30.054   -36.823  3.319   5 1 6 1 2 4 8 16 32 522.116 526.028
219     9.351   -39.044  3.047  22 1 6 1 2 4 8 16 32 617.190 620.755
220   -10.651    54.431  3.286  21 1 6 1 2 4 8 16 32 327.985 331.798
221    20.856   -26.465  3.321  17 1 6 1 2 4 8 16 32 196.282 199.998
222    19.617    17.865  3.228   8 1 6 1 2 4 8 16 32 617.610 621.500
223   -36.981   -92.950  3.028   4 1 6 1 2 4 8 16 32 593.635 597.322
224    -3.760    59.875  3.557   4 1 6 1 2 4 8 16 32 699.527 703.104
225    11.682   -63.336  3.243  16 1 6 1 2 4 8 16 32 746.604 750.552
226     4.468   -36.133  3.181   5 1 6 1 2 4 8 16 32 455.806 459.463
227    47.040   -41.254  3.542  15 1 6 1 2 4 8 16 32 165.859 169.794
228    29.938   -58.710  3.452  25 1 6 1 2 4 8 16 32 665.304 669.035
229   -70.569    -7.037  3.358  15 1 6 1 2 4 8 16 32 210.194 213.810
230    56.262     1.819  3.228   7 1 6 1 2 4 8 16 32 478.745 482.332
231    46.210   -53.522  3.037  19 1 6 1 2 4 8 16 32 754.286 758.029
232     6.366   -14.264  3.155  11 1 6 1 2 4 8 16 32 365.252 368.997
233   -34.540   -39.502  3.287  13 1 6 1 2 4 8 16 32 155.464 159.227
234   -50.537    28.357  3.534  24 1 6 1 2 4 8 16 32 444.857 448.626
235   -61.444   -10.901  3.274   4 1 6 1 2 4 8 16 32 621.749 625.332
236   -30.823    17.902  3.090  13 1 6 1 2 4 8 16 32 664.174 667.886
237    49.658    24.469  3.408   6 1 6 1 2 4 8 16 32 442.812 446.633
238   -69.775   -41.406  3.209   4 1 6 1 2 4 8 16 32 527.045 530.843
239   -18.939    57.690  3.466  12 1 6 1 2 4 8 16 32 591.061 594.678
240   -22.449    15.771  2.981   4 1 6 1 2 4 8 16 32 143.872 147.619
241    -7.599    37.030  3.339   4 1 6 1 2 4 8 16 32 711.209 714.773
242    27.435    17.554  3.129  25 1 6 1 2 4 8 16 32 841.602 845.185
243    45.526    -5.127  3.465  25 1 6 1 2 4 8 16 32 660.553 664.234
244   -33.551   -25.586  3.460  14 1 6 1 2 4 8 16 32 627.768 631.483
245    -4.645    53.754  3.277  25 1 6 1 2 4 8 16 32 193.012 196.759
246   -41.119   -13.361  3.260  13 1 6 1 2 4 8 16 32 351.166 354.844
247    23.010   -45.703  3.356  13 1 6 1 2 4 8 16 32 301.906 305.572
248    17.230     5.096  3.123  11 1 6 1 2 4 8 16 32 816.178 820.129
249    -6.818   -19.873  3.242  24 1 6 1 2 4 8 16 32 572.648 576.345
250    52.966    51.410  3.066   5 1 6 1 2 4 8 16 32 284.939 288.596
251   -28.662   -50.940  3.203  12 1 6 1 2 4 8 16 32 263.843 267.703
252    69.684   -51.520  3.168   4 1 6 1 2 4 8 16 32 463.250 467.173
253    36.884   -17.371  3.524   5 1 6 1 2 4 8 16 32 756.456 760.364
254   -19.659    42.035  3.399  24 1 6 1 2 4 8 16 32 148.145 151.760
255    72.125    65.405  3.215  17 1 6 1 2 4 8 16 32 804.798 808.523
256   -71.368    59.863  3.327   4 1 6 1 2 4 8 16 32 211.324 214.912
257    18.317   -37.750  3.408   1 1 6 1 2 4 8 16 32 603.346 607.035
258    18.121     0.482  3.074  19 1 6 1 2 4 8 16 32 287.212 291.022
259    -1.105   -30.676  3.048   7 1 6 1 2 4 8 16 32 64.991 68.698
260   -44.574   -44.055  3.281  24 1 6 1 2 4 8 16 32 643.241 647.129
261   -28.058   -59.436  3.521  10 1 6 1 2 4 8 16 32 815.107 818.901
262    -7.953     4.639  3.132  13 1 6 1 2 4 8 16 32 348.586 352.446
263   -37.366   -28.528  3.331  24 1 6 1 2 4 8 16 32 440.378 444.285
264     4.388   -38.489  3.484   3 1 6 1 2 4 8 16 32 724.615 728.185
265   -44.592   -35.333  3.172  14 1 6 1 2 4 8 16 32 556.879 560.498
266   -56.714   -39.252  3.097   2 1 6 1 2 4 8 16 32 770.884 774.771
267    13.452   -32.159  3.112  24 1 6 1 2 4 8 16 32 294.471 298.065
268   -20.343   -11.182  3.028  11 1 6 1 2 4 8 16 32 677.614 681.325
269     3.436   -52.734  3.237   5 1 6 1 2 4 8 16 32 885.210 889.149
270    40.576   -54.492  3.350  14 1 6 1 2 4 8 16 32 164.226 168.111
271    31.952   -25.421  3.499  21 1 6 1 2 4 8 16 32 421.610 425.292
272   -57.434    38.525  3.302  14 1 6 1 2 4 8 16 32 819.897 823.612
273    47.510   -42.035  3.113  15 1 6 1 2 4 8 16 32 248.809 252.398
274   -28.143   -41.614  3.333   3 1 6 1 2 4 8 16 32 338.645 342.453
275    -2.258    -5.078  3.386  15 1 6 1 2 4 8 16 32 702.303 706.237
276   -27.167   -27.936  3.322  15 1 6 1 2 4 8 16 32 271.615 275.538
277   -24.048   -47.192  2.995  21 1 6 1 2 4 8 16 32 815.572 819.190
278   -77.521   -55.084  2.975  17 1 6 1 2 4 8 16 32 199.882 203.812
279   -62.036   -43.439  3.328  18 1 6 1 2 4 8 16 32 279.179 282.768
280   -71.936   -20.160  3.131  15 1 6 1 2 4 8 16 32 646.661 650.532
281   -66.504   -39.789  3.202  19 1 6 1 2 4 8 16 32 362.633 366.211
282    14.587    48.444  3.430   9 1 6 1 2 4 8 16 32 332.661 336.319
283    31.366   -29.462  3.475  10 1 6 1 2 4 8 16 32 455.372 459.215
284     6.512   -46.124  3.271  13 1 6 1 2 4 8 16 32 114.671 118.487
285     9.650    39.508  3.124  25 1 6 1 2 4 8 16 32 469.550 473.290
286    16.040    16.681  3.455   1 1 6 1 2 4 8 16 32 825.655 829.401
287     7.745   -75.378  3.173  11 1 6 1 2 4 8 16 32 725.236 728.935
288   -27.173    -4.462  3.383  25 1 6 1 2 4 8 16 32 717.925 721.679
289   -40.198   -12.781 0.000   0 0 0 0.000 990.110
290   -40.488   -35.864 0.000   0 0 0 0.000 990.110
291    -1.193     2.515 0.000   0 0 0 0.000 990.110
292    18.329   -35.468 0.000   0 0 0 0.000 990.110
293    23.746    -0.522 0.000   0 0 0 0.000 990.110
294   -46.396   -39.923 0.000   0 0 0 0.000 990.110
