6 1 48 4
0 200
0 200
0 200
0 200
  1   -29.730    64.136  3.067  12 1 4 1 2 4 8 290.166 293.787
  2   -30.664     5.463  2.987   8 1 4 1 2 4 8 265.070 268.807
  3    51.642     5.469  3.301  16 1 4 1 2 4 8 641.529 645.068
  4   -13.171    69.336  2.948  -5 1 4 1 2 4 8 470.074 473.710
  5   -67.413    68.323  3.026  12 1 4 1 2 4 8 476.452 480.086
  6    48.907     6.274  3.083   5 1 4 1 2 4 8 250.774 254.407
  7     5.243    22.260  3.259  13 1 4 1 2 4 8 702.673 706.238
  8   -65.002    77.234  3.137  20 1 4 1 2 4 8 752.765 756.378
  9    -4.175    -1.569  3.187  13 1 4 1 2 4 8 660.350 664.011
 10    23.029    11.639  2.888  18 1 4 1 2 4 8 732.946 736.599
 11    25.482     6.287  3.054   7 1 4 1 2 4 8 857.966 861.625
 12   -42.615   -26.392  2.985  -6 1 4 1 2 4 8 515.011 518.629
 13   -76.672    99.341  3.294  -9 1 4 1 2 4 8 429.938 433.507
 14   -20.673    57.892  3.035   9 1 4 1 2 4 8 301.559 305.379
 15   -52.039     6.567  3.162   4 1 4 1 2 4 8 447.586 451.313
 16   -41.376    50.824  3.222  25 1 4 1 2 4 8 623.038 626.506
 17   -91.943    27.588  3.439  -5 1 4 1 2 4 8 609.798 613.476
 18   -65.118    30.212  3.044  17 1 4 1 2 4 8 209.328 213.144
 19    18.597    96.716  3.401   3 1 4 1 2 4 8 308.023 311.486
 20   -40.942    83.209  3.261  16 1 4 1 2 4 8 330.643 334.394
 21   -37.756   -33.325  3.165  25 1 4 1 2 4 8 606.441 609.995
 22    23.767    29.083  3.049  21 1 4 1 2 4 8 843.831 847.383
 23   -43.030    20.453  3.329 -14 1 4 1 2 4 8 361.673 365.486
 24   -35.297   -24.896  3.288  19 1 4 1 2 4 8 194.937 198.737
 25   -54.755    14.368  3.293  14 1 4 1 2 4 8 244.491 248.191
 26   -49.329    33.374  3.042   6 1 4 1 2 4 8 656.096 659.722
 27    57.404    23.822  3.198  16 1 4 1 2 4 8 555.963 559.531
 28   -22.754    55.408  3.330   9 1 4 1 2 4 8 235.244 238.757
 29   -56.622    73.340  3.399  20 1 4 1 2 4 8 148.242 151.779
 30   -38.562    -3.705  3.335  13 1 4 1 2 4 8 773.547 777.134
 31   -16.779    19.537  3.118  10 1 4 1 2 4 8 780.717 784.412
 32   -11.560    11.615  3.088  16 1 4 1 2 4 8 760.020 763.731
 33   -46.545    97.974  3.162  19 1 4 1 2 4 8 718.605 722.326
 34    16.229     9.320  3.257 -22 1 4 1 2 4 8 620.346 623.793
 35     1.294     7.349  3.093 -14 1 4 1 2 4 8 539.951 543.419
 36   -26.404    29.529  2.926  10 1 4 1 2 4 8 233.808 237.364
 37     4.352    14.685  3.311  11 1 4 1 2 4 8 860.180 863.972
 38   -50.665   -23.126  3.443  15 1 4 1 2 4 8 419.464 423.288
 39   -22.833    -9.814  2.907  13 1 4 1 2 4 8 700.103 703.619
 40   -71.100   -18.616  3.077  15 1 4 1 2 4 8 467.083 470.572
 41    -7.849    32.074  3.104   8 1 4 1 2 4 8 296.908 300.713
 42    11.877   -24.933  3.086  22 1 4 1 2 4 8 774.654 778.154
 43   -18.927   -23.730  3.408 -24 1 4 1 2 4 8 157.008 160.528
 44   -11.920    11.755  3.219   3 1 4 1 2 4 8 218.013 221.545
 45    29.840    11.633  3.186 -25 1 4 1 2 4 8 852.737 856.412
 46    12.268   -55.811  3.008  19 1 4 1 2 4 8 601.109 604.803
 47   -37.933   -21.613  3.032  21 1 4 1 2 4 8 490.719 494.226
 48    42.883    -2.966  3.297  10 1 4 1 2 4 8 539.059 542.802
 49     4.163    13.559 0.000   0 0 0 0.000 956.420
 50    21.387    17.105 0.000   0 0 0 0.000 956.420
 51   -36.118    49.097 0.000   0 0 0 0.000 956.420
 52   -31.201     0.235 0.000   0 0 0 0.000 956.420
