6 2 96 4
0 195
0 195
0 195
0 195
  1    33.588    30.750  2.998   4 1 4 1 2 4 8 408.847 412.357
  2    48.828    65.314  2.785  12 1 4 1 2 4 8 350.858 354.232
  3    86.176    59.344  2.734   3 1 4 1 2 4 8 239.612 242.910
  4    39.270   -33.057  2.642  15 1 4 1 2 4 8 269.523 272.879
  5   -23.370    86.853  2.953  13 1 4 1 2 4 8 318.610 321.796
  6    48.132    95.593  2.717  20 1 4 1 2 4 8 681.765 685.098
  7   -16.357    93.311  2.967  21 1 4 1 2 4 8 478.382 481.873
  8   -57.703   -65.601  2.828   4 1 4 1 2 4 8 605.922 609.306
  9     7.147    32.684  2.809  25 1 4 1 2 4 8 728.732 732.006
 10    42.950    68.701  2.786  21 1 4 1 2 4 8 702.310 705.787
 11    37.085    -2.112  3.091   7 1 4 1 2 4 8 709.924 713.109
 12    77.759    55.817  2.864  -3 1 4 1 2 4 8 297.034 300.262
 13   -17.462   -56.567  2.786   9 1 4 1 2 4 8 124.473 127.677
 14    58.575    59.888  2.990   5 1 4 1 2 4 8 185.031 188.311
 15    57.776    15.344  3.028  20 1 4 1 2 4 8 197.689 200.945
 16   -22.327    36.072  2.882  21 1 4 1 2 4 8 402.462 405.655
 17    -7.080    30.493  2.653 -19 1 4 1 2 4 8 670.948 674.159
 18    55.658    60.425  3.031   2 1 4 1 2 4 8 216.133 219.312
 19   -14.307    11.456  2.947  16 1 4 1 2 4 8 766.464 769.756
 20   -29.724    24.268  2.944  18 1 4 1 2 4 8 715.983 719.217
 21    43.219     0.739  2.762  24 1 4 1 2 4 8 347.248 350.567
 22    45.184    35.474  3.153 -24 1 4 1 2 4 8 815.186 818.457
 23    64.484     2.240  2.837   8 1 4 1 2 4 8 289.477 292.933
 24    55.078    72.241  3.075  16 1 4 1 2 4 8 99.985 103.404
 25    16.925    15.741  3.098  19 1 4 1 2 4 8 800.058 803.432
 26    45.038    -3.723  2.680  12 1 4 1 2 4 8 583.729 587.188
 27   -76.782     5.939  2.949   9 1 4 1 2 4 8 354.443 357.848
 28    36.169     0.256  2.750  -3 1 4 1 2 4 8 635.402 638.768
 29    29.218     8.936  2.950 -15 1 4 1 2 4 8 771.554 774.730
 30    65.057     5.225  2.947   4 1 4 1 2 4 8 408.490 411.758
 31    42.175   -22.284  2.969  24 1 4 1 2 4 8 392.276 395.454
 32    25.574    31.726  2.968  22 1 4 1 2 4 8 640.902 644.239
 33    31.561    37.262  2.678  14 1 4 1 2 4 8 817.089 820.417
 34    66.498   -54.169  2.699  11 1 4 1 2 4 8 679.583 682.849
 35    46.576   -17.938  2.744  20 1 4 1 2 4 8 556.921 560.292
 36    65.063    40.875  2.704  -5 1 4 1 2 4 8 162.320 165.544
 37    -2.716    24.768  3.075  11 1 4 1 2 4 8 216.981 220.168
 38   -40.002     3.870  3.122  12 1 4 1 2 4 8 313.477 316.867
 39   -73.505    57.043  3.079  -7 1 4 1 2 4 8 535.627 538.927
 40    81.146   -25.714  3.107  -1 1 4 1 2 4 8 560.803 564.090
 41    12.006    -7.965  2.651  23 1 4 1 2 4 8 778.800 782.073
 42    42.761    38.092  2.782  13 1 4 1 2 4 8 590.021 593.242
 43     3.857   -23.181  2.655   4 1 4 1 2 4 8 86.621 89.887
 44    -7.367    24.390  3.074  23 1 4 1 2 4 8 156.887 160.383
 45    35.944   -11.835  3.061  17 1 4 1 2 4 8 62.632 66.037
 46    52.075     9.692  2.990 -13 1 4 1 2 4 8 303.439 306.927
 47    30.725    30.701  2.727  -9 1 4 1 2 4 8 697.793 701.004
 48    41.223    77.924  3.093 -10 1 4 1 2 4 8 697.735 701.054
 49    68.884   -40.546  3.131  22 1 4 1 2 4 8 550.075 553.551
 50    76.312    86.670  2.900  21 1 4 1 2 4 8 373.822 377.191
 51    63.934    78.540  3.016  13 1 4 1 2 4 8 735.376 738.850
 52    29.150    -9.961  3.021  25 1 4 1 2 4 8 503.709 507.131
 53    85.522    39.954  2.744   8 1 4 1 2 4 8 211.485 214.792
 54    31.775     3.870  3.083  20 1 4 1 2 4 8 471.217 474.601
 55   -20.544    19.086  2.705  -3 1 4 1 2 4 8 509.567 512.859
 56    55.353    43.817  2.969  -4 1 4 1 2 4 8 705.952 709.367
 57    35.406    10.278  2.767  13 1 4 1 2 4 8 626.967 630.365
 58    25.464    -0.287  2.675  18 1 4 1 2 4 8 637.560 640.769
 59    12.396     0.244  3.058   1 1 4 1 2 4 8 409.703 412.914
 60    18.359    20.917  3.098  10 1 4 1 2 4 8 502.153 505.430
 61    27.960   -15.039  3.117  16 1 4 1 2 4 8 703.966 707.202
 62    -3.192    19.879  2.662   9 1 4 1 2 4 8 507.689 511.020
 63     9.332   -41.351  3.156  13 1 4 1 2 4 8 553.396 556.689
 64   -20.581    38.177  2.659  23 1 4 1 2 4 8 763.020 766.358
 65    27.820    28.729  2.910  14 1 4 1 2 4 8 776.361 779.698
 66    59.027    42.310  2.929   5 1 4 1 2 4 8 748.365 751.814
 67    56.311    58.734  3.075   1 1 4 1 2 4 8 766.446 769.641
 68   -51.654    -0.342  2.830   6 1 4 1 2 4 8 225.040 228.445
 69     2.576    32.721  2.637 -20 1 4 1 2 4 8 215.011 218.193
 70    15.131    -3.046  2.848  10 1 4 1 2 4 8 176.482 179.986
 71    66.595    34.937  3.097  19 1 4 1 2 4 8 68.522 71.697
 72    19.476    20.142  2.913 -24 1 4 1 2 4 8 263.153 266.445
 73    -1.172    20.648  2.925   3 1 4 1 2 4 8 320.519 323.987
 74   -21.204    13.660  2.721   5 1 4 1 2 4 8 782.099 785.447
 75    98.846     1.257  2.694  13 1 4 1 2 4 8 764.305 767.638
 76    82.593    72.003  2.689  -5 1 4 1 2 4 8 481.309 484.706
 77    30.017   -30.896  2.718   4 1 4 1 2 4 8 631.107 634.603
 78    33.228    41.663  2.692  12 1 4 1 2 4 8 787.203 790.624
 79    39.490    -8.539  2.760  11 1 4 1 2 4 8 521.000 524.428
 80    54.498    70.813  2.677  20 1 4 1 2 4 8 158.533 161.938
 81     3.058    10.248  2.649  13 1 4 1 2 4 8 76.454 79.662
 82    51.831   -16.870  2.730   1 1 4 1 2 4 8 778.600 781.997
 83    76.416    11.346  3.154   3 1 4 1 2 4 8 627.274 630.733
 84     5.243     0.238  2.856   2 1 4 1 2 4 8 367.828 371.228
 85    50.592    34.247  2.904  23 1 4 1 2 4 8 197.813 201.264
 86    -5.231    -2.081  3.103   8 1 4 1 2 4 8 754.680 758.089
 87    24.194    25.836  3.058  25 1 4 1 2 4 8 830.448 833.768
 88    33.630    37.585  2.736  18 1 4 1 2 4 8 364.267 367.685
 89    31.445    -7.001  2.686  -4 1 4 1 2 4 8 646.567 650.024
 90    30.707   -28.168  2.786   5 1 4 1 2 4 8 547.871 551.303
 91    49.860     1.038  3.008 -21 1 4 1 2 4 8 651.946 655.430
 92   -35.767    14.142  2.838  23 1 4 1 2 4 8 721.624 724.947
 93   -29.309     4.889  2.995  19 1 4 1 2 4 8 739.494 742.753
 94    19.049    41.974  2.949   2 1 4 1 2 4 8 461.773 465.190
 95    27.600    13.934  2.873  21 1 4 1 2 4 8 566.801 569.990
 96    52.832    50.684  2.786 -10 1 4 1 2 4 8 397.435 400.653
 97     6.229    10.590 0.000   0 0 0 0.000 878.140
 98    32.663    44.730 0.000   0 0 0 0.000 878.140
 99    48.807    48.792 0.000   0 0 0 0.000 878.140
100    33.179    -4.968 0.000   0 0 0 0.000 878.140
