6 3 144 4
0 190
0 190
0 190
0 190
  1   -55.280   -24.371  3.281   9 1 4 1 2 4 8 783.446 787.111
  2   -48.297    53.314  2.995  22 1 4 1 2 4 8 695.611 699.290
  3   -49.072   -38.489  3.142  10 1 4 1 2 4 8 524.817 528.235
  4    25.311   -18.561  3.172  24 1 4 1 2 4 8 682.635 686.036
  5   -24.469    -3.815  3.051  25 1 4 1 2 4 8 191.853 195.548
  6    24.591   -17.896  3.136  -6 1 4 1 2 4 8 613.870 617.425
  7   -10.419    60.364  3.045 -22 1 4 1 2 4 8 245.426 248.915
  8    38.177   -35.175  3.279   1 1 4 1 2 4 8 367.671 371.075
  9   -68.280    93.073  2.897  19 1 4 1 2 4 8 161.261 165.010
 10   -30.792   -57.336  3.094  19 1 4 1 2 4 8 672.277 676.021
 11   -37.061   -12.122  3.231   5 1 4 1 2 4 8 653.363 656.952
 12   -15.741   -47.638  2.895   9 1 4 1 2 4 8 734.116 737.712
 13   -63.379   -22.919  3.207  -8 1 4 1 2 4 8 192.481 196.221
 14   -43.109   -43.439  3.261  14 1 4 1 2 4 8 692.227 695.749
 15   -25.623    13.599  2.941  -4 1 4 1 2 4 8 522.123 525.605
 16    -2.625    16.632  3.027  -7 1 4 1 2 4 8 536.448 539.868
 17   -41.577   -28.497  3.098  10 1 4 1 2 4 8 526.105 529.760
 18     2.081    12.885  3.203  22 1 4 1 2 4 8 735.224 738.865
 19     3.925   -47.845  3.157 -17 1 4 1 2 4 8 762.301 766.048
 20   -83.295    26.324  2.882  10 1 4 1 2 4 8 749.550 753.217
 21    -6.458    26.355  3.221   8 1 4 1 2 4 8 427.674 431.214
 22     3.290     6.732  3.293  14 1 4 1 2 4 8 428.740 432.219
 23   -34.869    30.426  2.926  12 1 4 1 2 4 8 163.490 167.131
 24    15.546   -36.273  2.853  17 1 4 1 2 4 8 150.741 154.472
 25    12.842     5.127  3.229 -19 1 4 1 2 4 8 300.763 304.274
 26   -48.450   -24.426  3.327  25 1 4 1 2 4 8 263.610 267.133
 27   -88.538   -10.461  3.249  25 1 4 1 2 4 8 174.397 177.892
 28   -29.773     0.995  2.912   6 1 4 1 2 4 8 210.442 214.003
 29     9.827    38.416  3.330  21 1 4 1 2 4 8 117.117 120.653
 30     1.410    92.938  3.232   3 1 4 1 2 4 8 739.849 743.341
 31   -79.303    15.381  3.260  19 1 4 1 2 4 8 155.468 159.186
 32   -30.652    40.063  3.230  16 1 4 1 2 4 8 742.235 745.980
 33    18.927    21.637  3.032  21 1 4 1 2 4 8 655.093 658.816
 34    45.087   -59.906  2.893 -17 1 4 1 2 4 8 668.070 671.489
 35   -34.949    -3.815  3.035  19 1 4 1 2 4 8 246.396 249.961
 36    81.201   -74.744  3.093   6 1 4 1 2 4 8 195.079 198.507
 37    15.594   -28.455  3.350  10 1 4 1 2 4 8 257.741 261.206
 38   -72.192    29.547  3.007  22 1 4 1 2 4 8 135.565 139.149
 39   -42.914   -22.675  2.921 -17 1 4 1 2 4 8 668.427 671.995
 40   -76.392   -57.489  3.144  16 1 4 1 2 4 8 378.990 382.530
 41   -28.540    12.073  3.185   5 1 4 1 2 4 8 519.961 523.688
 42   -61.389    26.526  3.215   1 1 4 1 2 4 8 603.035 606.625
 43    -8.472    12.616  3.041  21 1 4 1 2 4 8 66.765 70.383
 44   -61.475    33.392  3.167  20 1 4 1 2 4 8 307.269 310.773
 45   -34.674   -27.588  3.256  -6 1 4 1 2 4 8 142.834 146.551
 46    10.315   -12.518  3.213   1 1 4 1 2 4 8 435.867 439.466
 47   -83.014    77.002  2.860  11 1 4 1 2 4 8 657.216 660.598
 48   -40.417    49.988  2.833  22 1 4 1 2 4 8 580.900 584.471
 49    83.832    33.905  2.849  25 1 4 1 2 4 8 423.388 426.858
 50   -20.563   -75.830  3.223  18 1 4 1 2 4 8 767.035 770.439
 51    15.442   -18.719  3.349   9 1 4 1 2 4 8 269.452 272.937
 52   -59.937   -65.802  3.114  23 1 4 1 2 4 8 777.491 780.929
 53     5.151    47.815  2.948  17 1 4 1 2 4 8 388.274 391.657
 54    46.008    14.990  2.954   4 1 4 1 2 4 8 126.302 129.890
 55    82.977    -1.660  3.311  -1 1 4 1 2 4 8 397.126 400.662
 56    39.893   -38.916  2.849  14 1 4 1 2 4 8 567.111 570.683
 57    90.839   -83.539  2.955  11 1 4 1 2 4 8 485.139 488.552
 58     7.068     0.067  2.926   7 1 4 1 2 4 8 219.513 223.033
 59    18.958    40.088  3.189  21 1 4 1 2 4 8 763.315 766.875
 60   -80.487    58.209  3.135   3 1 4 1 2 4 8 623.612 627.144
 61    64.459   -62.946  2.954  18 1 4 1 2 4 8 735.954 739.433
 62   -43.616   -26.117  3.172   5 1 4 1 2 4 8 547.952 551.545
 63   -18.408    10.303  3.254   6 1 4 1 2 4 8 61.644 65.348
 64   -43.921    63.251  3.179  22 1 4 1 2 4 8 450.650 454.205
 65    11.353    26.221  2.826 -13 1 4 1 2 4 8 603.065 606.544
 66    -6.995    38.239  3.071  17 1 4 1 2 4 8 361.304 364.774
 67    74.084   -34.216  3.303   5 1 4 1 2 4 8 211.767 215.167
 68    14.301    -0.800  3.081   7 1 4 1 2 4 8 648.964 652.471
 69   -94.141   -48.779  2.818   1 1 4 1 2 4 8 447.218 450.644
 70    15.332   -42.169  3.213   3 1 4 1 2 4 8 548.809 552.406
 71   -46.637   -16.461  2.878  10 1 4 1 2 4 8 595.701 599.330
 72    -0.958   -81.000  3.200   5 1 4 1 2 4 8 589.389 593.049
 73   -37.445   -42.505  2.894   1 1 4 1 2 4 8 827.992 831.524
 74    -3.680   -69.073  2.836  17 1 4 1 2 4 8 572.087 575.786
 75    34.894   -20.898  2.898  14 1 4 1 2 4 8 106.045 109.554
 76    45.544    51.410  2.868   4 1 4 1 2 4 8 415.900 419.527
 77   -31.927    88.239  2.949 -10 1 4 1 2 4 8 565.061 568.782
 78   -13.580   -26.959  3.007 -25 1 4 1 2 4 8 533.296 537.005
 79    12.653   -48.340  3.231  11 1 4 1 2 4 8 501.016 504.736
 80   -46.179   -38.269  3.374  16 1 4 1 2 4 8 95.883 99.369
 81   -29.620    35.083  2.976  25 1 4 1 2 4 8 659.756 663.215
 82    13.696    43.988  3.115  20 1 4 1 2 4 8 155.920 159.612
 83    38.342   -46.338  2.899   3 1 4 1 2 4 8 521.048 524.696
 84   -26.227    24.506  3.276   7 1 4 1 2 4 8 476.319 480.061
 85    90.009   -43.640  2.950   2 1 4 1 2 4 8 621.060 624.548
 86    -6.995    22.522  3.231   6 1 4 1 2 4 8 406.147 409.756
 87   -29.993   -28.851  3.192 -14 1 4 1 2 4 8 408.406 412.076
 88   -56.268   -64.740  3.172  14 1 4 1 2 4 8 311.178 314.807
 89   -87.415    90.796  3.295   2 1 4 1 2 4 8 199.394 203.069
 90    -5.762    54.034  3.247  15 1 4 1 2 4 8 740.789 744.167
 91   -34.845   -27.185  2.844 -22 1 4 1 2 4 8 148.057 151.802
 92   -16.479    16.180  3.160   4 1 4 1 2 4 8 212.051 215.634
 93    23.712    29.492  2.906  22 1 4 1 2 4 8 152.594 156.035
 94   -40.991    46.594  2.994 -19 1 4 1 2 4 8 612.638 616.254
 95   -53.516   -21.619  2.830  -5 1 4 1 2 4 8 842.673 846.084
 96   -17.560    37.494  2.868  10 1 4 1 2 4 8 379.548 383.124
 97   -37.311    56.836  2.830   4 1 4 1 2 4 8 401.010 404.689
 98    71.515    22.510  2.923   7 1 4 1 2 4 8 734.146 737.726
 99   -41.864    27.710  2.990  11 1 4 1 2 4 8 719.474 722.938
100    14.819   -82.117  3.135  14 1 4 1 2 4 8 548.926 552.507
101    30.316   -55.322  3.374   2 1 4 1 2 4 8 683.476 687.078
102   -39.172    47.998  2.882  12 1 4 1 2 4 8 500.538 503.927
103   -94.415    15.192  3.283  12 1 4 1 2 4 8 557.950 561.403
104    -7.806    11.273  3.339  24 1 4 1 2 4 8 157.810 161.480
105    28.571   -49.908  3.133   8 1 4 1 2 4 8 784.010 787.560
106   -20.654    24.554  3.279   4 1 4 1 2 4 8 696.092 699.804
107   -30.963   -18.903  3.266 -25 1 4 1 2 4 8 253.471 256.966
108     1.721   -20.447  3.113   6 1 4 1 2 4 8 413.588 417.025
109   -31.012   -21.106  2.924   9 1 4 1 2 4 8 806.332 809.980
110   -85.718   -28.015  3.019  23 1 4 1 2 4 8 766.560 769.965
111    58.826   -63.043  2.937  15 1 4 1 2 4 8 235.485 238.989
112   -15.753   -52.686  3.019   7 1 4 1 2 4 8 384.568 388.238
113   -71.661    51.184  2.815   6 1 4 1 2 4 8 641.776 645.335
114   -92.633    -6.598  3.126   5 1 4 1 2 4 8 582.128 585.819
115    33.508   -49.255  3.199 -12 1 4 1 2 4 8 447.382 450.998
116    59.314    54.095  3.356   3 1 4 1 2 4 8 453.558 456.966
117    30.737   -28.436  3.034  22 1 4 1 2 4 8 816.547 820.085
118   -55.896    18.457  2.886  18 1 4 1 2 4 8 615.312 618.740
119   -89.960   -39.532  2.966 -16 1 4 1 2 4 8 487.376 491.116
120    36.438    20.819  3.195   5 1 4 1 2 4 8 113.818 117.272
121   -53.674   -56.427  3.247  -1 1 4 1 2 4 8 278.822 282.302
122   -31.866    32.538  3.199  -8 1 4 1 2 4 8 831.925 835.433
123     5.658    12.756  2.985  20 1 4 1 2 4 8 676.820 680.452
124   -52.905    42.804  3.064 -17 1 4 1 2 4 8 752.397 755.812
125    47.131   -45.465  3.233 -11 1 4 1 2 4 8 296.012 299.724
126    30.792     9.869  3.155   8 1 4 1 2 4 8 179.435 183.056
127   -45.209   -56.293  3.058 -15 1 4 1 2 4 8 302.170 305.620
128    10.919    13.306  3.270  16 1 4 1 2 4 8 93.529 97.007
129   -32.990   -34.003  3.226   6 1 4 1 2 4 8 723.782 727.202
130   -40.869    30.579  2.878  24 1 4 1 2 4 8 176.433 180.147
131   -69.348    80.408  3.356  10 1 4 1 2 4 8 157.984 161.426
132   -58.966   -29.541  3.003   4 1 4 1 2 4 8 606.303 609.689
133   -36.847   -33.710  3.361  10 1 4 1 2 4 8 460.310 463.834
134   -21.820    65.369  3.149  17 1 4 1 2 4 8 433.677 437.139
135    22.980   -41.010  3.290  -5 1 4 1 2 4 8 796.116 799.849
136   -77.557    59.814  3.100  14 1 4 1 2 4 8 152.628 156.223
137   -47.205    67.725  2.859 -16 1 4 1 2 4 8 238.947 242.587
138   -21.606    35.168  3.153  11 1 4 1 2 4 8 318.095 321.781
139   -55.676   -31.384  2.835  25 1 4 1 2 4 8 519.872 523.514
140   -85.229    88.788  3.347   4 1 4 1 2 4 8 378.293 382.037
141    -3.918   -63.525  2.937  12 1 4 1 2 4 8 636.739 640.200
142   -58.557    59.375  3.108  19 1 4 1 2 4 8 127.953 131.473
143   -24.542    14.935  3.334   6 1 4 1 2 4 8 685.037 688.551
144   -48.779    16.968  2.931  23 1 4 1 2 4 8 738.634 742.153
145   -40.082   -24.780 0.000   0 0 0 0.000 937.440
146    24.292   -27.704 0.000   0 0 0 0.000 937.440
147   -45.877    41.092 0.000   0 0 0 0.000 937.440
148   -11.896    15.875 0.000   0 0 0 0.000 937.440
