6 4 192 4
0 185
0 185
0 185
0 185
  1   -44.629   -55.640  3.064  11 1 4 1 2 4 8 401.213 404.700
  2    36.096    64.935  2.977  11 1 4 1 2 4 8 126.343 129.986
  3   -25.470    44.580  3.432  23 1 4 1 2 4 8 372.770 376.430
  4   -33.954   -73.059  3.177  16 1 4 1 2 4 8 610.081 613.778
  5    45.654    35.730  3.050  16 1 4 1 2 4 8 327.395 330.911
  6    14.954   -36.719  3.009   2 1 4 1 2 4 8 847.105 850.942
  7    -1.477    47.205  3.292   1 1 4 1 2 4 8 156.903 160.483
  8     2.155   -40.912  3.377  25 1 4 1 2 4 8 773.315 776.787
  9    22.992     1.398  3.001 -24 1 4 1 2 4 8 404.368 408.001
 10   -28.857     5.957  3.279  14 1 4 1 2 4 8 234.726 238.489
 11   -48.120    94.116  3.235  -6 1 4 1 2 4 8 263.225 266.750
 12     7.239    17.322  3.033 -20 1 4 1 2 4 8 863.718 867.198
 13     4.614    27.051  3.367 -10 1 4 1 2 4 8 106.539 110.136
 14   -13.971    28.198  3.229  11 1 4 1 2 4 8 99.845 103.646
 15    12.946   -11.688  3.015   2 1 4 1 2 4 8 343.857 347.652
 16   -36.670    23.102  2.991  22 1 4 1 2 4 8 253.723 257.237
 17    -4.224   -49.310  2.898  -2 1 4 1 2 4 8 673.830 677.562
 18     1.093    -7.135  3.185  12 1 4 1 2 4 8 199.700 203.455
 19   -56.958    27.905  2.941   9 1 4 1 2 4 8 337.718 341.379
 20   -80.994   -77.686  3.012  21 1 4 1 2 4 8 276.327 280.024
 21    72.260    59.027  3.178  10 1 4 1 2 4 8 770.136 773.708
 22   -21.655     1.636  3.099  13 1 4 1 2 4 8 610.775 614.591
 23   -20.154   -62.415  3.065  25 1 4 1 2 4 8 799.064 802.794
 24   -48.157     6.287  3.131   9 1 4 1 2 4 8 443.540 447.133
 25    -5.078    61.597  3.315  19 1 4 1 2 4 8 398.743 402.227
 26    17.145   -47.046  2.991  22 1 4 1 2 4 8 505.167 508.969
 27   -16.064     8.557  2.920  -4 1 4 1 2 4 8 387.098 390.722
 28     6.683   -27.069  3.421   4 1 4 1 2 4 8 359.993 363.695
 29    15.027   -34.979  2.905  -7 1 4 1 2 4 8 731.629 735.172
 30    37.946    73.914  3.267  20 1 4 1 2 4 8 446.410 450.197
 31   -41.199   -43.018  3.138  17 1 4 1 2 4 8 457.115 460.891
 32    32.538    11.786  3.024  19 1 4 1 2 4 8 141.215 144.878
 33   -20.306   -20.239  3.290 -12 1 4 1 2 4 8 872.995 876.633
 34   -35.480    19.135  3.124   2 1 4 1 2 4 8 833.830 837.379
 35    58.038    56.659  3.431  13 1 4 1 2 4 8 618.729 622.462
 36   -36.694    -6.256  3.064 -24 1 4 1 2 4 8 563.224 567.077
 37     0.446   -46.735  3.125  22 1 4 1 2 4 8 733.801 737.518
 38   -19.690    38.977  2.945  17 1 4 1 2 4 8 346.864 350.635
 39   -47.339    20.911  2.914 -19 1 4 1 2 4 8 849.721 853.518
 40   -79.236   -57.678  2.959  -4 1 4 1 2 4 8 121.963 125.760
 41     5.597   -34.076  3.150  12 1 4 1 2 4 8 736.980 740.830
 42    34.454    -8.289  3.366  22 1 4 1 2 4 8 729.441 732.963
 43    18.500   -51.154  2.979  -2 1 4 1 2 4 8 276.214 280.027
 44    -4.346   -44.525  3.147  19 1 4 1 2 4 8 188.019 191.612
 45   -14.148   -74.164  3.204   3 1 4 1 2 4 8 125.370 128.878
 46    19.867    77.515  3.204   5 1 4 1 2 4 8 285.044 288.668
 47   -50.079    17.871  3.271  22 1 4 1 2 4 8 85.309 88.984
 48    42.786   -79.883  2.914   6 1 4 1 2 4 8 604.089 607.909
 49     1.520   -29.034  2.965   9 1 4 1 2 4 8 669.824 673.538
 50    14.728    -3.436  3.188   8 1 4 1 2 4 8 813.978 817.760
 51   -26.166   -48.999  3.337  24 1 4 1 2 4 8 640.409 644.264
 52   -63.873    -5.273  3.303 -15 1 4 1 2 4 8 590.097 593.621
 53   -54.138     7.086  3.445  16 1 4 1 2 4 8 419.534 423.155
 54    17.932   -34.094  3.422   9 1 4 1 2 4 8 125.926 129.587
 55   -98.706    34.552  2.903   1 1 4 1 2 4 8 626.398 630.238
 56    28.802    -8.582  3.052  18 1 4 1 2 4 8 793.073 796.733
 57     2.716    90.594  3.287  17 1 4 1 2 4 8 787.390 791.245
 58   -31.024    48.938  3.239  18 1 4 1 2 4 8 711.935 715.588
 59   -46.545    42.316  3.198  -2 1 4 1 2 4 8 714.632 718.367
 60    27.289    58.179  3.058  25 1 4 1 2 4 8 448.175 451.698
 61    28.815   -28.027  3.124  21 1 4 1 2 4 8 389.433 393.243
 62   -26.099    11.328  3.072  19 1 4 1 2 4 8 324.040 327.735
 63     0.537   -26.221  3.315  10 1 4 1 2 4 8 258.166 261.868
 64   -50.458     7.812  3.051   2 1 4 1 2 4 8 548.784 552.358
 65    30.005    19.092  2.912  21 1 4 1 2 4 8 333.334 336.855
 66   -12.604    22.058  3.275  20 1 4 1 2 4 8 700.911 704.695
 67    22.009    -8.636  2.918  21 1 4 1 2 4 8 808.613 812.390
 68     8.942     2.875  3.108   2 1 4 1 2 4 8 400.541 404.216
 69   -19.812     0.922  3.338   6 1 4 1 2 4 8 819.253 823.062
 70    -4.230    31.250  3.208   2 1 4 1 2 4 8 683.577 687.362
 71    17.975    -0.409  2.935  12 1 4 1 2 4 8 709.128 712.792
 72    -2.350    42.938  3.240  12 1 4 1 2 4 8 289.008 292.545
 73   -16.516    68.085  3.101   5 1 4 1 2 4 8 481.052 484.609
 74    -1.190    42.023  3.232   5 1 4 1 2 4 8 513.282 517.064
 75    56.635   -44.019  3.000   8 1 4 1 2 4 8 797.269 801.011
 76    57.483    35.504  2.950  15 1 4 1 2 4 8 692.504 696.355
 77   -26.099     7.477  3.202   8 1 4 1 2 4 8 715.294 718.998
 78     7.489   -57.239  3.432   7 1 4 1 2 4 8 309.156 312.708
 79   -22.095    55.780  3.255  14 1 4 1 2 4 8 401.383 405.178
 80    19.867    38.824  3.026 -18 1 4 1 2 4 8 874.933 878.725
 81     5.310    49.219  2.969  17 1 4 1 2 4 8 513.560 517.224
 82    15.155     6.299  3.031   5 1 4 1 2 4 8 261.028 264.549
 83     5.481   -31.500  3.068   6 1 4 1 2 4 8 647.131 650.675
 84     7.959   -28.662  2.936   9 1 4 1 2 4 8 347.568 351.387
 85   -75.812     4.010  3.336  24 1 4 1 2 4 8 144.124 147.933
 86   -43.671   -61.646  3.361 -13 1 4 1 2 4 8 373.155 376.642
 87    -2.576   -62.140  3.144   5 1 4 1 2 4 8 549.976 553.764
 88   -18.842   -36.884  3.289   4 1 4 1 2 4 8 182.925 186.634
 89    20.844    21.167  3.203  22 1 4 1 2 4 8 446.313 449.961
 90     3.137   -19.220  3.020  24 1 4 1 2 4 8 499.524 503.186
 91   -20.361    18.878  3.327  25 1 4 1 2 4 8 151.412 155.153
 92    -0.897   -54.938  3.449   9 1 4 1 2 4 8 838.947 842.698
 93   -29.553     9.277  3.339   8 1 4 1 2 4 8 845.701 849.390
 94     5.048   -35.046  3.123   8 1 4 1 2 4 8 578.462 581.970
 95    27.759    48.712  3.439  25 1 4 1 2 4 8 266.302 269.842
 96    12.079   -42.346  3.350   7 1 4 1 2 4 8 502.802 506.620
 97   -51.270    41.144  3.021 -24 1 4 1 2 4 8 391.152 394.853
 98   -29.077     4.291  3.357  16 1 4 1 2 4 8 632.170 635.921
 99   -18.555   -14.819  3.108  15 1 4 1 2 4 8 268.370 271.891
100     7.855   -49.451  2.954   7 1 4 1 2 4 8 130.044 133.650
101   -19.116   -32.086  3.180 -17 1 4 1 2 4 8 847.787 851.349
102    17.651   -52.271  3.304   9 1 4 1 2 4 8 130.433 134.152
103    16.907   -62.964  3.066  14 1 4 1 2 4 8 215.170 218.717
104    18.988     6.219  3.090  20 1 4 1 2 4 8 350.666 354.442
105   -68.878   -64.539  2.948   6 1 4 1 2 4 8 235.818 239.632
106   -13.361    20.264  2.997  17 1 4 1 2 4 8 83.601 87.073
107   -44.440    63.721  3.140  23 1 4 1 2 4 8 617.970 621.583
108    -6.500    71.436  3.266  14 1 4 1 2 4 8 703.347 706.996
109   -51.978    25.409  3.304  19 1 4 1 2 4 8 571.584 575.329
110    -0.739    59.491  3.468  21 1 4 1 2 4 8 395.218 398.882
111   -64.679    83.038  2.993  -6 1 4 1 2 4 8 308.402 312.178
112   -11.273   -35.944  3.463   1 1 4 1 2 4 8 474.439 478.165
113   -16.864     7.776  2.954  22 1 4 1 2 4 8 673.272 676.842
114    19.843   -49.805  2.943   7 1 4 1 2 4 8 682.355 686.054
115   -16.284    -2.936  3.401  14 1 4 1 2 4 8 334.427 338.004
116     8.356    67.041  3.055   7 1 4 1 2 4 8 844.091 847.947
117    30.878    24.316  2.915 -25 1 4 1 2 4 8 687.339 691.130
118    93.524   -20.233  3.170  17 1 4 1 2 4 8 600.651 604.129
119    -9.332   -56.177  3.247 -10 1 4 1 2 4 8 327.707 331.367
120   -34.442   -63.312  3.358  23 1 4 1 2 4 8 827.540 831.343
121    20.941    -5.646  3.316  22 1 4 1 2 4 8 379.454 383.087
122    -3.418    89.594  2.952  -3 1 4 1 2 4 8 205.231 208.716
123   -18.738    45.227  3.128  14 1 4 1 2 4 8 105.363 109.019
124     2.435   -30.524  3.236  14 1 4 1 2 4 8 86.033 89.563
125   -28.864    56.616  3.358   2 1 4 1 2 4 8 396.244 399.936
126    76.880   -29.901  3.356  -2 1 4 1 2 4 8 409.075 412.545
127   -90.466    10.278  3.397  21 1 4 1 2 4 8 129.976 133.756
128   -35.101    46.545  3.354  10 1 4 1 2 4 8 628.593 632.295
129   -48.395    43.854  3.418 -10 1 4 1 2 4 8 392.919 396.536
130   -40.997    26.703  3.256  -5 1 4 1 2 4 8 394.699 398.186
131    13.696    34.607  3.394  -9 1 4 1 2 4 8 507.502 511.109
132   -71.472    11.450  3.013  15 1 4 1 2 4 8 292.556 296.175
133   -36.230    51.904  3.285 -19 1 4 1 2 4 8 768.117 771.737
134   -39.465     4.907  3.413   7 1 4 1 2 4 8 631.132 634.971
135   -16.565    23.773  3.376  11 1 4 1 2 4 8 867.453 871.284
136    10.754   -28.552  3.414  -2 1 4 1 2 4 8 557.183 560.890
137   -23.029    47.015  3.314 -25 1 4 1 2 4 8 181.778 185.340
138    -8.807    21.216  3.429  14 1 4 1 2 4 8 83.119 86.643
139   -40.039    27.435  3.172  15 1 4 1 2 4 8 706.365 710.091
140   -37.445   -41.040  3.255  12 1 4 1 2 4 8 689.491 693.304
141    48.224     0.085  3.418  11 1 4 1 2 4 8 698.546 702.026
142    -0.323    68.237  3.063  17 1 4 1 2 4 8 572.089 575.727
143   -14.294   -33.423  3.386  -4 1 4 1 2 4 8 805.017 808.841
144    -1.440   -34.814  2.945  24 1 4 1 2 4 8 408.761 412.585
145   -34.454    42.346  3.051  -8 1 4 1 2 4 8 250.132 253.823
146     8.679   -66.180  3.240  20 1 4 1 2 4 8 681.629 685.168
147   -61.249   -51.367  3.153  12 1 4 1 2 4 8 584.366 588.025
148    -1.093     9.912  3.157  10 1 4 1 2 4 8 617.682 621.508
149   -16.565    66.547  3.294  12 1 4 1 2 4 8 708.463 712.005
150     8.435    52.838  3.323   9 1 4 1 2 4 8 220.384 223.908
151   -22.034   -36.896  2.971  16 1 4 1 2 4 8 469.563 473.041
152    15.765    17.322  3.353  23 1 4 1 2 4 8 556.008 559.716
153     9.003   -18.695  2.912 -15 1 4 1 2 4 8 507.489 511.199
154    -4.584     3.491  2.921  10 1 4 1 2 4 8 515.316 518.868
155     8.875    40.662  3.161 -21 1 4 1 2 4 8 479.458 483.005
156    26.093   -33.966  3.186   2 1 4 1 2 4 8 146.062 149.625
157   -32.501    39.526  3.150  16 1 4 1 2 4 8 432.200 435.779
158   -32.629   -82.581  3.393  15 1 4 1 2 4 8 641.313 644.846
159   -98.486    22.021  3.057  11 1 4 1 2 4 8 806.188 809.833
160   -59.052     4.163  3.316  11 1 4 1 2 4 8 483.786 487.621
161     7.428    -2.570  3.265 -17 1 4 1 2 4 8 464.004 467.592
162   -59.601    12.469  3.333   3 1 4 1 2 4 8 164.749 168.379
163   -11.224   -31.830  3.231   9 1 4 1 2 4 8 320.020 323.661
164   -16.809   -35.040  3.027   1 1 4 1 2 4 8 260.796 264.296
165    21.863    18.140  3.029 -13 1 4 1 2 4 8 819.245 822.854
166    45.038   -61.316  3.293   1 1 4 1 2 4 8 292.433 295.928
167   -48.816    25.568  3.309   2 1 4 1 2 4 8 696.417 699.995
168   -32.184   -16.736  2.966  22 1 4 1 2 4 8 231.959 235.506
169    12.439   -41.492  3.159  10 1 4 1 2 4 8 581.277 584.895
170   -21.082   -77.075  3.130   4 1 4 1 2 4 8 155.398 158.890
171   -17.822   -18.518  3.308   9 1 4 1 2 4 8 254.664 258.502
172    48.334    93.518  3.373  11 1 4 1 2 4 8 260.621 264.196
173   -18.677    49.005  3.327   3 1 4 1 2 4 8 120.476 124.222
174    12.140    30.042  3.244  19 1 4 1 2 4 8 326.380 330.087
175     3.113   -40.302  2.938  19 1 4 1 2 4 8 828.928 832.647
176    17.133    37.079  3.269  -4 1 4 1 2 4 8 338.896 342.376
177    22.577     0.836  3.311  19 1 4 1 2 4 8 709.082 712.752
178   -30.426    52.942  3.244  15 1 4 1 2 4 8 202.301 205.795
179    33.765   -67.108  3.005  21 1 4 1 2 4 8 759.649 763.365
180     5.414     1.532  3.213  25 1 4 1 2 4 8 668.045 671.526
181    72.156    30.103  3.409   4 1 4 1 2 4 8 663.141 666.964
182   -24.109   -34.625  3.257   3 1 4 1 2 4 8 523.112 526.685
183    17.413    75.146  3.361   6 1 4 1 2 4 8 313.989 317.483
184    10.638   -60.052  2.994   6 1 4 1 2 4 8 706.000 709.656
185    -5.176   -48.999  3.028  21 1 4 1 2 4 8 841.441 845.126
186   -19.342    21.118  3.361 -25 1 4 1 2 4 8 382.724 386.287
187   -46.802   -14.661  3.205  10 1 4 1 2 4 8 586.659 590.130
188   -16.779    43.439  3.258  25 1 4 1 2 4 8 577.419 581.176
189    14.093   -13.605  3.442  19 1 4 1 2 4 8 428.852 432.469
190   -21.063    26.019  3.402  19 1 4 1 2 4 8 455.594 459.089
191    39.813   -40.668  3.386 -22 1 4 1 2 4 8 436.700 440.484
192    52.057    30.334  2.992   5 1 4 1 2 4 8 290.707 294.367
193    -0.140     7.266 0.000   0 0 0 0.000 964.110
194   -23.138    48.450 0.000   0 0 0 0.000 964.110
195   -26.102    16.809 0.000   0 0 0 0.000 964.110
196     0.244   -35.892 0.000   0 0 0 0.000 964.110
