6 5 240 4
0 180
0 180
0 180
0 180
  1    65.991   -49.829  3.413 -10 1 4 1 2 4 8 420.390 424.136
  2   -36.938   -36.743  2.879 -25 1 4 1 2 4 8 516.275 520.078
  3    -2.734    18.774  3.127  18 1 4 1 2 4 8 446.970 450.499
  4    31.116   -35.907  3.289  16 1 4 1 2 4 8 758.810 762.540
  5     2.789     8.008  3.255  14 1 4 1 2 4 8 633.740 637.462
  6    31.152    43.665  3.342   7 1 4 1 2 4 8 441.321 445.038
  7   -36.304   -21.307  3.108   9 1 4 1 2 4 8 768.510 772.286
  8    52.814    35.046  2.888  16 1 4 1 2 4 8 199.003 202.747
  9    11.267    20.660  3.163  24 1 4 1 2 4 8 147.443 150.899
 10    -0.623    23.114  3.202   6 1 4 1 2 4 8 738.140 741.770
 11    43.091   -12.360  3.315 -22 1 4 1 2 4 8 492.177 495.745
 12     6.854    19.073  3.332  11 1 4 1 2 4 8 464.407 467.937
 13    -6.848    25.317  3.376  19 1 4 1 2 4 8 196.944 200.383
 14   -27.930   -23.712  3.046  20 1 4 1 2 4 8 845.083 848.861
 15    33.240   -30.487  2.868  20 1 4 1 2 4 8 352.822 356.625
 16    63.885   -52.881  3.410  16 1 4 1 2 4 8 820.655 824.309
 17   -13.672   -43.945  3.089   5 1 4 1 2 4 8 586.500 590.004
 18    -0.647   -27.502  3.384  21 1 4 1 2 4 8 95.532 99.187
 19    59.406   -49.261  3.295  19 1 4 1 2 4 8 284.005 287.523
 20    27.167    -5.713  3.046  18 1 4 1 2 4 8 607.431 610.995
 21    70.001   -20.844  3.313 -22 1 4 1 2 4 8 752.237 756.014
 22    35.327   -65.167  2.901 -19 1 4 1 2 4 8 138.956 142.500
 23   -14.386   -42.236  3.062  15 1 4 1 2 4 8 410.523 414.150
 24    19.366    30.273  3.141  24 1 4 1 2 4 8 733.756 737.528
 25   -39.789    10.101  3.260  20 1 4 1 2 4 8 91.883 95.576
 26   -15.753   -40.204  3.067  17 1 4 1 2 4 8 277.226 280.954
 27   -28.418   -40.503  3.165  20 1 4 1 2 4 8 112.598 116.345
 28    27.081     9.735  3.216  12 1 4 1 2 4 8 353.758 357.291
 29    22.205    -9.216  3.222  23 1 4 1 2 4 8 821.808 825.297
 30    -0.830    -6.525  3.113  15 1 4 1 2 4 8 227.280 230.980
 31    10.217    75.531  2.975  19 1 4 1 2 4 8 132.985 136.592
 32     7.446    18.500  3.232  23 1 4 1 2 4 8 356.675 360.475
 33    48.914   -20.294  3.257   9 1 4 1 2 4 8 844.190 847.719
 34   -18.958   -29.675  3.239  21 1 4 1 2 4 8 546.645 550.265
 35    16.815    -6.659  3.266  17 1 4 1 2 4 8 168.303 172.050
 36     2.509   -30.420  2.970   6 1 4 1 2 4 8 244.314 247.856
 37    15.424     4.913  3.171 -10 1 4 1 2 4 8 382.567 386.089
 38    60.315    89.801  3.178   9 1 4 1 2 4 8 595.382 598.823
 39    40.405   -45.367  2.908  19 1 4 1 2 4 8 864.757 868.292
 40   -26.837   -54.272  3.291  17 1 4 1 2 4 8 319.540 323.262
 41    69.171    72.577  2.998  22 1 4 1 2 4 8 286.421 290.030
 42   -22.815    46.173  3.257   8 1 4 1 2 4 8 675.542 679.227
 43   -14.258   -30.249  3.111  25 1 4 1 2 4 8 808.379 812.005
 44    76.050    12.073  3.150  13 1 4 1 2 4 8 820.694 824.379
 45    63.043    60.022  3.076  -1 1 4 1 2 4 8 567.421 571.099
 46   -20.239   -81.970  2.855  15 1 4 1 2 4 8 126.319 129.959
 47   -41.168   -42.023  3.011 -16 1 4 1 2 4 8 474.108 477.806
 48    79.199   -29.016  3.163  20 1 4 1 2 4 8 607.855 611.629
 49   -20.728    -7.068  3.372  14 1 4 1 2 4 8 421.469 425.186
 50    -4.163   -53.497  3.375  -2 1 4 1 2 4 8 585.505 589.236
 51    39.594   -40.460  3.060   5 1 4 1 2 4 8 408.701 412.145
 52   -47.125   -77.850  3.305  16 1 4 1 2 4 8 710.824 714.416
 53    -1.233    49.182  3.187  12 1 4 1 2 4 8 564.125 567.818
 54    -0.372   -27.264  3.306  -1 1 4 1 2 4 8 771.645 775.440
 55    31.537    -8.722  3.241  15 1 4 1 2 4 8 439.516 443.029
 56    -0.134   -20.264  3.029  -5 1 4 1 2 4 8 752.391 756.185
 57    66.394   -26.691  3.244   9 1 4 1 2 4 8 206.910 210.412
 58     6.104   -64.093  3.084   8 1 4 1 2 4 8 786.430 790.181
 59    13.544   -20.874  3.384  -2 1 4 1 2 4 8 630.096 633.694
 60    54.211    -6.537  2.982  10 1 4 1 2 4 8 607.445 610.934
 61    22.046   -34.137  3.113 -25 1 4 1 2 4 8 137.039 140.629
 62    -9.723     4.706  3.392  24 1 4 1 2 4 8 362.642 366.409
 63   -11.584   -46.857  3.343   7 1 4 1 2 4 8 817.388 821.064
 64    -2.905    -0.305  3.034  14 1 4 1 2 4 8 247.076 250.685
 65    13.837   -44.452  3.244  -3 1 4 1 2 4 8 354.709 358.465
 66    17.480    27.747  2.886 -23 1 4 1 2 4 8 768.143 771.809
 67     2.972   -43.689  3.405  21 1 4 1 2 4 8 798.862 802.372
 68   -44.354   -38.202  3.275  13 1 4 1 2 4 8 685.699 689.355
 69   -59.399     1.514  3.386  15 1 4 1 2 4 8 655.701 659.174
 70   -13.452   -75.531  3.352  14 1 4 1 2 4 8 659.122 662.674
 71    -5.518   -51.947  3.186   7 1 4 1 2 4 8 617.906 621.579
 72    -9.589   -26.880  3.022 -20 1 4 1 2 4 8 476.689 480.423
 73    19.318    29.498  3.325   6 1 4 1 2 4 8 630.522 634.087
 74    26.245    36.743  3.314  24 1 4 1 2 4 8 749.051 752.702
 75    43.707   -28.033  3.200  17 1 4 1 2 4 8 451.836 455.590
 76   -52.026   -35.339  3.064   3 1 4 1 2 4 8 600.312 603.866
 77    -8.435    -0.116  3.033  15 1 4 1 2 4 8 789.117 792.699
 78    89.111    62.122  3.185   6 1 4 1 2 4 8 701.043 704.480
 79     6.067   -16.132  2.985  21 1 4 1 2 4 8 911.698 915.349
 80    27.094    -5.103  3.405  25 1 4 1 2 4 8 893.488 897.268
 81    27.527   -15.344  3.317  18 1 4 1 2 4 8 831.405 835.161
 82    42.511    32.056  2.944   1 1 4 1 2 4 8 451.100 454.876
 83    25.311    12.689  3.211  19 1 4 1 2 4 8 415.768 419.210
 84    47.778   -12.769  3.055  17 1 4 1 2 4 8 888.219 891.851
 85    -3.143   -13.837  3.263  20 1 4 1 2 4 8 433.648 437.291
 86    12.482   -78.101  2.863  -1 1 4 1 2 4 8 361.637 365.423
 87   -21.039    -3.430  3.104  13 1 4 1 2 4 8 464.374 468.020
 88    -3.149   -55.432  3.089  25 1 4 1 2 4 8 471.000 474.643
 89    53.009    84.900  2.903  16 1 4 1 2 4 8 305.159 308.663
 90    35.638   -47.552  3.076   5 1 4 1 2 4 8 184.333 187.933
 91    43.427   -18.439  3.278  18 1 4 1 2 4 8 308.201 311.937
 92     6.598   -54.578  3.147  17 1 4 1 2 4 8 750.531 754.023
 93    87.952    94.012  3.040  15 1 4 1 2 4 8 635.774 639.419
 94    39.105   -48.743  2.932  13 1 4 1 2 4 8 464.108 467.899
 95   -48.340   -26.477  3.082  15 1 4 1 2 4 8 155.385 158.839
 96    72.003    -9.253  2.984   2 1 4 1 2 4 8 360.547 364.325
 97   -37.732     3.351  2.969   1 1 4 1 2 4 8 257.447 261.210
 98   -65.967   -36.749  3.079   9 1 4 1 2 4 8 174.237 177.972
 99   -16.669   -35.284  3.084  16 1 4 1 2 4 8 413.492 417.013
100    10.742    -4.669  3.067   6 1 4 1 2 4 8 558.504 561.951
101    15.594    -5.817  3.025 -18 1 4 1 2 4 8 447.023 450.639
102    21.606   -18.109  2.911  24 1 4 1 2 4 8 600.912 604.599
103     9.784    49.280  3.419  24 1 4 1 2 4 8 622.526 626.001
104    94.147    -4.492  3.159   9 1 4 1 2 4 8 237.404 240.883
105    10.382   -16.302  2.864 -19 1 4 1 2 4 8 710.849 714.575
106    -1.453    -0.861  3.166 -12 1 4 1 2 4 8 249.184 252.757
107    -6.219    25.305  2.994  22 1 4 1 2 4 8 659.713 663.292
108    -6.250    10.217  3.201  13 1 4 1 2 4 8 712.930 716.451
109   -17.444   -70.795  3.376 -20 1 4 1 2 4 8 578.399 581.920
110   -55.090   -43.854  3.134  25 1 4 1 2 4 8 180.983 184.466
111    -9.442    23.724  3.405   1 1 4 1 2 4 8 143.914 147.532
112     8.978    35.406  3.370  24 1 4 1 2 4 8 194.050 197.517
113   -16.754    -0.812  3.314  10 1 4 1 2 4 8 323.449 326.892
114    66.852   -37.842  3.093  22 1 4 1 2 4 8 392.308 395.742
115    14.716   -23.724  3.086  14 1 4 1 2 4 8 609.369 613.149
116    33.472    20.026  3.066  12 1 4 1 2 4 8 663.131 666.607
117    66.394   -70.111  3.203 -23 1 4 1 2 4 8 372.887 376.435
118    -5.664     8.881  2.879  14 1 4 1 2 4 8 325.301 328.765
119    -5.103   -46.729  3.133  23 1 4 1 2 4 8 749.848 753.514
120    -8.826    55.743  3.217 -25 1 4 1 2 4 8 291.127 294.598
121     5.847    -3.186  3.410   5 1 4 1 2 4 8 809.756 813.331
122   -25.726   -37.695  3.058   7 1 4 1 2 4 8 150.568 154.302
123   -15.363   -24.548  3.117 -25 1 4 1 2 4 8 892.433 896.104
124    43.793   -11.102  3.092  11 1 4 1 2 4 8 401.085 404.554
125    17.664   -25.604  3.194 -18 1 4 1 2 4 8 221.981 225.500
126   -39.624    54.883  3.274  18 1 4 1 2 4 8 708.298 711.795
127   -24.554   -43.225  3.279   1 1 4 1 2 4 8 614.921 618.659
128   -26.892   -12.738  2.901   7 1 4 1 2 4 8 598.222 601.744
129    34.155   -38.458  3.190  22 1 4 1 2 4 8 791.951 795.429
130   -47.314   -29.468  3.161  -7 1 4 1 2 4 8 364.829 368.307
131    49.365   -25.592  3.215   3 1 4 1 2 4 8 734.383 737.861
132     3.705   -16.449  2.984  18 1 4 1 2 4 8 465.244 468.760
133    22.430   -23.273  3.229  -8 1 4 1 2 4 8 341.108 344.887
134   -37.549   -29.608  2.871   6 1 4 1 2 4 8 657.672 661.129
135    25.549     3.674  3.402   7 1 4 1 2 4 8 614.535 617.987
136   -15.216     3.284  3.037  20 1 4 1 2 4 8 649.207 652.829
137   -12.939    -7.495  3.050  10 1 4 1 2 4 8 832.820 836.555
138   -22.107    26.434  2.977   2 1 4 1 2 4 8 106.023 109.576
139   -17.944     7.733  3.406   3 1 4 1 2 4 8 97.841 101.280
140   -21.234    14.490  3.146  10 1 4 1 2 4 8 465.245 468.816
141     3.503   -19.708  2.975   5 1 4 1 2 4 8 626.103 629.561
142    32.599   -14.935  2.862  25 1 4 1 2 4 8 130.786 134.492
143    -5.737   -28.296  3.153  23 1 4 1 2 4 8 776.432 780.130
144    -6.128   -39.624  3.184 -21 1 4 1 2 4 8 573.806 577.484
145    -2.460    12.817  3.422 -13 1 4 1 2 4 8 449.199 452.651
146    -6.470     8.466  3.076   1 1 4 1 2 4 8 811.817 815.393
147   -37.891   -36.115  3.223  11 1 4 1 2 4 8 826.445 830.079
148    10.852   -18.750  3.281   6 1 4 1 2 4 8 798.255 802.038
149    50.104     8.636  3.150   9 1 4 1 2 4 8 229.834 233.586
150    46.844     4.712  2.912  17 1 4 1 2 4 8 849.024 852.501
151    19.598   -10.406  3.416  13 1 4 1 2 4 8 899.121 902.779
152   -38.947    52.942  2.903  23 1 4 1 2 4 8 644.155 647.777
153    -0.641   -21.289  3.310  19 1 4 1 2 4 8 786.294 789.906
154    40.906   -33.765  3.227 -11 1 4 1 2 4 8 74.790 78.583
155    -0.574   -62.299  3.137  12 1 4 1 2 4 8 709.794 713.480
156    -9.778    26.794  2.953 -18 1 4 1 2 4 8 702.359 705.965
157    34.265   -23.895  3.153 -25 1 4 1 2 4 8 830.524 833.967
158    29.572   -24.561  3.198  13 1 4 1 2 4 8 283.010 286.768
159    16.376   -58.887  3.299  24 1 4 1 2 4 8 423.269 427.004
160    61.877   -15.167  3.192   5 1 4 1 2 4 8 280.309 284.090
161    40.088    -9.625  3.171  14 1 4 1 2 4 8 358.865 362.567
162     0.122    -4.645  3.289  18 1 4 1 2 4 8 648.115 651.889
163    -8.929   -43.903  3.375  25 1 4 1 2 4 8 311.717 315.245
164    -7.135   -57.434  3.005 -11 1 4 1 2 4 8 699.938 703.553
165     7.550   -21.210  3.403 -18 1 4 1 2 4 8 698.642 702.117
166     3.949     7.300  3.191  23 1 4 1 2 4 8 175.574 179.009
167   -15.118    92.023  2.952  22 1 4 1 2 4 8 456.621 460.117
168    84.821   -24.518  3.352  20 1 4 1 2 4 8 764.447 767.974
169   -52.325    30.682  3.390  11 1 4 1 2 4 8 427.737 431.213
170     7.538    13.818  3.189  11 1 4 1 2 4 8 570.956 574.629
171   -21.484    30.359  3.020  19 1 4 1 2 4 8 503.022 506.651
172    36.047    29.883  3.399  13 1 4 1 2 4 8 379.859 383.315
173    12.781   -40.942  3.336  24 1 4 1 2 4 8 549.400 552.922
174   -17.291   -10.254  3.168   6 1 4 1 2 4 8 833.897 837.515
175   -10.541    12.402  2.999   5 1 4 1 2 4 8 567.419 570.967
176   -15.845   -59.460  3.001  24 1 4 1 2 4 8 782.828 786.283
177    29.266    -2.222  3.205   7 1 4 1 2 4 8 391.489 395.171
178   -12.598   -58.929  3.197  13 1 4 1 2 4 8 272.382 275.995
179   -17.303   -35.297  3.407  25 1 4 1 2 4 8 431.312 435.009
180    57.050   -50.354  3.169 -15 1 4 1 2 4 8 148.579 152.329
181    26.941    17.444  2.988  15 1 4 1 2 4 8 660.667 664.121
182    -6.195    -8.881  3.072  16 1 4 1 2 4 8 705.787 709.325
183    16.980   -16.321  3.351  -5 1 4 1 2 4 8 636.723 640.292
184    83.710   -32.520  2.860  15 1 4 1 2 4 8 199.350 202.898
185    12.451    34.589  2.919  24 1 4 1 2 4 8 288.795 292.527
186    15.057    67.004  3.001  15 1 4 1 2 4 8 428.655 432.421
187    25.818    -5.835  2.975  -9 1 4 1 2 4 8 108.315 112.109
188    13.666   -14.832  3.121  19 1 4 1 2 4 8 174.143 177.747
189    48.322    -5.164  3.256  15 1 4 1 2 4 8 360.639 364.335
190    13.489    19.739  3.309  -2 1 4 1 2 4 8 494.505 498.196
191   -18.512    65.405  3.397   3 1 4 1 2 4 8 676.709 680.267
192    17.554    38.379  3.114  18 1 4 1 2 4 8 261.737 265.447
193    37.775   -16.003  2.938  20 1 4 1 2 4 8 819.267 822.766
194    47.968   -30.310  3.245 -14 1 4 1 2 4 8 588.302 592.032
195    38.806    36.243  3.054  10 1 4 1 2 4 8 379.503 383.143
196   -16.089   -42.841  3.216  -6 1 4 1 2 4 8 694.014 697.808
197    28.656    -1.990  3.325  17 1 4 1 2 4 8 598.132 601.838
198    -5.859    -1.862  2.978  20 1 4 1 2 4 8 748.441 752.031
199    60.516    63.416  3.316   3 1 4 1 2 4 8 489.360 492.913
200    63.196   -47.766  3.282 -14 1 4 1 2 4 8 392.295 396.082
201   -15.308   -23.285  3.033 -12 1 4 1 2 4 8 83.479 87.281
202    -2.875     0.787  3.419   2 1 4 1 2 4 8 466.339 469.956
203    32.056   -10.175  3.010 -11 1 4 1 2 4 8 227.685 231.185
204   -18.634   -25.665  3.056  16 1 4 1 2 4 8 55.319 58.810
205    -3.632    25.433  2.961  18 1 4 1 2 4 8 200.174 203.979
206    10.480    22.888  3.410  14 1 4 1 2 4 8 71.814 75.379
207     1.819    -3.009  3.299   6 1 4 1 2 4 8 772.762 776.308
208   -25.275   -12.183  2.982  12 1 4 1 2 4 8 396.194 399.977
209    56.927   -75.507  3.151 -21 1 4 1 2 4 8 393.328 396.780
210    13.885   -36.230  3.173   1 1 4 1 2 4 8 643.253 646.991
211    32.520   -29.523  3.197  18 1 4 1 2 4 8 143.428 147.047
212     4.803    -7.288  3.147  17 1 4 1 2 4 8 192.314 196.010
213    11.365    -8.344  2.882  15 1 4 1 2 4 8 879.325 882.837
214    17.126   -24.646  2.954   4 1 4 1 2 4 8 712.406 715.846
215   -33.661   -41.241  2.940 -18 1 4 1 2 4 8 423.972 427.429
216   -32.391   -50.885  3.251  22 1 4 1 2 4 8 591.549 595.154
217    23.041   -14.496  3.165  16 1 4 1 2 4 8 619.307 623.082
218   -21.857   -39.502  3.278  14 1 4 1 2 4 8 846.563 850.063
219    32.013    77.332  3.295  25 1 4 1 2 4 8 617.985 621.549
220    13.831   -76.190  3.277  15 1 4 1 2 4 8 595.167 598.971
221    -8.051   -21.179  3.106   6 1 4 1 2 4 8 488.289 492.073
222    25.391    46.613  2.921   7 1 4 1 2 4 8 799.427 803.192
223    49.536   -54.639  3.360  21 1 4 1 2 4 8 168.528 171.963
224    63.416    -8.636  3.121   3 1 4 1 2 4 8 377.492 381.104
225     2.301    -5.536  2.954  15 1 4 1 2 4 8 686.951 690.746
226    52.423    29.895  3.419  24 1 4 1 2 4 8 841.205 845.010
227     9.296   -16.254  3.136   2 1 4 1 2 4 8 547.081 550.809
228    34.845   -96.185  2.931  17 1 4 1 2 4 8 694.437 698.145
229   -21.063   -41.498  3.139   2 1 4 1 2 4 8 412.522 416.306
230    28.448    10.242  2.938  25 1 4 1 2 4 8 809.819 813.605
231    16.254   -22.583  3.017 -15 1 4 1 2 4 8 660.307 663.753
232   -36.639   -34.033  3.358  -3 1 4 1 2 4 8 642.441 646.207
233   -27.356   -50.177  3.243   1 1 4 1 2 4 8 837.713 841.374
234   -53.705    11.334  2.959   1 1 4 1 2 4 8 644.207 647.927
235    26.276    -5.994  2.879  20 1 4 1 2 4 8 601.428 605.146
236   -31.519    34.589  3.264  19 1 4 1 2 4 8 407.874 411.435
237   -14.612   -31.506  2.999  -2 1 4 1 2 4 8 583.027 586.658
238    -4.242   -30.865  3.209   9 1 4 1 2 4 8 304.914 308.591
239   -18.524   -29.486  3.056   4 1 4 1 2 4 8 322.143 325.672
240   -17.133   -19.397  3.119  16 1 4 1 2 4 8 469.855 473.395
241    34.430   -17.151 0.000   0 0 0 0.000 951.660
242     0.269    -8.154 0.000   0 0 0 0.000 951.660
243     3.140    13.297 0.000   0 0 0 0.000 951.660
244    -3.113   -29.745 0.000   0 0 0 0.000 951.660
