6 6 288 4
0 175
0 175
0 175
0 175
  1   -66.174   -37.811  3.370  19 1 4 1 2 4 8 856.146 859.951
  2     2.673   -35.223  3.202  21 1 4 1 2 4 8 604.778 608.508
  3    38.751     8.618  3.361 -17 1 4 1 2 4 8 260.267 264.161
  4    62.653    20.667  3.472  -6 1 4 1 2 4 8 769.000 772.622
  5    60.974    -6.110  2.939   6 1 4 1 2 4 8 857.997 861.887
  6   -98.535   -39.532  3.140  19 1 4 1 2 4 8 718.907 722.459
  7     8.411   -81.274  3.445  17 1 4 1 2 4 8 815.341 818.917
  8   -14.569    26.056  3.499  19 1 4 1 2 4 8 493.020 496.672
  9   -34.186   -76.697  3.451   2 1 4 1 2 4 8 169.106 172.660
 10    55.145   -33.911  3.496   3 1 4 1 2 4 8 294.611 298.413
 11    15.869     8.716  3.057  24 1 4 1 2 4 8 566.600 570.214
 12   -63.416   -20.282  3.281   5 1 4 1 2 4 8 796.537 800.300
 13    -9.357   -42.212  2.939   9 1 4 1 2 4 8 102.619 106.264
 14   -53.619     3.729  3.094  20 1 4 1 2 4 8 497.374 501.172
 15    53.491    -3.308  3.163  19 1 4 1 2 4 8 357.411 361.016
 16   -22.614   -32.794  3.490  20 1 4 1 2 4 8 341.339 345.103
 17    39.612    -1.550  3.329   4 1 4 1 2 4 8 241.875 245.476
 18    16.705   -22.748  3.089   3 1 4 1 2 4 8 442.624 446.312
 19   -51.245   -13.757  3.060   2 1 4 1 2 4 8 884.702 888.296
 20   -29.907    14.380  3.437  23 1 4 1 2 4 8 804.402 808.237
 21   -70.441   -27.911  3.027  -6 1 4 1 2 4 8 353.108 356.913
 22   -75.385   -30.811  3.208  17 1 4 1 2 4 8 163.375 167.097
 23    10.590   -28.931  3.240  17 1 4 1 2 4 8 458.311 462.079
 24    86.340   -45.935  3.102   3 1 4 1 2 4 8 485.627 489.495
 25     3.864    34.583  3.207  16 1 4 1 2 4 8 240.771 244.436
 26   -37.598   -42.114  3.110  15 1 4 1 2 4 8 404.978 408.707
 27    69.440     1.379  3.196  23 1 4 1 2 4 8 644.080 647.670
 28   -13.818     1.245  3.479  15 1 4 1 2 4 8 182.031 185.852
 29   -27.124   -38.037  3.502  12 1 4 1 2 4 8 729.810 733.690
 30   -69.348   -14.734  2.951  19 1 4 1 2 4 8 369.004 372.815
 31    58.575    29.346  3.501  23 1 4 1 2 4 8 501.931 505.613
 32    58.105    31.702  3.021  10 1 4 1 2 4 8 733.254 736.814
 33   -62.250   -16.425  3.300  23 1 4 1 2 4 8 866.521 870.271
 34   -66.382    13.586  3.252  22 1 4 1 2 4 8 722.067 725.927
 35    68.030   -12.482  3.045  -4 1 4 1 2 4 8 673.168 676.764
 36   -30.701   -41.681  3.044  -5 1 4 1 2 4 8 136.120 139.699
 37   -55.389   -51.050  3.422  -1 1 4 1 2 4 8 727.753 731.415
 38    36.237    -2.655  3.031  11 1 4 1 2 4 8 811.462 815.327
 39    -1.215     5.591  3.158  20 1 4 1 2 4 8 570.382 574.073
 40    10.278   -23.950  3.229  25 1 4 1 2 4 8 114.174 117.904
 41    -7.159    36.859  3.362  18 1 4 1 2 4 8 710.066 713.887
 42   -90.204    61.169  3.214   4 1 4 1 2 4 8 702.748 706.281
 43    46.368    65.082  2.962  10 1 4 1 2 4 8 784.250 787.792
 44    13.348    31.372  3.148  17 1 4 1 2 4 8 259.903 263.537
 45   -73.566   -28.839  3.337   7 1 4 1 2 4 8 783.356 787.011
 46   -41.528   -37.097  3.009   4 1 4 1 2 4 8 337.864 341.679
 47   -60.938   -27.246  3.216   3 1 4 1 2 4 8 808.274 812.098
 48    38.312    54.376  3.125  12 1 4 1 2 4 8 737.885 741.673
 49    26.306    11.975  3.149  13 1 4 1 2 4 8 251.917 255.698
 50    10.297   -48.346  3.397  24 1 4 1 2 4 8 463.055 466.960
 51    52.417   -28.363  2.989  16 1 4 1 2 4 8 292.679 296.463
 52   -43.756   -39.343  3.345  -2 1 4 1 2 4 8 522.564 526.100
 53    49.316    11.395  3.048   7 1 4 1 2 4 8 741.454 745.201
 54    45.593     4.346  3.110  15 1 4 1 2 4 8 378.497 382.133
 55   -25.989   -15.814  3.035  12 1 4 1 2 4 8 104.850 108.511
 56    65.253   -59.631  3.023  15 1 4 1 2 4 8 424.289 427.914
 57    12.109   -34.387  3.100  17 1 4 1 2 4 8 429.536 433.137
 58    12.390   -16.254  3.433  16 1 4 1 2 4 8 163.209 166.804
 59     0.525    69.611  3.016  -1 1 4 1 2 4 8 664.138 667.664
 60    -8.679     7.770  3.243  -9 1 4 1 2 4 8 445.074 448.682
 61    41.467   -35.016  3.415   4 1 4 1 2 4 8 722.652 726.325
 62    11.859   -34.973  3.149   3 1 4 1 2 4 8 120.780 124.418
 63    -1.306   -58.063  3.392  -1 1 4 1 2 4 8 238.132 241.758
 64     6.024   -31.018  2.974   4 1 4 1 2 4 8 419.342 423.186
 65     1.788   -32.544  3.479   6 1 4 1 2 4 8 894.568 898.343
 66    29.272    -6.494  3.152   1 1 4 1 2 4 8 193.820 197.551
 67    23.950    10.742  3.109  19 1 4 1 2 4 8 292.596 296.500
 68   -65.887    40.912  3.440  -1 1 4 1 2 4 8 403.605 407.196
 69   -10.095    26.257  3.062   2 1 4 1 2 4 8 257.364 260.979
 70    58.093    67.352  3.198  25 1 4 1 2 4 8 288.955 292.581
 71    90.015     9.485  3.041   4 1 4 1 2 4 8 676.995 680.630
 72    -6.622    15.216  3.468   4 1 4 1 2 4 8 466.678 470.463
 73    -2.875   -42.841  3.355 -13 1 4 1 2 4 8 585.559 589.326
 74   -37.714    -7.306  3.468  18 1 4 1 2 4 8 97.976 101.647
 75    44.171   -11.224  3.229  -9 1 4 1 2 4 8 213.079 216.844
 76   -58.704    -2.808  3.401   5 1 4 1 2 4 8 167.398 170.993
 77    -3.912    10.071  3.079 -12 1 4 1 2 4 8 688.876 692.525
 78   -41.370    -1.495  3.187  22 1 4 1 2 4 8 892.722 896.436
 79    58.179    27.563  3.052   9 1 4 1 2 4 8 310.299 313.876
 80   -63.861    26.147  3.193  11 1 4 1 2 4 8 504.485 508.112
 81   -56.793   -15.918  3.223   6 1 4 1 2 4 8 444.503 448.118
 82    22.217   -27.509  3.519  19 1 4 1 2 4 8 179.523 183.085
 83    -1.031   -14.838  3.452  10 1 4 1 2 4 8 279.430 283.143
 84   -57.703   -10.480  3.440  -1 1 4 1 2 4 8 619.259 622.788
 85    80.847     6.299  3.050  10 1 4 1 2 4 8 390.797 394.675
 86     2.887    10.822  3.502  20 1 4 1 2 4 8 606.678 610.509
 87   -37.390    -7.800  3.352  18 1 4 1 2 4 8 213.443 217.158
 88   -33.600   -26.740  3.230  -1 1 4 1 2 4 8 73.293 77.113
 89    95.197    24.231  3.176 -11 1 4 1 2 4 8 789.707 793.510
 90   -13.904    29.327  3.255  20 1 4 1 2 4 8 764.453 767.982
 91   -53.461     9.296  3.214  12 1 4 1 2 4 8 670.670 674.275
 92    67.578    13.007  3.065  17 1 4 1 2 4 8 514.455 518.267
 93   -83.881   -53.265  3.453  16 1 4 1 2 4 8 322.285 326.039
 94    30.255   -72.430  2.964  -3 1 4 1 2 4 8 176.273 180.099
 95   -22.333   -20.538  3.493  14 1 4 1 2 4 8 206.466 210.183
 96     3.741   -35.461  3.029  12 1 4 1 2 4 8 81.071 84.921
 97   -20.093   -43.982  3.392   9 1 4 1 2 4 8 653.150 656.959
 98   -47.687   -21.100  3.315  -1 1 4 1 2 4 8 148.767 152.324
 99   -20.447   -13.849  3.397   7 1 4 1 2 4 8 484.881 488.562
100    34.515     3.967  3.286   7 1 4 1 2 4 8 216.872 220.753
101    20.514   -11.884  3.235  -5 1 4 1 2 4 8 173.724 177.616
102   -46.039   -22.565  3.180   9 1 4 1 2 4 8 503.444 507.136
103   -39.630    25.385  3.343 -15 1 4 1 2 4 8 152.790 156.388
104    -1.025    50.433  3.082   4 1 4 1 2 4 8 473.713 477.444
105   -28.632    23.486  3.001  10 1 4 1 2 4 8 630.670 634.270
106   -52.997   -16.248  3.503 -21 1 4 1 2 4 8 349.234 352.786
107    -3.345   -22.955  3.251   2 1 4 1 2 4 8 135.623 139.293
108   -62.640   -26.349  3.307   6 1 4 1 2 4 8 319.940 323.748
109    25.403     0.531  3.379   1 1 4 1 2 4 8 129.235 132.978
110   -29.895    72.919  3.347  23 1 4 1 2 4 8 507.278 511.119
111    26.630     1.971  3.035  24 1 4 1 2 4 8 103.214 107.095
112    -9.814    35.004  3.048  16 1 4 1 2 4 8 820.911 824.783
113    -7.758   -42.426  2.962  18 1 4 1 2 4 8 225.756 229.633
114    28.918    -7.117  3.485   1 1 4 1 2 4 8 858.188 862.049
115    47.693    36.108  3.223   1 1 4 1 2 4 8 698.073 701.845
116   -53.168     5.206  3.458  21 1 4 1 2 4 8 261.836 265.605
117    17.560    13.214  2.989   8 1 4 1 2 4 8 199.673 203.485
118     6.836    -2.496  2.997  22 1 4 1 2 4 8 76.220 79.999
119   -17.322    97.260  3.513  23 1 4 1 2 4 8 655.044 658.716
120    22.406    26.532  3.465  11 1 4 1 2 4 8 634.343 638.253
121   -73.090   -13.251  3.408  15 1 4 1 2 4 8 344.637 348.371
122   -64.996    -4.578  3.188 -14 1 4 1 2 4 8 223.572 227.398
123   -34.906   -43.903  3.125 -16 1 4 1 2 4 8 683.160 686.986
124   -92.346    -4.517  3.257  25 1 4 1 2 4 8 316.092 319.924
125     0.647    -8.496  3.301  12 1 4 1 2 4 8 872.056 875.645
126     5.048   -37.323  3.026   9 1 4 1 2 4 8 558.554 562.272
127   -19.080   -14.178  3.440  20 1 4 1 2 4 8 876.449 879.976
128   -71.704   -11.450  3.136  22 1 4 1 2 4 8 114.075 117.607
129   -45.581   -28.717  3.071  13 1 4 1 2 4 8 97.817 101.669
130   -28.351   -23.914  3.439  24 1 4 1 2 4 8 684.053 687.588
131   -16.486    30.920  3.512  13 1 4 1 2 4 8 290.489 294.082
132   -83.423   -20.935  3.213  -4 1 4 1 2 4 8 219.532 223.187
133   -12.054   -20.612  3.007  22 1 4 1 2 4 8 886.602 890.319
134    -7.184   -63.721  3.426  18 1 4 1 2 4 8 336.730 340.619
135    34.546    -8.881  3.298  25 1 4 1 2 4 8 702.368 706.260
136    -4.865    73.694  3.380  19 1 4 1 2 4 8 218.359 222.205
137   -36.005    -3.876  3.225   8 1 4 1 2 4 8 573.808 577.557
138   -28.400   -21.820  3.352 -13 1 4 1 2 4 8 425.072 428.977
139   -56.281   -15.112  3.129   1 1 4 1 2 4 8 501.689 505.363
140   -11.017    42.151  3.149   1 1 4 1 2 4 8 410.909 414.793
141   -63.092   -62.573  3.286   5 1 4 1 2 4 8 522.300 526.032
142    29.486    79.944  3.168  -2 1 4 1 2 4 8 810.206 814.044
143   -65.674    -0.238  3.058  22 1 4 1 2 4 8 291.806 295.667
144    46.130   -20.416  3.275   3 1 4 1 2 4 8 860.833 864.585
145     1.575   -16.364  3.377   2 1 4 1 2 4 8 261.154 264.756
146    40.277    -1.379  3.472  -6 1 4 1 2 4 8 485.042 488.685
147   -15.271    42.249  2.989  19 1 4 1 2 4 8 535.715 539.243
148    33.215   -16.614  3.104   5 1 4 1 2 4 8 722.709 726.479
149   -72.388    13.074  3.516  25 1 4 1 2 4 8 210.999 214.629
150   -24.487     5.273  3.048   9 1 4 1 2 4 8 167.919 171.669
151    -6.598   -30.957  3.214 -20 1 4 1 2 4 8 760.027 763.734
152    31.287    21.332  3.066  11 1 4 1 2 4 8 254.016 257.743
153    20.557     0.378  3.472  18 1 4 1 2 4 8 646.196 649.994
154   -67.200   -41.339  3.520  25 1 4 1 2 4 8 637.284 641.105
155    22.168   -40.375  3.098  22 1 4 1 2 4 8 127.576 131.264
156    31.165     2.222  3.364  25 1 4 1 2 4 8 164.586 168.258
157    74.634    30.219  3.164  14 1 4 1 2 4 8 457.154 460.852
158    60.699    81.116  3.213 -21 1 4 1 2 4 8 228.536 232.180
159   -60.736    24.133  3.149  -1 1 4 1 2 4 8 147.150 150.944
160     1.978    17.517  3.233   9 1 4 1 2 4 8 90.476 94.290
161   -80.566   -38.196  3.411   2 1 4 1 2 4 8 395.720 399.511
162   -49.927   -36.713  3.466   2 1 4 1 2 4 8 826.704 830.285
163   -60.449   -27.820  3.164   4 1 4 1 2 4 8 332.344 336.235
164   -78.748   -44.226  3.170  15 1 4 1 2 4 8 379.759 383.376
165    54.260    -9.259  3.464 -11 1 4 1 2 4 8 280.690 284.467
166   -42.059   -26.636  2.976 -15 1 4 1 2 4 8 434.762 438.336
167   -57.336   -16.718  3.492  15 1 4 1 2 4 8 740.213 743.760
168    -1.276   -13.330  3.237  16 1 4 1 2 4 8 700.943 704.784
169   -24.158    39.197  3.029 -14 1 4 1 2 4 8 490.827 494.731
170    17.908   -40.442  3.518  25 1 4 1 2 4 8 707.488 711.286
171    59.833    -3.674  3.092   9 1 4 1 2 4 8 708.597 712.472
172    -3.510     6.256  3.140  23 1 4 1 2 4 8 58.789 62.485
173    40.167     8.594  3.296  16 1 4 1 2 4 8 178.515 182.362
174    -1.691   -54.376  3.289  10 1 4 1 2 4 8 779.709 783.372
175   -36.035   -17.065  3.387  -4 1 4 1 2 4 8 656.759 660.389
176     7.275    -4.144  3.056  25 1 4 1 2 4 8 230.857 234.501
177    30.219    -6.830  3.387 -20 1 4 1 2 4 8 108.943 112.850
178   -26.379   -63.055  3.279   5 1 4 1 2 4 8 709.872 713.705
179    28.772    -0.031  3.197  19 1 4 1 2 4 8 472.311 476.004
180     2.625     5.072  3.053   2 1 4 1 2 4 8 663.875 667.717
181     3.595   -21.600  3.197  13 1 4 1 2 4 8 705.538 709.264
182   -64.948   -10.956  3.214  19 1 4 1 2 4 8 521.814 525.627
183    18.671   -41.010  3.249  -2 1 4 1 2 4 8 422.893 426.700
184    29.291    12.799  3.521  16 1 4 1 2 4 8 837.262 840.975
185     4.529    26.654  3.191  -2 1 4 1 2 4 8 694.693 698.449
186    25.360    29.718  3.327  -6 1 4 1 2 4 8 798.363 801.936
187    57.349   -15.405  3.405  -3 1 4 1 2 4 8 432.047 435.863
188   -11.566   -19.012  3.250  20 1 4 1 2 4 8 70.531 74.326
189   -45.441   -71.808  3.079  13 1 4 1 2 4 8 132.967 136.655
190     2.197    -3.564  3.157   9 1 4 1 2 4 8 818.245 821.769
191    -1.855   -24.475  3.032   5 1 4 1 2 4 8 600.569 604.407
192   -59.851   -48.938  2.974 -15 1 4 1 2 4 8 647.810 651.470
193    70.081   -17.816  3.092  22 1 4 1 2 4 8 229.744 233.390
194    -4.932    28.754  3.112  18 1 4 1 2 4 8 594.453 598.199
195   -46.625   -23.529  3.320  21 1 4 1 2 4 8 512.389 516.131
196   -49.872   -35.339  3.429  16 1 4 1 2 4 8 104.888 108.630
197   -67.499     8.142  3.183  22 1 4 1 2 4 8 251.245 254.974
198    31.195   -18.243  3.354  23 1 4 1 2 4 8 623.986 627.680
199   -42.139   -52.704  3.232   1 1 4 1 2 4 8 837.632 841.469
200   -15.094    18.933  2.959   1 1 4 1 2 4 8 193.497 197.337
201   -78.625   -24.341  3.402  13 1 4 1 2 4 8 564.827 568.717
202    51.471    -9.607  3.378  14 1 4 1 2 4 8 185.361 189.143
203    29.987   -31.061  3.519  18 1 4 1 2 4 8 229.439 233.165
204    46.741     1.453  3.095   5 1 4 1 2 4 8 270.200 274.077
205   -52.954    31.738  3.217  24 1 4 1 2 4 8 300.223 303.943
206    10.535   -61.432  3.139  11 1 4 1 2 4 8 809.303 813.005
207   -15.948   -56.012  3.392   5 1 4 1 2 4 8 358.985 362.794
208    -7.776   -54.730  3.142   1 1 4 1 2 4 8 183.978 187.820
209    11.047   -20.905  2.965  21 1 4 1 2 4 8 71.110 74.981
210   -24.359   -23.047  3.214  -6 1 4 1 2 4 8 337.658 341.467
211     2.948   -20.398  2.955   6 1 4 1 2 4 8 134.710 138.486
212   -82.654    24.323  3.128   5 1 4 1 2 4 8 371.009 374.580
213   -12.134    42.065  3.294  23 1 4 1 2 4 8 448.005 451.762
214   -98.035   -36.359  3.388 -16 1 4 1 2 4 8 486.271 489.856
215   -61.102   -13.477  3.299 -18 1 4 1 2 4 8 580.553 584.408
216   -39.136     6.287  3.146 -10 1 4 1 2 4 8 77.112 80.836
217    41.180     7.971  3.419   9 1 4 1 2 4 8 557.706 561.258
218     4.254    19.830  3.453  18 1 4 1 2 4 8 412.389 415.925
219   -34.143   -37.915  3.183  22 1 4 1 2 4 8 106.959 110.761
220    -4.559    23.566  3.075  24 1 4 1 2 4 8 784.400 788.064
221    37.891    -1.947  3.280  15 1 4 1 2 4 8 365.698 369.529
222    78.259    15.936  2.972  -6 1 4 1 2 4 8 639.757 643.355
223    -8.661   -25.110  2.949  12 1 4 1 2 4 8 313.423 317.133
224    10.071    37.164  2.987  19 1 4 1 2 4 8 147.875 151.485
225   -42.621   -46.985  3.218  19 1 4 1 2 4 8 317.126 320.904
226    92.157   -94.183  3.216  17 1 4 1 2 4 8 527.856 531.758
227    32.202   -39.844  3.386  22 1 4 1 2 4 8 491.134 495.028
228   -55.231   -15.027  2.990  25 1 4 1 2 4 8 136.736 140.646
229   -26.746   -21.490  3.270 -11 1 4 1 2 4 8 868.167 872.054
230   -75.513    -0.708  3.417  23 1 4 1 2 4 8 836.167 839.912
231    34.021    12.665  3.053  10 1 4 1 2 4 8 704.529 708.259
232    -2.643   -20.831  3.313  17 1 4 1 2 4 8 551.466 555.103
233    53.369    13.770  3.153  -6 1 4 1 2 4 8 298.591 302.314
234   -14.948   -40.259  3.414  20 1 4 1 2 4 8 896.835 900.702
235    67.828     5.750  3.105   6 1 4 1 2 4 8 784.291 787.943
236   -13.220   -26.031  3.472   4 1 4 1 2 4 8 790.168 793.742
237     4.169   -32.617  3.386  25 1 4 1 2 4 8 867.634 871.533
238   -26.050   -33.313  3.388   7 1 4 1 2 4 8 290.683 294.325
239    31.964   -45.703  3.500  11 1 4 1 2 4 8 103.628 107.542
240    96.820    26.208  3.106  14 1 4 1 2 4 8 307.611 311.422
241   -44.696   -37.854  3.243  14 1 4 1 2 4 8 283.420 286.959
242    33.417    11.792  3.416  15 1 4 1 2 4 8 616.472 620.080
243   -35.187    19.226  3.112   2 1 4 1 2 4 8 167.051 170.841
244   -14.233   -74.988  3.122  14 1 4 1 2 4 8 351.253 354.823
245    37.158    -0.836  3.415  17 1 4 1 2 4 8 606.351 609.991
246   -51.697   -26.447  3.407  24 1 4 1 2 4 8 626.435 630.298
247    23.535     5.896  3.161  10 1 4 1 2 4 8 836.838 840.480
248   -18.433    53.711  3.116  20 1 4 1 2 4 8 885.594 889.283
249   -11.340   -17.621  3.197  11 1 4 1 2 4 8 389.902 393.616
250    -7.812   -35.895  3.245  16 1 4 1 2 4 8 695.523 699.283
251     3.522    26.941  3.324   3 1 4 1 2 4 8 459.489 463.206
252   -46.588   -22.266  3.439  11 1 4 1 2 4 8 738.449 742.349
253    -2.997    -0.549  3.340  10 1 4 1 2 4 8 703.683 707.592
254    32.147    17.151  3.406  18 1 4 1 2 4 8 350.892 354.503
255    32.019    13.007  3.434  20 1 4 1 2 4 8 399.321 402.899
256    -6.628    29.889  3.253  24 1 4 1 2 4 8 638.428 642.310
257    77.777   -25.397  3.450  16 1 4 1 2 4 8 393.142 396.954
258    30.707    65.704  3.311   2 1 4 1 2 4 8 404.821 408.349
259   -43.811   -43.036  3.302  14 1 4 1 2 4 8 303.559 307.208
260    49.561    16.827  3.507  10 1 4 1 2 4 8 600.401 603.954
261   -28.931    -0.439  2.995 -22 1 4 1 2 4 8 643.170 646.877
262    40.363    16.382  3.404  14 1 4 1 2 4 8 245.313 248.909
263    22.748    40.674  3.426 -15 1 4 1 2 4 8 802.213 806.095
264    -1.471     6.567  3.399   7 1 4 1 2 4 8 744.617 748.245
265    -1.190    16.864  3.119  20 1 4 1 2 4 8 796.689 800.461
266     8.032    41.821  3.443   1 1 4 1 2 4 8 268.778 272.489
267   -44.019   -22.784  3.289 -24 1 4 1 2 4 8 711.246 714.999
268    12.366   -11.353  3.017  22 1 4 1 2 4 8 495.799 499.539
269    33.276    15.881  3.191 -23 1 4 1 2 4 8 695.323 699.236
270   -34.790   -15.045  3.382  20 1 4 1 2 4 8 499.462 503.175
271   -96.857   -19.391  3.104  15 1 4 1 2 4 8 446.634 450.518
272    38.434    -5.353  3.025  14 1 4 1 2 4 8 838.202 842.048
273   -25.391     0.220  3.425  12 1 4 1 2 4 8 528.764 532.616
274     0.848   -31.860  3.262   4 1 4 1 2 4 8 297.082 300.987
275   -24.023    95.691  3.190  15 1 4 1 2 4 8 421.798 425.562
276    -4.272    35.468  3.156  12 1 4 1 2 4 8 363.343 367.203
277    -6.927     1.855  3.296   8 1 4 1 2 4 8 578.069 581.726
278   -70.953    -3.217  3.343   2 1 4 1 2 4 8 217.329 221.204
279   -32.648   -16.522  2.941 -24 1 4 1 2 4 8 220.615 224.232
280    42.859   -21.680  3.465   5 1 4 1 2 4 8 394.519 398.275
281     5.182     6.403  3.307  -8 1 4 1 2 4 8 616.791 620.318
282    36.920    -4.987  3.088  21 1 4 1 2 4 8 287.275 291.084
283    49.591    27.783  3.358   5 1 4 1 2 4 8 389.699 393.344
284    45.038    10.785  3.099  16 1 4 1 2 4 8 128.921 132.837
285     7.690    14.056  2.940  -8 1 4 1 2 4 8 270.918 274.739
286   -60.907    18.640  3.011 -24 1 4 1 2 4 8 599.105 602.956
287   -64.496     8.923  3.421 -23 1 4 1 2 4 8 330.900 334.514
288    37.158   -14.990  3.491   6 1 4 1 2 4 8 762.017 765.683
289     2.277     7.840 0.000   0 0 0 0.000 978.975
290    32.883    -1.779 0.000   0 0 0 0.000 978.975
291   -49.554   -17.828 0.000   0 0 0 0.000 978.975
292     3.690   -26.099 0.000   0 0 0 0.000 978.975
