6 1 72 6
0 200
0 200
0 200
0 200
0 200
0 200
  1   -92.700   -59.180  2.816  20 1 6 1 2 4 8 16 32 225.611 228.771
  2    71.179    12.543  2.699   6 1 6 1 2 4 8 16 32 127.723 130.885
  3    31.537    66.638  2.672  19 1 6 1 2 4 8 16 32 195.227 198.591
  4    -4.694    25.537  2.881  10 1 6 1 2 4 8 16 32 667.453 670.669
  5   -30.194    67.773  3.110  18 1 6 1 2 4 8 16 32 620.215 623.513
  6    12.677   -57.471  2.703   1 1 6 1 2 4 8 16 32 381.246 384.435
  7   -32.355   -20.966  2.841  15 1 6 1 2 4 8 16 32 248.183 251.363
  8    19.910    48.975  2.665  23 1 6 1 2 4 8 16 32 691.505 694.773
  9    13.202   -19.135  2.607 -13 1 6 1 2 4 8 16 32 74.867 78.247
 10    54.877   -41.168  2.848  12 1 6 1 2 4 8 16 32 616.053 619.412
 11    15.063   -25.171  2.821  -7 1 6 1 2 4 8 16 32 652.133 655.433
 12   -50.598   -16.418  2.895  25 1 6 1 2 4 8 16 32 181.092 184.286
 13   -29.730    17.078  3.029  -5 1 6 1 2 4 8 16 32 506.331 509.555
 14    17.542     1.575  3.056   1 1 6 1 2 4 8 16 32 487.003 490.265
 15    11.127    77.216  2.827  25 1 6 1 2 4 8 16 32 265.992 269.414
 16    33.752    71.259  2.958  10 1 6 1 2 4 8 16 32 340.739 344.001
 17   -56.012   -10.394  2.997   2 1 6 1 2 4 8 16 32 355.721 359.076
 18    57.874   -16.290  2.892  -7 1 6 1 2 4 8 16 32 322.952 326.140
 19    10.718   -18.787  3.067  11 1 6 1 2 4 8 16 32 271.997 275.213
 20    53.088   -18.750  2.776   4 1 6 1 2 4 8 16 32 311.353 314.660
 21     1.569     7.532  2.887   6 1 6 1 2 4 8 16 32 64.855 68.132
 22    31.531    48.944  2.595 -15 1 6 1 2 4 8 16 32 626.951 630.340
 23   -66.833   -37.854  2.700   7 1 6 1 2 4 8 16 32 375.299 378.746
 24   -70.740    62.244  2.641  -8 1 6 1 2 4 8 16 32 705.973 709.163
 25    32.538    23.096  2.808  10 1 6 1 2 4 8 16 32 740.608 744.026
 26   -51.453   -36.444  2.971   9 1 6 1 2 4 8 16 32 291.449 294.798
 27    36.456   -22.638  2.640   4 1 6 1 2 4 8 16 32 730.629 733.991
 28   -31.207    43.494  2.825   6 1 6 1 2 4 8 16 32 662.780 666.123
 29   -10.388    34.491  2.639  22 1 6 1 2 4 8 16 32 783.059 786.290
 30    14.722   -10.834  3.083  17 1 6 1 2 4 8 16 32 210.572 213.739
 31    47.095   -21.387  2.777   9 1 6 1 2 4 8 16 32 585.327 588.498
 32    43.781    34.766  3.106  25 1 6 1 2 4 8 16 32 257.874 261.290
 33    53.546   -67.487  2.828  10 1 6 1 2 4 8 16 32 346.319 349.577
 34    26.801    46.515  3.107  18 1 6 1 2 4 8 16 32 209.514 212.866
 35    63.385    11.981  2.996  21 1 6 1 2 4 8 16 32 412.679 416.065
 36    47.192    -5.475  2.878  10 1 6 1 2 4 8 16 32 695.549 698.665
 37   -16.315   -11.267  2.634  23 1 6 1 2 4 8 16 32 159.023 162.301
 38    78.900    17.651  3.102 -23 1 6 1 2 4 8 16 32 270.521 273.687
 39    79.822    22.272  3.032  11 1 6 1 2 4 8 16 32 271.732 275.099
 40    12.878    16.919  3.079   1 1 6 1 2 4 8 16 32 787.879 791.210
 41   -67.981    -3.754  2.867  23 1 6 1 2 4 8 16 32 741.750 745.052
 42     9.198   -18.597  2.608 -16 1 6 1 2 4 8 16 32 515.323 518.642
 43   -35.950   -19.141  2.987  10 1 6 1 2 4 8 16 32 497.711 501.092
 44    28.766    45.276  2.824  12 1 6 1 2 4 8 16 32 164.380 167.650
 45    11.469    68.231  2.963  12 1 6 1 2 4 8 16 32 262.840 266.227
 46   -22.760    45.496  2.625   3 1 6 1 2 4 8 16 32 376.550 379.683
 47   -65.674   -23.120  2.948  22 1 6 1 2 4 8 16 32 147.320 150.582
 48     7.239     1.599  2.945 -21 1 6 1 2 4 8 16 32 532.793 536.091
 49   -29.785   -11.285  2.630  13 1 6 1 2 4 8 16 32 373.339 376.584
 50   -89.050    16.211  2.985  15 1 6 1 2 4 8 16 32 390.867 394.154
 51   -46.887    -3.363  2.827  13 1 6 1 2 4 8 16 32 163.001 166.248
 52   -14.972    30.621  3.024  20 1 6 1 2 4 8 16 32 502.113 505.455
 53   -17.035    49.774  2.900 -10 1 6 1 2 4 8 16 32 562.584 565.814
 54    31.635    53.619  3.056  25 1 6 1 2 4 8 16 32 444.185 447.525
 55    -3.577    13.342  2.900   7 1 6 1 2 4 8 16 32 700.185 703.433
 56    33.008    58.960  2.790  15 1 6 1 2 4 8 16 32 580.218 583.603
 57   -92.950    63.263  2.910   2 1 6 1 2 4 8 16 32 520.907 524.327
 58    -9.137   -22.931  2.722  23 1 6 1 2 4 8 16 32 462.228 465.454
 59   -39.960     6.195  2.836  -5 1 6 1 2 4 8 16 32 571.154 574.427
 60    28.430   -19.214  2.657  25 1 6 1 2 4 8 16 32 708.766 712.163
 61   -28.540    -3.485  2.937   9 1 6 1 2 4 8 16 32 643.832 647.020
 62    31.415    36.859  2.790   2 1 6 1 2 4 8 16 32 375.976 379.142
 63   -49.426    60.602  2.802 -24 1 6 1 2 4 8 16 32 462.193 465.436
 64   -72.827   -27.765  2.651  13 1 6 1 2 4 8 16 32 402.113 405.432
 65    60.083   -45.905  2.947 -20 1 6 1 2 4 8 16 32 514.448 517.778
 66    10.870    -3.900  2.664  13 1 6 1 2 4 8 16 32 295.613 298.901
 67    25.122     7.672  3.037  15 1 6 1 2 4 8 16 32 180.355 183.547
 68   -46.997   -17.474  3.032   4 1 6 1 2 4 8 16 32 430.567 433.962
 69    16.058    33.020  2.940  20 1 6 1 2 4 8 16 32 336.019 339.155
 70    25.409   -11.700  2.781   8 1 6 1 2 4 8 16 32 171.865 175.073
 71    68.323    -5.145  3.097  19 1 6 1 2 4 8 16 32 605.233 608.505
 72   -13.104    62.158  2.911 -20 1 6 1 2 4 8 16 32 278.216 281.520
 73    42.395    -8.344 0.000   0 0 0 0.000 863.860
 74   -42.175   -14.554 0.000   0 0 0 0.000 863.860
 75    16.034    40.726 0.000   0 0 0 0.000 863.860
 76   -14.639    29.633 0.000   0 0 0 0.000 863.860
 77    16.049    -3.934 0.000   0 0 0 0.000 863.860
 78    46.112    12.430 0.000   0 0 0 0.000 863.860
