6 2 144 6
0 190
0 190
0 190
0 190
0 190
0 190
  1   -40.289   -42.303  3.146  20 1 6 1 2 4 8 16 32 738.151 741.566
  2   -64.709   -17.389  3.040  10 1 6 1 2 4 8 16 32 329.045 332.238
  3     5.060   -14.349  2.999   8 1 6 1 2 4 8 16 32 497.448 500.820
  4    72.095    20.233  2.745   6 1 6 1 2 4 8 16 32 275.431 278.837
  5     2.594   -15.002  2.929  -1 1 6 1 2 4 8 16 32 705.999 709.505
  6   -24.176   -72.894  3.140 -19 1 6 1 2 4 8 16 32 128.132 131.604
  7   -13.190    66.498  2.795  13 1 6 1 2 4 8 16 32 437.248 440.672
  8    33.191    13.690  2.729  24 1 6 1 2 4 8 16 32 756.734 759.991
  9    66.827   -30.554  2.818  15 1 6 1 2 4 8 16 32 577.632 581.102
 10    19.934    35.883  2.939  13 1 6 1 2 4 8 16 32 216.871 220.093
 11   -27.771    32.269  3.132  10 1 6 1 2 4 8 16 32 273.693 276.951
 12    51.154   -16.827  3.056   4 1 6 1 2 4 8 16 32 515.406 518.733
 13   -19.214    23.749  3.136  12 1 6 1 2 4 8 16 32 412.119 415.541
 14   -46.643   -52.954  3.123  21 1 6 1 2 4 8 16 32 604.846 608.299
 15   -10.590   -16.626  2.820   2 1 6 1 2 4 8 16 32 389.519 392.778
 16    35.150    12.622  3.004  10 1 6 1 2 4 8 16 32 755.413 758.854
 17   -37.378    12.256  2.870  20 1 6 1 2 4 8 16 32 500.267 503.578
 18    82.794    25.836  3.039   9 1 6 1 2 4 8 16 32 389.070 392.292
 19     8.936    -3.723  3.110  24 1 6 1 2 4 8 16 32 206.851 210.120
 20   -56.659    25.555  3.046  19 1 6 1 2 4 8 16 32 150.148 153.451
 21   -52.020   -40.137  2.652  13 1 6 1 2 4 8 16 32 638.118 641.354
 22    39.270    12.787  2.878  14 1 6 1 2 4 8 16 32 412.619 415.950
 23    19.757    21.228  2.773  17 1 6 1 2 4 8 16 32 348.981 352.424
 24   -23.071   -12.659  2.888  25 1 6 1 2 4 8 16 32 297.606 300.830
 25    15.686    52.374  3.042   1 1 6 1 2 4 8 16 32 545.150 548.495
 26    58.771    -7.056  3.155   9 1 6 1 2 4 8 16 32 450.999 454.300
 27   -33.087    72.266  2.878 -12 1 6 1 2 4 8 16 32 624.666 627.850
 28     2.551    46.851  2.827  22 1 6 1 2 4 8 16 32 122.620 125.960
 29   -18.719    73.126  2.671   2 1 6 1 2 4 8 16 32 139.276 142.695
 30   -67.627   -20.679  2.896  21 1 6 1 2 4 8 16 32 224.406 227.592
 31   -76.862   -11.365  3.153   8 1 6 1 2 4 8 16 32 349.009 352.397
 32   -24.194   -38.263  2.995 -19 1 6 1 2 4 8 16 32 748.505 751.762
 33   -20.374   -31.903  3.117  24 1 6 1 2 4 8 16 32 679.113 682.479
 34     9.290    39.618  2.717  24 1 6 1 2 4 8 16 32 560.414 563.623
 35    26.044    35.974  2.892  -2 1 6 1 2 4 8 16 32 349.225 352.696
 36   -57.385   -45.264  2.966  20 1 6 1 2 4 8 16 32 210.641 214.038
 37     1.489   -62.592  3.082  20 1 6 1 2 4 8 16 32 361.078 364.595
 38    34.937    13.672  2.870  -5 1 6 1 2 4 8 16 32 709.445 712.689
 39   -22.290    45.648  2.699  17 1 6 1 2 4 8 16 32 554.178 557.443
 40    -5.920    44.061  2.984   4 1 6 1 2 4 8 16 32 213.610 216.833
 41   -38.446   -23.541  2.953  21 1 6 1 2 4 8 16 32 185.785 189.242
 42    28.894    33.936  2.997   3 1 6 1 2 4 8 16 32 658.902 662.237
 43   -35.388    -5.341  2.675  16 1 6 1 2 4 8 16 32 218.586 221.951
 44   -19.501    13.519  2.848  14 1 6 1 2 4 8 16 32 327.306 330.496
 45    -9.216   -30.988  2.861   6 1 6 1 2 4 8 16 32 760.328 763.752
 46   -22.131   -17.065  2.966   5 1 6 1 2 4 8 16 32 398.937 402.278
 47   -22.827    36.810  3.045  12 1 6 1 2 4 8 16 32 145.093 148.420
 48   -61.365   -18.463  2.757  23 1 6 1 2 4 8 16 32 481.658 485.060
 49    50.128   -66.046  2.660  12 1 6 1 2 4 8 16 32 586.261 589.575
 50    25.647    24.139  2.840  18 1 6 1 2 4 8 16 32 596.044 599.417
 51    65.521    42.810  2.930  24 1 6 1 2 4 8 16 32 187.344 190.680
 52   -60.956   -47.925  2.806   3 1 6 1 2 4 8 16 32 710.424 713.839
 53    -9.070    42.798  3.111  -3 1 6 1 2 4 8 16 32 398.175 401.469
 54   -19.061     4.480  3.010  25 1 6 1 2 4 8 16 32 176.617 180.014
 55   -54.071    -3.870  2.762 -22 1 6 1 2 4 8 16 32 146.837 150.272
 56   -25.598   -18.866  3.061  25 1 6 1 2 4 8 16 32 579.596 582.866
 57   -18.707    84.296  2.858  15 1 6 1 2 4 8 16 32 239.763 242.954
 58   -70.184   -39.166  2.742  18 1 6 1 2 4 8 16 32 438.693 441.934
 59   -14.636    -0.446  3.090  -8 1 6 1 2 4 8 16 32 582.317 585.823
 60   -76.465   -38.922  2.762  20 1 6 1 2 4 8 16 32 450.389 453.813
 61    44.092    12.433  3.053 -18 1 6 1 2 4 8 16 32 276.656 280.106
 62   -22.772   -50.867  3.127   5 1 6 1 2 4 8 16 32 305.310 308.780
 63    19.104    44.672  3.083  25 1 6 1 2 4 8 16 32 732.342 735.832
 64   -44.019   -39.935  2.703 -16 1 6 1 2 4 8 16 32 688.759 692.187
 65    -2.972    -4.059  2.820  14 1 6 1 2 4 8 16 32 346.544 350.031
 66   -24.261    35.907  3.091   1 1 6 1 2 4 8 16 32 643.281 646.789
 67   -61.877   -73.901  3.032 -15 1 6 1 2 4 8 16 32 359.727 363.124
 68    -5.640   -26.721  3.142  22 1 6 1 2 4 8 16 32 113.783 117.279
 69    45.844   -36.835  2.986   6 1 6 1 2 4 8 16 32 372.280 375.510
 70   -51.746   -79.840  2.761  24 1 6 1 2 4 8 16 32 404.472 407.897
 71   -33.008    10.992  2.659  19 1 6 1 2 4 8 16 32 88.859 92.073
 72   -25.653    -0.372  2.865  12 1 6 1 2 4 8 16 32 318.936 322.375
 73   -21.497    61.487  2.789  13 1 6 1 2 4 8 16 32 621.710 624.883
 74     2.032    26.727  2.941  10 1 6 1 2 4 8 16 32 506.107 509.480
 75   -26.758    14.807  2.714  12 1 6 1 2 4 8 16 32 201.659 205.007
 76   -37.256   -44.861  2.929  13 1 6 1 2 4 8 16 32 185.773 189.003
 77    -0.861   -16.418  2.890  25 1 6 1 2 4 8 16 32 76.186 79.354
 78   -51.160    34.967  2.700  12 1 6 1 2 4 8 16 32 620.100 623.552
 79   -41.266   -76.886  2.945  -2 1 6 1 2 4 8 16 32 311.102 314.426
 80   -30.255    74.701  2.704  11 1 6 1 2 4 8 16 32 522.708 525.967
 81   -46.368    -1.514  3.023 -10 1 6 1 2 4 8 16 32 500.169 503.555
 82   -71.619    73.077  3.122   9 1 6 1 2 4 8 16 32 590.855 594.149
 83   -46.606   -39.948  2.644 -21 1 6 1 2 4 8 16 32 629.348 632.720
 84   -30.243    67.102  2.975  14 1 6 1 2 4 8 16 32 542.692 546.074
 85   -40.997   -43.036  2.805  15 1 6 1 2 4 8 16 32 434.173 437.436
 86   -74.286   -52.307  2.732  -6 1 6 1 2 4 8 16 32 595.350 598.623
 87   -17.609   -71.851  2.884  25 1 6 1 2 4 8 16 32 159.640 162.936
 88     2.350   -81.805  2.747  14 1 6 1 2 4 8 16 32 318.407 321.659
 89   -85.486   -54.059  2.715 -17 1 6 1 2 4 8 16 32 313.131 316.626
 90    23.822    10.571  2.926   8 1 6 1 2 4 8 16 32 403.948 407.140
 91   -24.530   -31.726  2.812  -4 1 6 1 2 4 8 16 32 587.720 590.970
 92   -42.474   -15.009  2.804  17 1 6 1 2 4 8 16 32 727.011 730.407
 93   -33.624    50.330  3.066  23 1 6 1 2 4 8 16 32 277.801 281.027
 94   -81.458   -41.565  2.804   4 1 6 1 2 4 8 16 32 201.513 205.002
 95   -73.505   -48.279  2.945   4 1 6 1 2 4 8 16 32 151.663 154.840
 96    -3.052    70.898  2.870   9 1 6 1 2 4 8 16 32 503.111 506.623
 97     0.946    25.458  2.842  -9 1 6 1 2 4 8 16 32 529.983 533.453
 98   -54.144    13.525  2.782  19 1 6 1 2 4 8 16 32 620.850 624.163
 99   -30.634     7.526  2.668 -12 1 6 1 2 4 8 16 32 323.210 326.561
100   -68.335   -34.277  2.898  25 1 6 1 2 4 8 16 32 398.443 401.681
101     7.178    57.935  2.806  -8 1 6 1 2 4 8 16 32 598.507 601.765
102     4.712    48.669  2.669  13 1 6 1 2 4 8 16 32 349.391 352.895
103    58.087    26.379  2.868   3 1 6 1 2 4 8 16 32 623.389 626.580
104    18.347    34.784  3.121   6 1 6 1 2 4 8 16 32 551.555 554.814
105   -44.629   -61.975  2.721  11 1 6 1 2 4 8 16 32 746.150 749.597
106     5.231    26.068  3.087  24 1 6 1 2 4 8 16 32 625.952 629.380
107   -48.065   -36.755  2.755  16 1 6 1 2 4 8 16 32 130.487 133.750
108    -3.589   -27.734  2.893  21 1 6 1 2 4 8 16 32 734.141 737.456
109     9.808    36.896  2.647 -25 1 6 1 2 4 8 16 32 452.917 456.189
110    59.460     1.233  3.028 -10 1 6 1 2 4 8 16 32 620.133 623.502
111   -47.522    19.873  3.100   2 1 6 1 2 4 8 16 32 107.795 111.055
112   -48.431   -50.317  2.824  13 1 6 1 2 4 8 16 32 147.359 150.766
113    44.666    20.953  2.866  14 1 6 1 2 4 8 16 32 390.927 394.331
114   -19.226    32.770  2.976  19 1 6 1 2 4 8 16 32 347.766 351.062
115   -15.662    17.462  3.145  16 1 6 1 2 4 8 16 32 175.420 178.835
116   -91.669    77.722  2.970  23 1 6 1 2 4 8 16 32 454.301 457.623
117   -30.035   -78.284  2.898  13 1 6 1 2 4 8 16 32 299.312 302.734
118    73.663    32.941  3.159  24 1 6 1 2 4 8 16 32 463.143 466.456
119    22.400   -60.083  2.966  17 1 6 1 2 4 8 16 32 432.286 435.671
120    61.206   -13.501  2.921   8 1 6 1 2 4 8 16 32 672.308 675.520
121    22.131   -50.012  2.714  12 1 6 1 2 4 8 16 32 523.593 526.911
122    -6.317    56.665  2.957   6 1 6 1 2 4 8 16 32 414.069 417.451
123   -20.471    12.885  2.827  20 1 6 1 2 4 8 16 32 554.282 557.555
124   -61.084   -44.769  3.110  20 1 6 1 2 4 8 16 32 377.598 380.867
125    -9.576   -19.366  2.757  24 1 6 1 2 4 8 16 32 754.828 758.227
126     5.627   -88.501  2.704 -10 1 6 1 2 4 8 16 32 706.597 709.928
127    -2.618    22.131  2.704  18 1 6 1 2 4 8 16 32 210.874 214.285
128    40.497    32.343  2.850  10 1 6 1 2 4 8 16 32 716.834 720.168
129    -3.296    36.774  2.910  15 1 6 1 2 4 8 16 32 738.539 741.851
130   -50.995    19.781  2.945 -12 1 6 1 2 4 8 16 32 295.392 298.661
131   -70.520    -3.809  3.037  22 1 6 1 2 4 8 16 32 729.600 732.976
132     4.205     0.812  3.029  11 1 6 1 2 4 8 16 32 214.927 218.117
133     9.955    26.337  2.783 -14 1 6 1 2 4 8 16 32 128.900 132.398
134    13.538   -21.313  2.964   9 1 6 1 2 4 8 16 32 572.499 576.015
135   -21.869   -18.768  2.664   6 1 6 1 2 4 8 16 32 357.781 361.279
136   -37.158   -30.768  3.073 -23 1 6 1 2 4 8 16 32 619.502 622.720
137   -86.975    10.345  2.776  -8 1 6 1 2 4 8 16 32 550.772 554.244
138   -47.272   -46.326  2.699  22 1 6 1 2 4 8 16 32 724.689 727.896
139     4.095   -19.354  3.071   7 1 6 1 2 4 8 16 32 682.275 685.500
140     4.205    30.292  2.870  15 1 6 1 2 4 8 16 32 308.552 311.753
141   -42.017    53.986  2.889  22 1 6 1 2 4 8 16 32 284.240 287.456
142    35.095   -10.895  3.064   7 1 6 1 2 4 8 16 32 172.574 175.858
143    61.188   -59.875  3.038  14 1 6 1 2 4 8 16 32 265.117 268.507
144   -34.674    -1.337  3.143  21 1 6 1 2 4 8 16 32 198.625 202.140
145    -3.799    44.290 0.000   0 0 0 0.000 879.825
146    14.233    21.173 0.000   0 0 0 0.000 879.825
147   -23.334   -28.397 0.000   0 0 0 0.000 879.825
148    10.065     1.822 0.000   0 0 0 0.000 879.825
149   -49.115   -43.549 0.000   0 0 0 0.000 879.825
150   -21.054     4.144 0.000   0 0 0 0.000 879.825
