6 3 216 6
0 180
0 180
0 180
0 180
0 180
0 180
  1   -41.235   -66.357  2.926  -3 1 6 1 2 4 8 16 32 423.794 427.387
  2    34.064   -59.357  2.881 -16 1 6 1 2 4 8 16 32 361.735 365.573
  3    20.917   -52.582  3.276   8 1 6 1 2 4 8 16 32 325.015 328.599
  4   -38.538   -37.396  3.026  15 1 6 1 2 4 8 16 32 754.490 758.080
  5    41.058    22.931  3.224  12 1 6 1 2 4 8 16 32 132.493 135.976
  6   -54.034   -53.131  3.359  13 1 6 1 2 4 8 16 32 794.078 797.907
  7     8.099    80.725  3.270  -8 1 6 1 2 4 8 16 32 351.101 354.564
  8    81.299    13.409  3.120  24 1 6 1 2 4 8 16 32 321.860 325.355
  9    14.459    -2.972  3.374 -14 1 6 1 2 4 8 16 32 368.098 371.756
 10   -52.539    60.107  3.060  17 1 6 1 2 4 8 16 32 623.290 627.072
 11   -57.202   -34.229  3.171   8 1 6 1 2 4 8 16 32 803.397 807.133
 12   -65.552   -40.222  3.231  11 1 6 1 2 4 8 16 32 663.885 667.478
 13   -19.751   -10.278  3.431   8 1 6 1 2 4 8 16 32 73.957 77.647
 14   -26.965   -87.012  3.237  17 1 6 1 2 4 8 16 32 603.416 607.180
 15     3.192   -88.654  3.350  19 1 6 1 2 4 8 16 32 285.202 288.847
 16    34.521    32.837  3.226  13 1 6 1 2 4 8 16 32 586.547 590.180
 17    80.035     5.273  3.015   2 1 6 1 2 4 8 16 32 333.817 337.657
 18   -39.838   -67.731  3.360  -8 1 6 1 2 4 8 16 32 248.890 252.630
 19    14.600    11.365  3.161 -21 1 6 1 2 4 8 16 32 265.025 268.492
 20   -20.990   -80.511  3.191  13 1 6 1 2 4 8 16 32 473.678 477.426
 21    48.242    47.284  3.400  17 1 6 1 2 4 8 16 32 792.572 796.270
 22    59.338   -31.860  3.035   4 1 6 1 2 4 8 16 32 266.805 270.577
 23   -13.995   -45.624  3.117 -22 1 6 1 2 4 8 16 32 541.898 545.667
 24    32.397   -32.532  3.422  24 1 6 1 2 4 8 16 32 731.449 735.011
 25     2.826    50.824  3.183  11 1 6 1 2 4 8 16 32 564.536 568.345
 26   -66.077   -34.686  3.171   6 1 6 1 2 4 8 16 32 134.524 138.084
 27   -13.660    18.640  3.119  19 1 6 1 2 4 8 16 32 747.751 751.257
 28   -59.344    12.769  3.122  11 1 6 1 2 4 8 16 32 739.340 742.911
 29    -5.133   -18.463  3.179  23 1 6 1 2 4 8 16 32 717.656 721.485
 30   -22.961   -21.729  3.166   4 1 6 1 2 4 8 16 32 93.023 96.541
 31    58.130    46.606  3.251   5 1 6 1 2 4 8 16 32 459.865 463.412
 32   -49.603   -76.624  2.990  16 1 6 1 2 4 8 16 32 287.051 290.722
 33    -4.803    43.036  3.444   2 1 6 1 2 4 8 16 32 571.661 575.456
 34    68.616   -19.623  3.301  13 1 6 1 2 4 8 16 32 831.445 835.021
 35    37.915    63.599  3.271  11 1 6 1 2 4 8 16 32 823.505 827.071
 36     1.251   -26.550  3.085   9 1 6 1 2 4 8 16 32 760.165 763.872
 37   -37.952     1.685  3.261  18 1 6 1 2 4 8 16 32 188.280 191.857
 38   -40.503     8.038  3.402   7 1 6 1 2 4 8 16 32 366.080 369.743
 39    -8.392   -38.678  3.395  24 1 6 1 2 4 8 16 32 475.687 479.168
 40   -36.725    25.494  3.272   5 1 6 1 2 4 8 16 32 427.442 431.220
 41   -47.754   -50.073  3.129   2 1 6 1 2 4 8 16 32 198.835 202.423
 42    22.595   -28.357  2.901   5 1 6 1 2 4 8 16 32 630.169 633.914
 43   -36.365   -48.163  2.946   5 1 6 1 2 4 8 16 32 644.557 648.061
 44    75.452   -13.422  3.328   3 1 6 1 2 4 8 16 32 750.591 754.366
 45   -64.520   -13.232  2.971  13 1 6 1 2 4 8 16 32 256.095 259.731
 46     1.257    29.156  3.268   2 1 6 1 2 4 8 16 32 505.097 508.767
 47    -1.569   -35.974  3.038 -10 1 6 1 2 4 8 16 32 573.104 576.866
 48    46.747     6.696  3.128  12 1 6 1 2 4 8 16 32 532.662 536.202
 49    82.080    27.057  3.123 -24 1 6 1 2 4 8 16 32 553.176 556.826
 50    74.695    19.366  3.001  21 1 6 1 2 4 8 16 32 484.788 488.407
 51    47.015     9.338  3.189 -18 1 6 1 2 4 8 16 32 849.558 853.378
 52   -62.036   -21.326  3.000   5 1 6 1 2 4 8 16 32 543.974 547.546
 53     9.192    20.038  3.197 -15 1 6 1 2 4 8 16 32 780.699 784.362
 54    -3.094    21.582  3.318  11 1 6 1 2 4 8 16 32 521.988 525.712
 55   -75.446    13.086  2.917   7 1 6 1 2 4 8 16 32 799.166 802.858
 56    10.034   -63.739  3.100   3 1 6 1 2 4 8 16 32 700.556 704.390
 57    71.814    26.501  3.119  17 1 6 1 2 4 8 16 32 184.145 187.720
 58    18.842   -38.019  3.234  14 1 6 1 2 4 8 16 32 213.399 217.087
 59   -10.541   -31.305  3.176  14 1 6 1 2 4 8 16 32 308.027 311.647
 60     8.252   -91.150  3.302   7 1 6 1 2 4 8 16 32 342.882 346.404
 61    72.821   -38.916  3.255  12 1 6 1 2 4 8 16 32 276.485 280.028
 62   -30.157    38.776  3.292   5 1 6 1 2 4 8 16 32 540.500 543.970
 63   -56.256    -5.548  3.365 -11 1 6 1 2 4 8 16 32 311.603 315.323
 64    -8.398   -37.604  3.194 -17 1 6 1 2 4 8 16 32 258.736 262.482
 65    15.021    13.708  3.408   3 1 6 1 2 4 8 16 32 340.040 343.769
 66   -60.199    24.292  2.946  -7 1 6 1 2 4 8 16 32 779.468 783.182
 67   -13.794   -27.106  3.279  13 1 6 1 2 4 8 16 32 658.300 662.032
 68   -34.796   -22.205  3.385 -20 1 6 1 2 4 8 16 32 690.983 694.634
 69    69.641    83.057  3.305 -13 1 6 1 2 4 8 16 32 451.939 455.774
 70   -44.440    30.090  2.949   4 1 6 1 2 4 8 16 32 683.409 687.094
 71    48.633     3.021  3.248  -3 1 6 1 2 4 8 16 32 425.224 428.821
 72   -15.314    51.709  3.327  24 1 6 1 2 4 8 16 32 623.539 627.244
 73    36.261    26.782  3.307  23 1 6 1 2 4 8 16 32 161.715 165.218
 74    59.961    24.310  3.042  21 1 6 1 2 4 8 16 32 185.097 188.768
 75    55.304     6.628  3.431  23 1 6 1 2 4 8 16 32 361.347 365.067
 76    39.960    48.297  3.272 -10 1 6 1 2 4 8 16 32 697.279 701.098
 77   -48.895   -71.100  3.091  21 1 6 1 2 4 8 16 32 671.951 675.431
 78    -2.338   -62.909  3.428  24 1 6 1 2 4 8 16 32 270.768 274.389
 79     9.491   -41.901  3.349   9 1 6 1 2 4 8 16 32 718.733 722.564
 80   -54.675   -18.439  3.146  22 1 6 1 2 4 8 16 32 788.956 792.559
 81    10.980    -7.605  3.123   3 1 6 1 2 4 8 16 32 671.434 675.081
 82   -69.824   -50.354  3.112   6 1 6 1 2 4 8 16 32 445.151 448.616
 83   -40.308    -7.452  2.904  11 1 6 1 2 4 8 16 32 770.805 774.265
 84    62.244    43.628  3.122  10 1 6 1 2 4 8 16 32 657.127 660.587
 85    29.077    63.116  3.161  15 1 6 1 2 4 8 16 32 348.554 352.349
 86   -12.067   -21.509  3.194  -9 1 6 1 2 4 8 16 32 164.647 168.206
 87    14.728    28.906  3.365  20 1 6 1 2 4 8 16 32 297.644 301.323
 88   -63.086   -60.114  3.023  19 1 6 1 2 4 8 16 32 807.176 810.837
 89    33.655    -0.928  3.035  19 1 6 1 2 4 8 16 32 382.804 386.623
 90   -12.225    14.148  3.096  19 1 6 1 2 4 8 16 32 93.216 96.891
 91   -89.966    51.514  3.323  20 1 6 1 2 4 8 16 32 293.310 296.945
 92    -0.763    41.339  3.093  -1 1 6 1 2 4 8 16 32 605.456 609.270
 93    80.695    32.983  2.943  15 1 6 1 2 4 8 16 32 713.972 717.588
 94   -53.394   -14.240  3.203  18 1 6 1 2 4 8 16 32 541.157 544.660
 95   -53.284   -64.136  3.223   2 1 6 1 2 4 8 16 32 749.977 753.679
 96    73.260    10.669  3.290  25 1 6 1 2 4 8 16 32 752.124 755.847
 97    59.613    13.452  3.225  20 1 6 1 2 4 8 16 32 336.794 340.487
 98   -37.012     6.476  3.185 -18 1 6 1 2 4 8 16 32 768.095 771.641
 99   -53.656    21.692  3.288   8 1 6 1 2 4 8 16 32 575.417 579.195
100   -36.890    18.372  3.424   3 1 6 1 2 4 8 16 32 557.324 560.816
101    -4.608   -13.806  2.990   2 1 6 1 2 4 8 16 32 177.508 181.044
102    53.802    36.993  3.140  15 1 6 1 2 4 8 16 32 597.193 601.026
103    48.468   -66.040  3.118  21 1 6 1 2 4 8 16 32 289.132 292.704
104   -46.393   -20.929  3.124   6 1 6 1 2 4 8 16 32 282.400 285.886
105   -15.045   -40.845  3.437 -24 1 6 1 2 4 8 16 32 706.649 710.306
106   -73.621    -9.552  2.943  19 1 6 1 2 4 8 16 32 503.314 506.804
107    92.847    45.587  2.961  23 1 6 1 2 4 8 16 32 255.938 259.519
108    33.557    28.064  3.085  16 1 6 1 2 4 8 16 32 511.301 514.761
109    47.321    24.414  3.301 -16 1 6 1 2 4 8 16 32 768.309 772.007
110    -6.610   -30.157  3.066  -9 1 6 1 2 4 8 16 32 314.320 318.108
111    12.103    23.840  2.887   1 1 6 1 2 4 8 16 32 288.472 292.087
112   -61.963    26.239  3.026 -10 1 6 1 2 4 8 16 32 222.169 225.731
113    23.877     9.808  3.401  14 1 6 1 2 4 8 16 32 712.064 715.736
114    49.780     6.866  3.049  11 1 6 1 2 4 8 16 32 281.816 285.641
115   -53.021   -21.484  3.243   4 1 6 1 2 4 8 16 32 251.967 255.809
116    54.962     2.985  3.129 -23 1 6 1 2 4 8 16 32 588.094 591.915
117     4.865   -69.586  3.327  23 1 6 1 2 4 8 16 32 570.246 574.079
118    33.948    45.209  3.378  22 1 6 1 2 4 8 16 32 474.829 478.546
119   -32.166   -23.621  3.193  11 1 6 1 2 4 8 16 32 520.705 524.297
120   -17.548   -46.765  2.930  14 1 6 1 2 4 8 16 32 471.069 474.627
121    31.744    33.972  3.104  12 1 6 1 2 4 8 16 32 617.591 621.351
122    45.374    22.131  3.196  13 1 6 1 2 4 8 16 32 584.978 588.618
123    -5.219   -23.114  2.937  11 1 6 1 2 4 8 16 32 350.134 353.784
124   -51.056   -46.545  3.358   9 1 6 1 2 4 8 16 32 194.698 198.392
125    11.774    11.133  3.336   6 1 6 1 2 4 8 16 32 77.204 81.007
126   -39.758   -13.019  3.409  25 1 6 1 2 4 8 16 32 825.119 828.779
127    27.930    29.321  3.131  21 1 6 1 2 4 8 16 32 160.361 164.068
128    33.740    66.595  3.059  13 1 6 1 2 4 8 16 32 646.413 649.908
129   -91.815    29.858  3.197  23 1 6 1 2 4 8 16 32 239.540 243.306
130   -24.628   -68.701  3.406   8 1 6 1 2 4 8 16 32 478.653 482.342
131    44.659    20.465  3.265   7 1 6 1 2 4 8 16 32 525.135 528.936
132    45.447   -21.069  3.266   8 1 6 1 2 4 8 16 32 292.853 296.680
133   -37.366   -12.097  3.411  -9 1 6 1 2 4 8 16 32 104.410 107.885
134    41.998     0.153  3.152   2 1 6 1 2 4 8 16 32 377.836 381.537
135   -42.822   -30.170  3.330 -24 1 6 1 2 4 8 16 32 352.614 356.453
136    34.906    -4.578  3.352  -7 1 6 1 2 4 8 16 32 247.673 251.378
137   -65.137   -43.079  3.177  23 1 6 1 2 4 8 16 32 133.947 137.681
138    20.270    -4.999  3.044  21 1 6 1 2 4 8 16 32 466.741 470.559
139   -36.731    -8.929  2.981  12 1 6 1 2 4 8 16 32 454.363 457.882
140   -26.984   -19.568  2.891  23 1 6 1 2 4 8 16 32 126.842 130.670
141   -31.299   -83.813  3.144 -18 1 6 1 2 4 8 16 32 279.924 283.511
142   -26.794    12.506  3.263   5 1 6 1 2 4 8 16 32 508.297 511.845
143   -39.362   -58.521  3.211  15 1 6 1 2 4 8 16 32 484.947 488.545
144   -34.369     0.610  3.455  11 1 6 1 2 4 8 16 32 565.315 568.957
145    43.372     4.187  3.291  -8 1 6 1 2 4 8 16 32 685.373 688.862
146   -38.226    -9.448  3.177   2 1 6 1 2 4 8 16 32 331.443 334.963
147   -25.610   -99.237  3.282   6 1 6 1 2 4 8 16 32 567.577 571.284
148    48.059    29.517  3.124 -23 1 6 1 2 4 8 16 32 238.188 241.738
149   -43.628   -32.318  3.367  -9 1 6 1 2 4 8 16 32 730.104 733.823
150   -16.602   -29.327  3.147   1 1 6 1 2 4 8 16 32 548.990 552.733
151   -29.810   -12.408  3.173  12 1 6 1 2 4 8 16 32 742.645 746.247
152   -51.910   -28.711  3.299  17 1 6 1 2 4 8 16 32 204.303 208.080
153    -1.801   -18.671  3.391   2 1 6 1 2 4 8 16 32 445.910 449.446
154    18.738    21.399  2.909   5 1 6 1 2 4 8 16 32 475.592 479.180
155    60.120     7.788  2.987   1 1 6 1 2 4 8 16 32 687.381 691.219
156    43.079    42.017  2.952  20 1 6 1 2 4 8 16 32 216.247 219.943
157   -39.435    -5.902  3.362  19 1 6 1 2 4 8 16 32 679.795 683.289
158   -35.889   -16.034  3.003  13 1 6 1 2 4 8 16 32 260.306 264.139
159   -41.827    38.995  3.169  10 1 6 1 2 4 8 16 32 160.941 164.650
160    84.497    29.822  2.953   9 1 6 1 2 4 8 16 32 306.181 309.970
161   -17.560   -10.480  3.410 -14 1 6 1 2 4 8 16 32 536.855 540.668
162   -48.383   -48.920  3.150   4 1 6 1 2 4 8 16 32 320.183 323.908
163   -49.335   -17.969  3.328  20 1 6 1 2 4 8 16 32 521.862 525.465
164    16.095    -2.490  3.141 -17 1 6 1 2 4 8 16 32 620.669 624.267
165    65.527    14.026  3.272  19 1 6 1 2 4 8 16 32 790.500 794.052
166    -2.930    13.220  3.181  19 1 6 1 2 4 8 16 32 720.228 723.880
167   -18.768   -23.663  3.067 -16 1 6 1 2 4 8 16 32 622.048 625.721
168   -91.095   -80.737  3.224   4 1 6 1 2 4 8 16 32 174.588 178.380
169   -21.088   -13.293  3.140   1 1 6 1 2 4 8 16 32 433.472 437.065
170    46.985    17.224  3.062  21 1 6 1 2 4 8 16 32 459.515 463.141
171   -61.957   -33.038  3.452   9 1 6 1 2 4 8 16 32 714.694 718.198
172    -9.003   -25.452  2.967   2 1 6 1 2 4 8 16 32 729.528 733.249
173    33.661    -7.666  3.117  24 1 6 1 2 4 8 16 32 573.341 576.889
174   -25.592   -10.840  3.386   1 1 6 1 2 4 8 16 32 587.481 590.998
175    36.560    -2.441  3.425  21 1 6 1 2 4 8 16 32 352.022 355.667
176     7.141    24.817  2.961  13 1 6 1 2 4 8 16 32 722.899 726.635
177   -43.170   -30.487  3.317  15 1 6 1 2 4 8 16 32 524.793 528.510
178   -21.228     0.751  3.066   4 1 6 1 2 4 8 16 32 528.797 532.392
179    19.696    10.767  2.916  10 1 6 1 2 4 8 16 32 230.202 233.662
180    -6.494   -29.425  3.270  19 1 6 1 2 4 8 16 32 771.821 775.441
181    54.388     8.630  3.044   1 1 6 1 2 4 8 16 32 322.204 325.769
182    64.203    77.612  2.884  25 1 6 1 2 4 8 16 32 599.638 603.204
183    40.381     1.611  3.293   3 1 6 1 2 4 8 16 32 121.582 125.257
184   -41.711    -5.133  2.886  21 1 6 1 2 4 8 16 32 219.478 223.025
185    74.274   -19.922  3.017   7 1 6 1 2 4 8 16 32 299.891 303.648
186   -73.999   -54.626  2.969 -18 1 6 1 2 4 8 16 32 623.725 627.451
187    29.706    15.454  3.008   3 1 6 1 2 4 8 16 32 728.650 732.319
188    23.785    12.177  3.041  -1 1 6 1 2 4 8 16 32 696.680 700.332
189    42.578    45.325  2.914   2 1 6 1 2 4 8 16 32 394.211 397.678
190   -16.730   -16.559  3.103   8 1 6 1 2 4 8 16 32 405.265 408.739
191   -14.697    -0.116  3.348 -10 1 6 1 2 4 8 16 32 598.514 602.107
192   -19.769     8.392  2.883  19 1 6 1 2 4 8 16 32 161.651 165.168
193   -30.267    14.893  3.060  17 1 6 1 2 4 8 16 32 611.842 615.600
194   -63.116   -67.462  3.035  19 1 6 1 2 4 8 16 32 515.192 518.694
195    86.029    38.916  2.969  24 1 6 1 2 4 8 16 32 619.632 623.448
196    79.480   -24.866  2.887 -24 1 6 1 2 4 8 16 32 155.893 159.601
197    35.144    14.734  3.305   6 1 6 1 2 4 8 16 32 854.820 858.537
198   -49.365    -9.052  3.262  -2 1 6 1 2 4 8 16 32 194.413 197.891
199   -49.475   -17.578  3.391   7 1 6 1 2 4 8 16 32 674.043 677.520
200    57.501    16.327  3.383  10 1 6 1 2 4 8 16 32 235.903 239.592
201    54.889    12.024  3.013  13 1 6 1 2 4 8 16 32 121.355 125.103
202   -53.027   -33.179  3.343  20 1 6 1 2 4 8 16 32 493.488 497.277
203    -0.415    16.644  3.431  -1 1 6 1 2 4 8 16 32 656.533 660.334
204    21.594    16.144  3.084  17 1 6 1 2 4 8 16 32 637.202 640.846
205   -46.924   -49.261  3.213  17 1 6 1 2 4 8 16 32 249.806 253.469
206    18.457    19.733  2.988  16 1 6 1 2 4 8 16 32 236.652 240.341
207    35.822    19.763  3.387   9 1 6 1 2 4 8 16 32 826.907 830.464
208    71.869    29.034  3.266  25 1 6 1 2 4 8 16 32 585.974 589.556
209   -56.378   -42.755  3.416   1 1 6 1 2 4 8 16 32 645.394 649.015
210   -25.800    25.159  2.939  23 1 6 1 2 4 8 16 32 517.061 520.560
211    -5.676    33.850  3.383  10 1 6 1 2 4 8 16 32 362.950 366.487
212    54.041    -5.292  2.888  15 1 6 1 2 4 8 16 32 632.047 635.720
213   -63.074    27.380  3.434 -25 1 6 1 2 4 8 16 32 802.606 806.354
214   -16.864   -49.768  2.956  25 1 6 1 2 4 8 16 32 855.096 858.726
215    47.919    13.629  3.151  16 1 6 1 2 4 8 16 32 500.857 504.364
216   -10.724    -2.075  3.007   1 1 6 1 2 4 8 16 32 209.141 212.721
217   -15.067   -23.950 0.000   0 0 0 0.000 960.420
218    38.791    22.443 0.000   0 0 0 0.000 960.420
219   -41.833   -35.361 0.000   0 0 0 0.000 960.420
220   -29.523    -4.843 0.000   0 0 0 0.000 960.420
221    49.725    11.990 0.000   0 0 0 0.000 960.420
222    21.133    14.142 0.000   0 0 0 0.000 960.420
