6 4 288 6
0 170
0 170
0 170
0 170
0 170
0 170
  1    12.805     1.886  3.097  10 1 6 1 2 4 8 16 32 898.878 902.481
  2    18.213     1.373  3.271  21 1 6 1 2 4 8 16 32 400.961 404.805
  3    57.947   -48.779  3.396   8 1 6 1 2 4 8 16 32 866.039 869.809
  4   -52.429   -84.088  3.135 -23 1 6 1 2 4 8 16 32 355.376 359.129
  5    60.797   -32.593  3.118  10 1 6 1 2 4 8 16 32 235.963 239.528
  6    23.151     4.205  3.235   9 1 6 1 2 4 8 16 32 789.677 793.461
  7    25.385    22.986  3.196  21 1 6 1 2 4 8 16 32 340.234 343.973
  8    25.513   -52.985  3.289  16 1 6 1 2 4 8 16 32 372.467 376.098
  9   -49.261   -41.718  3.006 -21 1 6 1 2 4 8 16 32 86.467 90.400
 10   -37.561   -41.730  3.354   3 1 6 1 2 4 8 16 32 166.157 170.110
 11   -14.520    48.962  3.302 -24 1 6 1 2 4 8 16 32 231.733 235.691
 12    41.229   -24.500  3.477   2 1 6 1 2 4 8 16 32 350.199 353.934
 13   -21.863     0.916  3.349  -4 1 6 1 2 4 8 16 32 772.014 775.681
 14   -48.181   -16.284  3.243  18 1 6 1 2 4 8 16 32 172.849 176.467
 15    -7.776    44.348  3.304   5 1 6 1 2 4 8 16 32 508.025 511.830
 16    20.801    10.760  3.044  13 1 6 1 2 4 8 16 32 90.986 94.641
 17   -29.712   -46.326  3.416  13 1 6 1 2 4 8 16 32 158.626 162.403
 18   -20.203   -59.564  3.471 -14 1 6 1 2 4 8 16 32 652.708 656.377
 19   -87.079   -52.899  2.998  10 1 6 1 2 4 8 16 32 715.445 719.357
 20     3.046    -6.305  3.018   3 1 6 1 2 4 8 16 32 554.508 558.368
 21    11.865     5.261  3.376  -1 1 6 1 2 4 8 16 32 136.901 140.478
 22   -24.072   -55.927  3.187  11 1 6 1 2 4 8 16 32 125.819 129.507
 23   -22.803     5.658  3.181  16 1 6 1 2 4 8 16 32 665.184 668.751
 24   -51.904     9.412  3.161   6 1 6 1 2 4 8 16 32 99.216 103.118
 25    12.732   -40.967  3.431  18 1 6 1 2 4 8 16 32 334.657 338.549
 26   -30.988     7.654  3.148  11 1 6 1 2 4 8 16 32 121.283 124.861
 27    37.512     0.458  3.161 -15 1 6 1 2 4 8 16 32 819.170 823.092
 28     2.954    -8.563  3.506 -17 1 6 1 2 4 8 16 32 447.992 451.786
 29     0.549     3.644  3.550  17 1 6 1 2 4 8 16 32 428.829 432.650
 30   -52.484     9.711  3.229   1 1 6 1 2 4 8 16 32 694.867 698.638
 31    33.936   -48.718  3.113   1 1 6 1 2 4 8 16 32 842.229 845.812
 32   -13.129   -53.601  3.330  18 1 6 1 2 4 8 16 32 700.275 703.927
 33   -99.591    23.303  3.133   3 1 6 1 2 4 8 16 32 348.248 352.009
 34     6.439    -3.516  3.135 -21 1 6 1 2 4 8 16 32 251.772 255.387
 35   -14.032   -19.818  3.164  22 1 6 1 2 4 8 16 32 346.155 349.938
 36   -24.677    16.608  3.226  14 1 6 1 2 4 8 16 32 218.888 222.582
 37   -10.260   -81.769  3.547  -4 1 6 1 2 4 8 16 32 600.373 604.279
 38    35.858     5.597  3.489  17 1 6 1 2 4 8 16 32 138.792 142.400
 39   -11.603    42.908  2.995  16 1 6 1 2 4 8 16 32 788.125 791.851
 40   -34.662   -15.466  3.302  -8 1 6 1 2 4 8 16 32 74.033 77.812
 41    66.852     1.135  3.210 -14 1 6 1 2 4 8 16 32 588.912 592.648
 42     6.866    -1.416  3.187  23 1 6 1 2 4 8 16 32 257.509 261.235
 43     1.660    -2.234  3.082   1 1 6 1 2 4 8 16 32 230.300 234.249
 44    37.561    11.450  3.089  21 1 6 1 2 4 8 16 32 339.314 343.078
 45    51.672   -26.343  3.468  10 1 6 1 2 4 8 16 32 197.505 201.212
 46    19.025   -10.889  3.083  19 1 6 1 2 4 8 16 32 717.016 720.693
 47   -37.982    -6.360  2.980   6 1 6 1 2 4 8 16 32 144.349 147.933
 48   -56.537   -42.334  3.205  -4 1 6 1 2 4 8 16 32 855.939 859.884
 49     1.099   -14.624  3.427  18 1 6 1 2 4 8 16 32 322.532 326.486
 50   -56.238    -3.076  3.086  23 1 6 1 2 4 8 16 32 230.591 234.384
 51   -23.669   -15.289  3.171  25 1 6 1 2 4 8 16 32 256.609 260.496
 52   -34.277    -1.410  3.152 -17 1 6 1 2 4 8 16 32 409.847 413.625
 53   -64.178    63.812  3.078  11 1 6 1 2 4 8 16 32 568.971 572.891
 54   -47.083   -20.386  3.481  20 1 6 1 2 4 8 16 32 494.559 498.415
 55   -33.710     8.380  3.553   9 1 6 1 2 4 8 16 32 881.710 885.472
 56    34.290    26.031  3.162  23 1 6 1 2 4 8 16 32 864.539 868.392
 57   -38.861    42.114  3.418  14 1 6 1 2 4 8 16 32 300.298 304.014
 58   -92.731    44.885  3.473   7 1 6 1 2 4 8 16 32 496.746 500.436
 59    23.633    27.643  2.999  15 1 6 1 2 4 8 16 32 862.513 866.393
 60   -67.139   -67.078  3.454  22 1 6 1 2 4 8 16 32 826.958 830.842
 61    25.726   -25.836  3.561   4 1 6 1 2 4 8 16 32 99.203 103.041
 62   -40.985   -16.895  3.412  14 1 6 1 2 4 8 16 32 629.082 632.807
 63    77.008    -6.097  3.234  24 1 6 1 2 4 8 16 32 714.126 717.840
 64   -54.810    -1.935  3.303  13 1 6 1 2 4 8 16 32 682.836 686.489
 65   -53.943   -29.663  3.082   9 1 6 1 2 4 8 16 32 188.698 192.298
 66    16.089   -27.887  3.217   3 1 6 1 2 4 8 16 32 452.363 456.277
 67   -59.436    36.487  3.333  23 1 6 1 2 4 8 16 32 484.906 488.848
 68    34.473    25.391  3.243   2 1 6 1 2 4 8 16 32 297.462 301.055
 69    -9.283    -6.689  3.121  23 1 6 1 2 4 8 16 32 907.820 911.587
 70   -85.559   -20.477  3.096   8 1 6 1 2 4 8 16 32 339.767 343.484
 71    29.523    18.347  3.026 -23 1 6 1 2 4 8 16 32 856.173 860.056
 72    27.814     6.512  3.074 -13 1 6 1 2 4 8 16 32 666.912 670.813
 73    42.151   -25.580  3.332 -25 1 6 1 2 4 8 16 32 617.610 621.226
 74    82.202    85.828  3.099  25 1 6 1 2 4 8 16 32 377.863 381.735
 75   -47.766   -35.590  3.308 -20 1 6 1 2 4 8 16 32 158.983 162.697
 76    22.015   -20.349  2.980   9 1 6 1 2 4 8 16 32 249.016 252.716
 77   -55.756   -33.490  3.325  15 1 6 1 2 4 8 16 32 669.044 672.718
 78    62.006    -1.453  3.182  -4 1 6 1 2 4 8 16 32 132.805 136.474
 79    25.549    -3.796  3.459   1 1 6 1 2 4 8 16 32 132.194 135.846
 80   -43.372    -7.379  3.123   7 1 6 1 2 4 8 16 32 900.554 904.202
 81    60.297    52.637  3.273  12 1 6 1 2 4 8 16 32 671.328 675.197
 82   -96.155    34.100  3.219   5 1 6 1 2 4 8 16 32 525.349 529.304
 83   -32.806    -3.845  3.543   8 1 6 1 2 4 8 16 32 677.052 680.693
 84   -47.827   -45.203  3.443   1 1 6 1 2 4 8 16 32 330.657 334.389
 85   -31.128   -93.848  3.031  24 1 6 1 2 4 8 16 32 268.630 272.581
 86   -17.010   -21.857  3.140  23 1 6 1 2 4 8 16 32 164.559 168.352
 87    -8.386    -2.264  3.535  12 1 6 1 2 4 8 16 32 388.269 392.163
 88    35.834    13.147  3.059   2 1 6 1 2 4 8 16 32 335.162 338.923
 89    29.315    54.468  3.242  22 1 6 1 2 4 8 16 32 835.402 839.098
 90    48.352    -8.783  3.326   3 1 6 1 2 4 8 16 32 184.172 187.973
 91    -2.930    27.039  2.976  12 1 6 1 2 4 8 16 32 84.924 88.537
 92   -16.620   -55.389  3.140  16 1 6 1 2 4 8 16 32 787.855 791.693
 93   -40.851   -47.742  2.983   8 1 6 1 2 4 8 16 32 444.770 448.364
 94   -12.878    -2.039  3.051  25 1 6 1 2 4 8 16 32 774.331 778.211
 95   -51.776     7.281  3.245   6 1 6 1 2 4 8 16 32 858.659 862.272
 96   -32.922    23.828  2.973 -24 1 6 1 2 4 8 16 32 712.649 716.258
 97    13.983   -34.521  3.418  16 1 6 1 2 4 8 16 32 423.643 427.226
 98   -35.834   -23.834  3.032   7 1 6 1 2 4 8 16 32 483.635 487.382
 99    91.858     5.542  2.983   9 1 6 1 2 4 8 16 32 508.117 511.883
100   -28.442   -34.180  3.143 -23 1 6 1 2 4 8 16 32 159.157 162.930
101    33.844    27.875  3.524  24 1 6 1 2 4 8 16 32 136.351 140.272
102    98.431    31.348  3.069  19 1 6 1 2 4 8 16 32 481.251 485.065
103   -57.751   -27.753  3.327   9 1 6 1 2 4 8 16 32 204.077 208.006
104   -43.890    13.007  3.163  10 1 6 1 2 4 8 16 32 231.509 235.136
105    37.585    49.768  3.357 -23 1 6 1 2 4 8 16 32 337.200 340.853
106    -3.687     7.373  3.544  -2 1 6 1 2 4 8 16 32 826.437 830.079
107   -98.242    61.658  3.001   5 1 6 1 2 4 8 16 32 801.445 805.398
108   -23.560   -32.520  3.230 -25 1 6 1 2 4 8 16 32 490.860 494.637
109    22.980   -18.109  3.492 -17 1 6 1 2 4 8 16 32 748.678 752.444
110    43.915    -2.985  3.415  23 1 6 1 2 4 8 16 32 297.634 301.521
111    71.509    11.652  3.039  23 1 6 1 2 4 8 16 32 355.219 359.016
112   -43.011   -38.702  3.365  13 1 6 1 2 4 8 16 32 696.379 700.090
113   -83.954     2.179  3.435   2 1 6 1 2 4 8 16 32 553.687 557.281
114    11.090   -40.942  3.258  24 1 6 1 2 4 8 16 32 383.722 387.657
115    27.173   -13.330  2.997  22 1 6 1 2 4 8 16 32 201.740 205.339
116   -86.102   -59.808  3.191  20 1 6 1 2 4 8 16 32 569.617 573.474
117   -22.345   -78.278  3.089  15 1 6 1 2 4 8 16 32 151.880 155.591
118   -38.727   -33.588  3.062  12 1 6 1 2 4 8 16 32 428.488 432.286
119    -1.227   -28.668  3.109  17 1 6 1 2 4 8 16 32 919.957 923.837
120    81.329   -44.244  3.450  21 1 6 1 2 4 8 16 32 544.579 548.345
121    51.904    19.891  3.512  10 1 6 1 2 4 8 16 32 771.404 775.103
122   -34.973   -27.856  3.503   4 1 6 1 2 4 8 16 32 635.580 639.349
123   -51.483   -23.248  3.411  21 1 6 1 2 4 8 16 32 102.236 105.808
124    -0.647   -46.057  3.359   3 1 6 1 2 4 8 16 32 287.599 291.408
125    68.219   -66.986  3.158  17 1 6 1 2 4 8 16 32 482.854 486.791
126   -15.149   -25.482  3.223  19 1 6 1 2 4 8 16 32 388.705 392.464
127    22.412   -34.375  3.548 -10 1 6 1 2 4 8 16 32 344.532 348.277
128    36.176   -10.431  3.509  21 1 6 1 2 4 8 16 32 489.682 493.594
129   -23.639   -47.681  3.268  21 1 6 1 2 4 8 16 32 903.199 906.797
130   -14.722    32.684  3.436   6 1 6 1 2 4 8 16 32 546.296 549.874
131    16.821   -12.720  3.438  -8 1 6 1 2 4 8 16 32 843.426 847.337
132    93.378    23.004  3.039   8 1 6 1 2 4 8 16 32 236.064 240.015
133    40.344   -24.176  3.155  13 1 6 1 2 4 8 16 32 532.689 536.350
134     5.530    -4.901  3.420   7 1 6 1 2 4 8 16 32 216.614 220.216
135   -78.015     1.270  2.981 -11 1 6 1 2 4 8 16 32 228.251 231.921
136    51.569   -45.673  3.317  18 1 6 1 2 4 8 16 32 746.178 750.072
137    49.249   -30.896  3.143  10 1 6 1 2 4 8 16 32 793.993 797.593
138   -62.195   -21.399  3.222  25 1 6 1 2 4 8 16 32 835.858 839.702
139    -5.048     7.306  3.522  -7 1 6 1 2 4 8 16 32 775.602 779.222
140     1.727   -70.221  3.350  17 1 6 1 2 4 8 16 32 445.966 449.918
141     1.361    -3.564  3.322 -20 1 6 1 2 4 8 16 32 256.155 259.989
142   -15.521    16.425  3.092  18 1 6 1 2 4 8 16 32 477.175 480.843
143   -31.604   -60.938  3.082  21 1 6 1 2 4 8 16 32 145.402 149.340
144   -46.997   -55.560  3.501  14 1 6 1 2 4 8 16 32 347.582 351.437
145     2.301     5.536  3.456   2 1 6 1 2 4 8 16 32 518.574 522.509
146   -30.328    -0.580  3.277 -18 1 6 1 2 4 8 16 32 844.917 848.753
147   -16.821    17.664  3.488  10 1 6 1 2 4 8 16 32 562.054 565.763
148    52.655    29.034  3.403   5 1 6 1 2 4 8 16 32 747.740 751.564
149   -11.993   -83.771  3.466  15 1 6 1 2 4 8 16 32 499.692 503.273
150    41.632    43.048  3.148  17 1 6 1 2 4 8 16 32 218.216 222.024
151     8.508    -2.539  3.266  12 1 6 1 2 4 8 16 32 669.937 673.714
152    31.512    -8.978  3.251  14 1 6 1 2 4 8 16 32 842.560 846.236
153    -3.339   -36.243  3.431   3 1 6 1 2 4 8 16 32 535.713 539.523
154   -26.379    13.776  3.226   7 1 6 1 2 4 8 16 32 768.623 772.557
155    28.430    10.571  3.013  21 1 6 1 2 4 8 16 32 576.232 579.888
156     5.975    27.289  3.417   7 1 6 1 2 4 8 16 32 871.751 875.481
157   -32.135   -45.068  3.391   5 1 6 1 2 4 8 16 32 602.217 606.142
158    31.097    -7.916  3.484 -24 1 6 1 2 4 8 16 32 878.375 882.145
159    28.198   -29.755  3.335  13 1 6 1 2 4 8 16 32 726.759 730.717
160   -39.612   -33.594  2.995  18 1 6 1 2 4 8 16 32 187.444 191.205
161   -19.220    -5.133  3.220  19 1 6 1 2 4 8 16 32 269.197 273.102
162   -10.114    69.977  3.532  22 1 6 1 2 4 8 16 32 121.549 125.248
163    22.894   -44.348  3.225 -13 1 6 1 2 4 8 16 32 394.187 397.966
164   -34.741     0.580  3.515  10 1 6 1 2 4 8 16 32 178.679 182.362
165   -44.952   -77.734  3.022   4 1 6 1 2 4 8 16 32 709.562 713.423
166   -23.749   -56.012  3.337  17 1 6 1 2 4 8 16 32 114.577 118.169
167    69.073   -97.125  3.095  -2 1 6 1 2 4 8 16 32 567.970 571.792
168    12.170   -59.869  3.487  18 1 6 1 2 4 8 16 32 599.116 603.044
169    47.339    17.365  3.248   2 1 6 1 2 4 8 16 32 842.912 846.543
170    -4.706    14.056  3.367 -18 1 6 1 2 4 8 16 32 127.062 130.665
171   -52.374   -50.244  3.319  13 1 6 1 2 4 8 16 32 707.941 711.728
172    39.215   -29.773  3.031 -24 1 6 1 2 4 8 16 32 503.637 507.223
173   -42.316   -60.602  3.372  25 1 6 1 2 4 8 16 32 234.334 238.230
174    19.135    41.150  3.258  -2 1 6 1 2 4 8 16 32 316.964 320.807
175   -54.706   -17.596  3.076  -2 1 6 1 2 4 8 16 32 457.039 460.694
176    11.737   -83.173  3.467   7 1 6 1 2 4 8 16 32 246.924 250.688
177   -40.582   -53.247  3.340  23 1 6 1 2 4 8 16 32 676.995 680.896
178    -6.421    21.967  3.337  21 1 6 1 2 4 8 16 32 118.689 122.530
179   -31.268   -34.613  3.301  18 1 6 1 2 4 8 16 32 394.087 397.782
180    -3.668   -26.868  3.312  21 1 6 1 2 4 8 16 32 778.388 782.180
181    13.409   -22.302  3.353  23 1 6 1 2 4 8 16 32 69.711 73.311
182   -95.892   -86.322  3.195  16 1 6 1 2 4 8 16 32 454.788 458.366
183    88.983   -53.387  3.444 -22 1 6 1 2 4 8 16 32 143.787 147.444
184   -55.048   -32.538  3.437  11 1 6 1 2 4 8 16 32 660.238 663.975
185    27.850   -10.028  3.169  22 1 6 1 2 4 8 16 32 778.049 781.980
186    40.918   -36.090  3.436  10 1 6 1 2 4 8 16 32 531.198 535.070
187   -58.350    15.814  3.182 -15 1 6 1 2 4 8 16 32 382.450 386.019
188   -52.161   -74.725  3.152  23 1 6 1 2 4 8 16 32 768.387 772.316
189   -66.772   -34.943  3.101  -7 1 6 1 2 4 8 16 32 110.458 114.189
190   -33.374   -62.024  3.393   1 1 6 1 2 4 8 16 32 837.482 841.346
191    -8.649    31.708  2.973  21 1 6 1 2 4 8 16 32 387.750 391.517
192   -26.166   -56.152  3.089  11 1 6 1 2 4 8 16 32 75.115 78.893
193   -39.874   -53.375  3.370  -2 1 6 1 2 4 8 16 32 586.675 590.473
194    71.643   -36.981  3.305  24 1 6 1 2 4 8 16 32 591.919 595.813
195   -96.924     8.411  3.527  25 1 6 1 2 4 8 16 32 615.842 619.479
196    -2.911    36.200  3.022  17 1 6 1 2 4 8 16 32 636.028 639.718
197   -53.253    14.099  3.127  10 1 6 1 2 4 8 16 32 793.362 797.225
198    67.316   -39.734  3.294 -18 1 6 1 2 4 8 16 32 381.592 385.280
199    -6.525    11.975  3.297  -2 1 6 1 2 4 8 16 32 850.020 853.959
200    16.425    33.221  3.168  12 1 6 1 2 4 8 16 32 691.807 695.485
201   -19.061   -56.921  3.246   4 1 6 1 2 4 8 16 32 84.302 88.136
202    25.189   -21.045  3.316   1 1 6 1 2 4 8 16 32 655.035 658.917
203    37.854    -5.524  3.320   1 1 6 1 2 4 8 16 32 680.258 684.093
204   -16.479    48.657  3.335   6 1 6 1 2 4 8 16 32 220.252 223.874
205     2.344   -16.516  3.274  22 1 6 1 2 4 8 16 32 204.970 208.821
206   -48.621   -12.390  3.373  25 1 6 1 2 4 8 16 32 229.829 233.726
207   -42.621   -50.006  3.346  21 1 6 1 2 4 8 16 32 164.226 168.164
208    16.016    11.169  3.274  18 1 6 1 2 4 8 16 32 518.745 522.652
209   -80.408   -60.583  3.186  14 1 6 1 2 4 8 16 32 151.691 155.568
210   -95.068    44.293  3.314  21 1 6 1 2 4 8 16 32 820.052 823.755
211    -6.885    24.884  3.171  -4 1 6 1 2 4 8 16 32 640.828 644.469
212    -4.803    21.674  3.301  -1 1 6 1 2 4 8 16 32 563.492 567.323
213     7.037   -45.337  3.037  18 1 6 1 2 4 8 16 32 266.918 270.628
214    31.293   -39.905  3.042  -4 1 6 1 2 4 8 16 32 845.663 849.359
215    14.984    26.172  3.212   4 1 6 1 2 4 8 16 32 212.902 216.854
216    33.203   -52.289  3.425   5 1 6 1 2 4 8 16 32 778.109 781.993
217   -59.277    39.667  3.283  15 1 6 1 2 4 8 16 32 863.746 867.537
218    30.054   -36.823  3.009   5 1 6 1 2 4 8 16 32 334.233 337.903
219     9.351   -39.044  3.420  22 1 6 1 2 4 8 16 32 284.895 288.551
220   -10.651    54.431  3.388 -21 1 6 1 2 4 8 16 32 762.284 766.047
221    20.856   -26.465  3.319  17 1 6 1 2 4 8 16 32 142.648 146.237
222    19.617    17.865  3.537   8 1 6 1 2 4 8 16 32 402.637 406.435
223   -36.981   -92.950  3.222   4 1 6 1 2 4 8 16 32 812.910 816.693
224    -3.760    59.875  3.014   4 1 6 1 2 4 8 16 32 266.034 269.820
225    11.682   -63.336  3.062  16 1 6 1 2 4 8 16 32 354.158 357.750
226     4.468   -36.133  3.503   5 1 6 1 2 4 8 16 32 499.550 503.319
227    47.040   -41.254  3.402  15 1 6 1 2 4 8 16 32 132.233 135.931
228    29.938   -58.710  3.424  25 1 6 1 2 4 8 16 32 257.361 260.983
229   -70.569    -7.037  3.379  15 1 6 1 2 4 8 16 32 202.805 206.514
230    56.262     1.819  3.257   7 1 6 1 2 4 8 16 32 424.892 428.685
231    46.210   -53.522  3.381  19 1 6 1 2 4 8 16 32 695.782 699.454
232     6.366   -14.264  3.502  11 1 6 1 2 4 8 16 32 727.203 730.975
233   -34.540   -39.502  3.383  13 1 6 1 2 4 8 16 32 774.305 778.152
234   -50.537    28.357  2.998  24 1 6 1 2 4 8 16 32 285.265 288.858
235   -61.444   -10.901  3.068   4 1 6 1 2 4 8 16 32 764.688 768.391
236   -30.823    17.902  3.374  13 1 6 1 2 4 8 16 32 892.401 896.343
237    49.658    24.469  2.972   6 1 6 1 2 4 8 16 32 457.507 461.211
238   -69.775   -41.406  3.239   4 1 6 1 2 4 8 16 32 765.020 768.792
239   -18.939    57.690  3.235  12 1 6 1 2 4 8 16 32 823.093 826.946
240   -22.449    15.771  3.557   4 1 6 1 2 4 8 16 32 775.924 779.849
241    -7.599    37.030  3.214   4 1 6 1 2 4 8 16 32 317.031 320.836
242    27.435    17.554  3.491 -25 1 6 1 2 4 8 16 32 105.263 108.939
243    45.526    -5.127  3.478  25 1 6 1 2 4 8 16 32 371.689 375.457
244   -33.551   -25.586  3.284 -14 1 6 1 2 4 8 16 32 675.121 678.893
245    -4.645    53.754  3.060  25 1 6 1 2 4 8 16 32 391.312 395.151
246   -41.119   -13.361  3.196  13 1 6 1 2 4 8 16 32 436.246 440.095
247    23.010   -45.703  3.306  13 1 6 1 2 4 8 16 32 156.052 159.812
248    17.230     5.096  3.093  11 1 6 1 2 4 8 16 32 594.204 597.824
249    -6.818   -19.873  3.303  24 1 6 1 2 4 8 16 32 484.143 487.917
250    52.966    51.410  3.172   5 1 6 1 2 4 8 16 32 275.179 279.126
251   -28.662   -50.940  3.153  12 1 6 1 2 4 8 16 32 134.453 138.271
252    69.684   -51.520  3.282   4 1 6 1 2 4 8 16 32 152.393 156.202
253    36.884   -17.371  3.281   5 1 6 1 2 4 8 16 32 772.814 776.641
254   -19.659    42.035  3.538  24 1 6 1 2 4 8 16 32 514.857 518.509
255    72.125    65.405  3.353  17 1 6 1 2 4 8 16 32 621.730 625.487
256   -71.368    59.863  2.971   4 1 6 1 2 4 8 16 32 798.681 802.332
257    18.317   -37.750  3.293  -1 1 6 1 2 4 8 16 32 188.808 192.700
258    18.121     0.482  3.386  19 1 6 1 2 4 8 16 32 300.340 304.040
259    -1.105   -30.676  3.256  -7 1 6 1 2 4 8 16 32 740.668 744.466
260   -44.574   -44.055  3.284  24 1 6 1 2 4 8 16 32 184.340 188.053
261   -28.058   -59.436  3.506  10 1 6 1 2 4 8 16 32 464.362 467.930
262    -7.953     4.639  3.525 -13 1 6 1 2 4 8 16 32 177.581 181.485
263   -37.366   -28.528  2.996  24 1 6 1 2 4 8 16 32 589.657 593.542
264     4.388   -38.489  3.320   3 1 6 1 2 4 8 16 32 848.742 852.379
265   -44.592   -35.333  3.196  14 1 6 1 2 4 8 16 32 902.524 906.143
266   -56.714   -39.252  3.012   2 1 6 1 2 4 8 16 32 333.536 337.384
267    13.452   -32.159  3.315  24 1 6 1 2 4 8 16 32 761.997 765.821
268   -20.343   -11.182  3.270  11 1 6 1 2 4 8 16 32 182.876 186.812
269     3.436   -52.734  3.400   5 1 6 1 2 4 8 16 32 417.279 420.887
270    40.576   -54.492  3.344  14 1 6 1 2 4 8 16 32 835.638 839.255
271    31.952   -25.421  3.189 -21 1 6 1 2 4 8 16 32 613.909 617.539
272   -57.434    38.525  3.178  14 1 6 1 2 4 8 16 32 605.440 609.029
273    47.510   -42.035  3.070 -15 1 6 1 2 4 8 16 32 794.468 798.349
274   -28.143   -41.614  3.366  -3 1 6 1 2 4 8 16 32 431.557 435.187
275    -2.258    -5.078  3.017  15 1 6 1 2 4 8 16 32 385.098 388.709
276   -27.167   -27.936  3.025  15 1 6 1 2 4 8 16 32 752.605 756.381
277   -24.048   -47.192  3.491 -21 1 6 1 2 4 8 16 32 409.555 413.501
278   -77.521   -55.084  3.413  17 1 6 1 2 4 8 16 32 691.349 695.200
279   -62.036   -43.439  3.526  18 1 6 1 2 4 8 16 32 211.300 214.874
280   -71.936   -20.160  3.444  15 1 6 1 2 4 8 16 32 791.945 795.557
281   -66.504   -39.789  3.250  19 1 6 1 2 4 8 16 32 612.419 616.324
282    14.587    48.444  2.994   9 1 6 1 2 4 8 16 32 854.625 858.339
283    31.366   -29.462  3.505  10 1 6 1 2 4 8 16 32 573.922 577.869
284     6.512   -46.124  3.356  13 1 6 1 2 4 8 16 32 530.337 534.049
285     9.650    39.508  3.248  25 1 6 1 2 4 8 16 32 480.893 484.777
286    16.040    16.681  3.418   1 1 6 1 2 4 8 16 32 530.243 534.010
287     7.745   -75.378  3.222  11 1 6 1 2 4 8 16 32 169.893 173.582
288   -27.173    -4.462  3.467  25 1 6 1 2 4 8 16 32 303.379 307.199
289   -40.198   -12.781 0.000   0 0 0 0.000 990.110
290   -40.488   -35.864 0.000   0 0 0 0.000 990.110
291    -1.193     2.515 0.000   0 0 0 0.000 990.110
292    18.329   -35.468 0.000   0 0 0 0.000 990.110
293    23.746    -0.522 0.000   0 0 0 0.000 990.110
294   -46.396   -39.923 0.000   0 0 0 0.000 990.110
